          0
        255
        121
         80
        130
          0
        255
        212
        255
        213
        196
        125
        138
        255
        255
        151
         72
        255
         53
          0
         38
        118
        155
          0
          0
         67
        255
         26
        113
          0
        255
          0
          2
        148
          0
          4
        100
         48
         27
          0
        255
        213
        255
         24
        254
         25
        127
         70
        255
        103
          0
          0
        100
         65
          0
          0
        161
        129
        255
        182
          0
          0
        241
          0
         54
        255
         61
        177
         80
          5
        255
        255
        255
         37
        255
         25
        255
        227
         75
        121
        255
          0
         94
         16
          0
          0
         74
         30
        147
          0
        255
         47
        255
          0
        255
          0
         49
        134
        130
        252
        167
          0
         47
          0
        255
        201
        222
         70
        160
        255
        255
        187
        255
        255
          0
         18
        149
          0
          0
         56
        127
          0
        255
          0
        255
         47
          0
          0
          0
         64
          2
        255
        140
          0
          0
        102
        255
          0
        255
          0
         64
        255
        255
         88
        255
          0
          0
          0
        133
          0
         67
          0
        150
          3
        255
          0
        255
         85
          0
          0
          0
        255
          0
         13
         52
          0
          0
         55
          0
        186
        255
         17
         76
        212
        133
        168
          0
        255
        230
          0
         26
        211
          0
         31
        114
        127
         87
         80
          0
        109
        255
          0
          0
        255
        150
          0
         87
          0
          0
          0
        150
         58
         30
         48
        161
        135
          0
        190
        255
        255
          0
        255
          0
        116
         45
          0
          0
          0
         12
         33
          0
          0
        255
          0
          0
        162
        112
        184
        152
          0
        255
         86
        255
        160
        174
          0
        255
        255
          0
         36
        255
          0
        255
          0
        131
         60
        144
          0
        137
          0
        255
        113
        158
          0
          0
          0
          0
        255
          0
         35
         34
          0
          0
        228
          0
          0
        255
         88
          4
        194
        255
         17
        255
        255
        119
          0
         30
        214
          0
         18
        138
          0
        255
         45
        147
         45
          0
        255
          0
          0
          0
        255
          8
         24
        255
        255
        255
        119
        255
        139
        155
        255
        255
        105
        255
         36
          0
         93
         51
         75
        255
         11
        160
          0
        133
         31
        143
          0
        255
          0
         59
        255
        111
          0
        123
          0
         95
        255
        255
        178
          0
         27
        255
        255
        255
        193
        200
        255
        128
         49
        194
        146
        255
          0
        148
          0
        255
        115
        137
         55
          0
          0
         97
         47
         43
         12
          0
          0
        137
         91
          0
        116
        255
         28
        155
        255
        130
        197
        255
          0
        150
         59
        156
         75
        255
         73
          0
          0
        255
         75
        255
         55
        255
          0
          0
         85
         34
        255
          3
          0
        255
        255
          0
        158
          0
        126
        255
        255
        255
         53
        148
        202
          0
          0
         91
         82
        255
          0
          0
          0
        103
         37
        255
          0
        255
          0
          0
          0
         48
        221
        163
          0
          0
          0
        255
        136
          9
          0
         55
        255
         27
         13
        255
        181
          0
         18
          0
        176
        176
          0
          0
         73
        255
         84
          0
          0
          0
        255
        175
        255
         91
          0
         62
          0
        255
        255
          0
          0
        255
          1
        255
        255
        255
          0
        255
        255
        177
          0
        168
        126
          0
          0
          0
          0
        238
        200
        255
        255
          0
          0
          0
        255
         58
          2
        108
          0
         29
          0
        255
        152
        255
          0
          0
         43
        255
        138
        209
        167
          0
          0
        217
        169
          0
          4
        158
          0
        255
          0
        255
          0
        179
          0
        220
        247
          0
         45
          0
          0
        255
         42
        255
         64
         57
        111
        109
        255
        255
         23
        255
          0
         30
        255
         98
         17
          0
          3
          0
          0
          0
          0
        255
          0
          0
          0
          0
          8
          0
        255
        140
         24
          0
          0
          0
         91
         91
          0
         57
        255
        255
        175
        255
          0
         72
        255
          0
        108
          0
          0
          9
          0
        205
        132
        255
        255
          0
          0
          0
        255
          0
          0
         84
          0
          0
          0
        255
        122
          0
          0
        182
          0
          0
        168
        255
        255
          0
          0
        183
         69
        255
         16
          0
          0
        140
        109
        255
          0
          0
          0
          0
        255
         73
        251
          0
         33
        209
        255
          0
          0
          0
         73
        230
        255
        255
         79
        113
          5
        255
          0
        148
         52
          0
          0
          0
        126
        255
        108
        210
          0
         70
        223
        216
          0
          0
        112
         12
         25
        147
        147
        255
          0
        255
          0
         68
        255
         44
         65
        255
        210
          0
          0
        151
          0
        255
          0
          9
          0
        255
          0
        255
         74
          0
        205
          0
         31
          0
        255
          0
          0
        255
        191
        255
        182
          4
          0
          0
        255
        152
         44
        255
         16
          0
          0
         74
         13
        193
         35
         37
         30
        255
        201
        203
        246
          0
          0
         53
          0
        100
         26
          0
          0
        175
         34
        105
          4
          0
         70
          0
        255
          0
        127
        255
          0
        255
        255
        166
         10
          0
          8
          0
        177
        255
        197
        255
        139
        210
        255
          0
        178
         66
          0
          0
         70
          0
         58
          0
          0
        202
          0
         15
        255
        167
         29
          0
          6
          0
        255
        191
         91
        255
          2
          0
        174
        255
        122
        255
         55
        255
        129
          0
         84
          0
        255
          0
          0
        241
        255
        255
          0
        196
          0
        255
        255
        255
        145
         25
        255
          0
          0
         71
         87
          0
          0
          0
        255
          0
         83
          0
          0
          0
         31
          0
        255
          0
          4
          0
          0
        254
         21
          0
          0
         74
         10
        113
         79
        255
         25
        214
          0
          0
         13
        231
         99
          0
          0
          0
          0
         32
        225
         59
        255
         62
          0
          0
        250
        109
          0
          0
         28
        255
        255
        255
        135
        255
         59
          0
        199
        255
         51
        255
        147
          0
          0
          0
         27
          0
          0
         61
        199
          0
          0
        255
          0
         56
          0
          0
        255
        152
        255
          0
          0
        175
        130
          0
        113
        137
          0
          0
         60
        255
        113
         10
        255
        131
          0
        117
        115
        240
        105
         38
        246
        207
        218
        172
          0
          0
        255
         41
        255
         72
        214
          0
         35
          0
          0
        255
        117
        255
         71
        226
        255
        255
        166
        255
          0
          0
         39
          0
        164
          0
         14
          8
        171
        255
        175
        145
        255
        255
        255
         18
         60
          0
          0
          0
         60
          0
        127
          0
         39
        255
          0
        255
         47
        255
        112
         85
         61
          0
          0
        113
        181
          0
          0
          0
         18
        255
        134
        255
          0
         92
        250
         23
        255
         63
        255
          0
          0
         15
        172
        245
          0
        214
          0
        226
          0
          0
          0
         66
         21
         17
          0
        242
         52
          0
          0
          0
        213
        236
          0
          0
          0
        255
          0
        110
        250
        136
          0
          0
          0
          0
        170
        232
        135
        255
          0
          0
          0
        246
        116
         65
        241
          0
          0
          0
          0
        255
          0
        156
          0
        255
          0
        181
          0
        255
          0
          7
          0
        162
          0
          0
          0
          0
        255
        255
          0
        255
        137
         78
        158
        255
         72
        178
        255
          0
          0
         53
        131
        255
         56
          0
          0
        255
         51
        220
          0
        255
        255
          0
        107
         81
        214
          0
         56
        197
         73
          0
        189
        255
         57
        160
        114
          0
          0
        255
        255
        255
          0
          0
        112
        255
          0
          0
          0
        255
        188
        255
        201
        255
        255
          0
        255
        125
        255
          0
          0
         15
        255
        255
        207
          0
          0
        180
        255
        255
         78
        167
          0
          0
          0
        243
         18
          0
          0
          0
          0
        255
        187
        104
        255
        145
          0
         32
        214
          0
        152
          0
          0
          0
          0
          0
        226
        255
          0
        255
        255
        255
        170
        255
        173
          0
         15
        239
         13
          0
          0
          0
          0
         15
        229
          0
          0
          0
        186
         48
        255
          0
          0
          0
          0
        172
        131
          0
        173
        255
        137
          0
        255
         75
        102
         61
          0
         93
          0
        190
         48
          0
          0
          0
        104
        255
        217
        255
          0
        255
          0
          0
          1
          0
          0
         21
         12
          0
        255
        157
        214
          0
         23
        255
         89
          0
          0
        255
        255
          0
          0
        116
          0
        255
          0
          0
          0
         80
         20
        255
         78
          0
        176
          0
        255
        100
        255
         34
          0
        255
        255
        255
          0
        255
          0
         89
          0
        255
          0
        172
        224
         49
          0
        203
         88
        234
         25
          0
          0
          0
        244
        255
          0
        255
          0
          0
        255
         58
          0
          0
          0
          0
          0
        255
         30
          0
         23
         71
        170
        255
         19
        255
        255
         70
          0
         96
         49
        255
          0
          0
         80
        255
          0
        255
          0
          0
          0
          0
          0
        151
        238
         20
        117
        255
        124
        255
         99
        255
        130
        172
        255
          0
        187
        252
          0
          0
        255
         96
          0
          0
          0
          0
          0
        255
          0
        255
          0
          0
        108
          0
          0
        136
        255
        101
        109
          0
          0
        255
        121
        255
         59
        139
        255
        255
          7
        255
        217
        195
          0
        109
          5
         15
          0
          0
          0
        249
          0
        215
        191
          0
        217
        191
        255
          0
         28
          0
         41
        232
        255
          0
         19
         36
         80
        213
        255
        191
         27
         50
         65
        224
        255
        112
          5
          0
          0
          0
          0
        255
        236
        255
        204
          0
         80
        205
        138
          9
        255
          7
          0
          0
        255
        255
        100
          0
          0
        145
        255
         11
        109
        186
          0
          0
        229
        156
          0
          0
         38
          0
         86
        255
        227
          0
        107
          0
          0
          0
        236
         93
          0
         42
         68
        255
         65
        255
          0
        255
          0
          0
          0
          0
         32
        176
        230
         80
        218
         81
         95
        255
         23
          0
         70
          0
          0
        255
          0
        255
         59
          7
          0
          0
        255
          0
          0
        255
          0
          0
         32
         37
         98
          0
        255
        255
        193
        255
          0
         81
          0
          0
        116
        255
         46
         19
         23
        255
        122
          0
        163
        143
          0
          0
          0
         46
        134
          0
          0
        125
        255
          0
         88
          0
         66
        255
        255
        157
          0
        255
        255
          0
         77
        255
         60
          0
          4
          0
        147
         79
        188
        255
          0
          0
        232
         20
        234
        214
          0
          0
         31
        136
        255
        255
          0
        255
          0
          0
         32
        255
         13
         24
        255
          0
        102
        202
         19
          0
          0
          0
          0
          0
         95
        116
        198
        248
        255
          0
        255
          0
        255
         78
          0
          0
        135
          0
        241
        255
          0
         95
        255
        255
        208
         82
        202
        205
          0
        138
          0
          0
         47
          7
          0
        255
        141
         73
          0
          0
          0
         15
        249
         62
          0
          0
          0
         49
         38
        255
        150
          0
         89
          0
        128
         77
         39
        197
         42
          0
          0
        152
          0
          0
          0
          0
        252
        255
        196
         48
        165
          0
          0
          0
        255
        164
          0
          0
          0
        255
        111
        222
        209
        255
         38
         43
        214
          0
        133
        255
          0
          0
         59
        139
         46
          0
          0
          0
          0
          0
          0
          0
          0
          0
        255
          0
          0
        115
        255
          0
         23
        255
          0
        255
          8
         62
          0
        255
        255
        255
          0
        255
        255
        251
          0
        255
         31
          0
         57
         54
          0
        255
          0
         55
        255
          0
        166
          0
          0
          0
        209
          0
        114
        255
        255
          0
         30
          0
          0
         32
        255
        226
         94
        255
         41
         95
        238
        255
         89
         86
         63
          0
          0
        233
         98
          0
         38
          0
        255
          0
          6
         62
          0
         35
        110
          0
          0
          0
         84
        139
        140
        115
        255
        179
         38
        255
        255
        222
          0
        177
        113
          0
          0
          0
        101
        123
          0
         54
          0
          0
          0
          0
        191
          0
         96
          0
          7
        228
        255
        255
          0
        255
         26
          0
        106
        150
        209
        255
          0
         84
         26
        134
          0
        208
         56
          0
         19
         83
          0
         21
        255
        222
        255
         25
        213
        112
         82
          0
          0
         49
        255
        102
        176
          0
          0
        255
          0
        255
        122
        255
          0
          0
          0
        242
        135
          0
         25
          0
          0
          0
        248
         54
         51
        255
        172
          0
        255
          0
        255
          0
          0
        236
         84
         28
          0
        255
        103
         60
        255
          0
          0
        240
        255
        255
        255
        255
        145
        121
          0
          0
          0
        255
          0
        255
         35
          0
        255
          0
        255
          2
          0
         49
          0
          0
        222
        255
         95
        179
          0
        255
        255
         53
         52
        255
          0
          0
          0
        215
        206
          8
         44
          0
         44
        255
        151
          0
          0
          0
          0
          0
        215
        163
        255
         23
         82
        127
        255
         22
        133
          0
          1
        178
        255
        255
         11
          0
        255
         54
          0
          0
        160
        170
          0
          0
         89
          0
         69
        255
        116
        255
        255
         36
         35
         28
        249
         43
          0
          0
        196
          0
        191
        198
         19
        197
        255
        242
         57
        255
        237
          0
          0
        255
        107
          0
         36
          4
        185
        255
          0
        253
          0
          0
         58
         53
        255
         62
        177
         54
         60
          0
          0
        255
         63
          0
         33
        255
        158
          0
         43
        255
          0
          0
          5
          0
         78
          0
         37
          0
          0
        164
        133
        187
          0
          0
          0
          0
        128
         35
          0
          0
         86
          0
          0
        255
        151
         12
         83
         32
        124
        132
          0
        255
        233
          0
          0
         52
          0
        255
         58
          2
        146
        215
          0
          0
          0
        255
        183
        199
          0
          0
        219
          0
         61
          7
        255
          0
        153
        255
          0
          0
        255
        236
         37
        255
          0
          0
          0
        157
         21
        255
          0
          0
          0
        255
        228
         68
         85
          0
          0
          0
        255
          0
          0
          0
         66
        255
        255
        106
         42
        131
          0
          0
         25
          0
          0
        255
        255
          0
         64
        200
        152
          0
          0
          0
          0
        255
        196
        216
         83
        255
          0
          0
          0
          0
        255
         67
         75
        255
        255
          0
          0
         75
          6
        119
        255
        182
         93
        255
         62
          0
          0
         67
        139
        255
          0
          0
         51
          0
          0
        255
         62
        255
        255
          0
        255
         97
          0
         88
         96
          0
        255
          0
        215
         87
          0
        255
        255
        255
         65
        255
          0
          0
          0
          0
        121
         94
         95
          0
          0
        255
        125
        255
          0
          0
        255
        217
        255
         42
          0
         11
          0
          0
         63
        255
         76
        223
        168
        245
        187
          0
        196
        255
          0
        255
         19
         40
        157
          0
          0
          0
        255
        166
         73
        255
          0
          0
          0
          0
        226
          0
         17
          0
          0
          0
        255
        255
         48
        193
          0
          0
        255
        255
         81
         48
          0
          0
          0
          0
         63
          0
         16
          0
        255
        255
         69
        255
          0
          0
          0
          0
        127
         11
        255
          0
          0
          0
        179
        255
         56
          0
          0
          0
        253
          0
        105
        175
        197
          0
          0
          0
          0
        245
        103
         10
          0
        255
        115
        255
        255
         22
          0
          0
          0
          0
          0
         63
          0
        255
         81
        255
          0
        197
         35
          0
        255
          0
         15
        207
          0
          0
          0
        157
          0
          0
          0
         33
        142
          0
         89
        255
          0
         44
          0
          0
        255
          0
          0
          0
          0
        255
        174
          0
         87
         56
         84
        255
        255
        255
         67
        255
        255
         40
          0
          0
        134
        234
         85
          0
          0
        160
        211
        146
        126
          0
          0
        113
          0
          0
        255
         35
         60
          0
         55
          0
         84
        177
         89
         15
        255
        255
        130
        255
         80
        255
        255
          0
         64
        255
          0
          0
          0
        221
         55
        181
        131
          0
        255
          0
         73
        182
          0
          0
          0
        199
          0
        255
         16
        255
         78
          0
        171
        130
          0
        255
        176
          0
          0
        200
          0
        247
         10
         31
        205
        255
        209
        255
          0
        255
          0
          0
        135
          0
        255
          0
          0
        200
          0
        107
        198
        155
         64
        248
        255
          0
          0
        255
        239
        255
          0
        249
         25
        165
          0
         53
          0
         59
         27
        241
         97
        211
          0
          0
          0
         87
        255
          0
          0
        199
         57
          0
          0
          0
         19
         93
          0
          0
         55
        255
          0
          0
          0
          0
          0
         49
          0
          0
          0
        255
          0
        216
          0
          0
          0
          0
          0
         30
          0
         57
          0
         78
        107
         75
          0
        198
         99
          2
        168
        255
        112
          0
        255
          0
          0
        217
          0
        109
         30
          6
          0
          0
        215
        236
        202
        101
        134
          0
        133
          0
        255
          0
          0
        142
          0
        255
         97
        119
         27
        166
        217
         13
        126
        255
         36
          0
          0
         38
         20
         32
          5
         10
        128
        255
        140
        255
        197
        255
          0
          0
        255
        122
          0
          0
          0
          2
        146
        255
        216
          0
         54
          4
         25
        255
        114
        255
         16
        164
        251
          0
         73
         24
         59
          0
          0
        255
        115
        255
          0
          0
        138
          0
        159
          0
          0
          0
          0
        255
        255
        255
        223
        255
          0
        255
         85
          0
         48
        255
        245
         91
          0
        168
         38
          0
          0
          0
          0
          0
        121
        133
         12
        101
        255
          0
        255
        128
          0
         40
          0
          0
        131
          0
          0
        160
          0
          2
          0
        255
          0
        255
        255
          0
         38
        248
         68
        255
          1
         21
          0
          0
         69
         81
        254
        255
        255
        161
        255
         91
         37
          0
          0
        255
        185
        120
        199
        255
        114
        255
        255
          0
        201
        102
         11
        114
          0
          0
         31
          0
          0
         26
        146
        109
        180
        255
          0
          0
          0
          0
        167
         73
        255
          0
          0
          1
          0
          0
        186
        236
          0
        255
        255
          0
        158
        255
          2
        106
          0
         76
         65
          0
         76
         77
        140
          0
          0
         79
        228
          0
        255
          0
        112
        197
          0
          0
          0
         57
        114
          0
        137
          0
        116
        255
        139
        255
        113
        255
         93
          0
        216
          0
          0
          0
          0
         62
          0
        255
        190
        255
        112
          0
        228
          0
         23
          0
        255
          0
         36
        200
         94
          0
          0
          0
         82
        214
        255
          0
         87
        255
          0
        107
          0
        199
        111
          0
         27
         68
          0
         39
        172
          0
         54
          0
        255
          0
          0
        169
          4
          0
          0
        255
        255
          0
        139
        255
          0
        255
        185
        121
        122
        255
        190
          0
          0
          0
        129
          0
         85
          0
          0
        255
         85
        255
          0
          0
          9
          0
        255
        188
        207
          0
          0
          0
        198
         55
        117
          0
         33
        176
        255
        255
         87
        255
        255
         93
        255
        247
         55
          0
          0
         80
        171
        255
        226
        255
         86
        255
          0
          0
        255
          0
          0
          0
          0
        255
          0
          1
          0
          0
         26
        212
        255
        255
        199
        255
         23
          0
          0
          0
          0
        255
         73
         25
          0
        255
          0
        255
         10
         14
          0
        215
        255
         67
         27
          0
          0
        255
        171
          0
        178
        255
         35
        255
        255
        255
         74
        255
          0
        149
          0
          0
          0
          0
          0
         49
        153
        194
        126
        255
          0
          0
          2
          0
        255
         61
        255
          0
          0
        243
         40
          0
        149
        255
         66
        255
        255
        131
          0
        255
          0
          0
          0
        226
          2
        255
         42
          0
          0
        235
        152
        255
        239
          0
        172
          0
        255
        113
          0
          0
          0
        255
        255
          0
        223
        255
          0
        137
        255
        198
        209
        255
        255
          0
          0
        255
          7
          0
          0
         61
          0
         73
        194
          0
          0
          0
        255
        229
        141
         70
          0
          0
          0
          0
        255
          0
        188
        255
         33
          2
        255
        127
        116
        255
        173
          0
        255
          0
         80
          0
         32
         41
        255
        255
        153
          0
          0
        255
          0
        187
        183
          0
        213
          0
         37
        255
        255
          0
          0
        255
         70
        127
        177
        116
        179
        255
          0
         41
        255
         10
        145
          0
         27
          1
        255
        245
        254
          0
          0
          0
        157
        231
         18
        143
          0
          0
          0
          2
        255
          0
         58
        255
         54
         23
         67
        255
        171
         15
        211
          0
          0
        113
        109
          0
          0
         47
          0
         63
          0
          0
          0
          0
        255
          0
        255
        163
          0
          0
          2
          0
          0
          0
        200
        255
          0
        155
         58
         59
        105
        255
        255
         19
          0
        103
         69
          0
         38
         43
        255
        245
        161
        255
        255
        188
          0
          0
        227
          0
        255
          0
         80
        255
        165
         45
        230
        134
         57
        118
        255
        101
        113
        255
         32
        249
        255
          0
        146
          0
          0
          0
         29
        128
        164
         61
          0
          0
          0
          0
        157
         68
          0
          0
         80
        255
        255
        148
          0
        255
          0
          0
         27
        255
         22
        156
         36
          0
          0
          0
        139
          0
          0
         70
          0
        255
         97
        255
          0
        158
         38
          0
          0
          0
         50
          0
         66
          0
         40
         35
         12
          0
         15
         11
         25
         43
          3
         58
         96
         78
         49
          0
          0
          0
          0
         26
        112
          0
         62
         34
         10
          0
        255
          0
         51
          0
         41
          0
         85
          0
         26
        124
          4
          0
          0
          3
         16
          0
          0
         38
        135
         84
         53
        212
          0
          1
         29
         58
        133
          0
         69
          0
         58
          0
        255
          0
          0
          0
          0
          0
         78
          0
         18
          0
          0
         90
          0
          1
         37
          0
          0
         53
          0
         93
         56
          0
          0
          0
          0
         29
        195
          0
          0
         45
         41
          0
         70
         25
          0
          0
         29
          0
         72
          0
          0
          0
         15
        108
          1
         11
          6
          0
          0
         24
        190
         97
         56
        172
          0
         57
         28
         68
        227
          0
         19
          0
        139
         58
        108
          1
          0
          0
          0
          0
         66
          0
          0
          0
          0
          0
          0
         22
         38
          0
         12
         39
         50
         82
         55
         61
          0
          0
         18
         28
        248
          0
          0
          8
         48
         16
        255
          0
          0
          0
         13
          0
         81
          0
          6
          0
          0
         48
          0
         20
          5
          0
          0
         38
          0
         89
         56
         84
          0
         14
          0
         54
         60
          0
         64
         12
         62
        119
        255
          0
          0
          0
          0
          0
         79
          0
         43
          0
         20
         84
         12
         25
          8
          0
         16
         33
          1
         95
         56
        147
          0
          0
         33
         40
        236
          0
         43
         69
        155
         60
        255
         10
          0
          0
         22
          0
         86
          0
         37
         94
          0
          6
          0
         16
         30
          0
          0
         37
        207
         96
         54
        149
          0
          0
          6
         54
        132
          0
          5
          0
         11
          0
        109
          9
          0
          0
         13
          0
         87
          0
          6
          0
          0
          0
          0
         11
          0
          0
          0
         43
         91
         94
         53
         22
          0
          0
         25
         49
        189
          0
          0
         44
        155
          0
          0
          0
          0
          0
          0
          0
         86
          0
          0
          0
          6
          0
          0
         19
         27
          0
          0
         34
          0
        111
         53
        128
          0
          0
         11
         47
        255
         31
         94
         35
        101
          0
        209
          0
          0
          0
         43
          0
         77
          0
          0
         50
          0
          0
          0
         41
         10
          0
          0
         51
         44
        100
         55
         37
          0
          0
         32
         61
         71
          0
          0
          0
        116
        196
        218
          0
          0
          0
         49
          0
         85
          0
          0
         48
         13
          0
          5
         46
         36
          0
          0
         59
        101
         97
         56
          7
          0
         53
         18
         42
         46
          0
         78
          0
        129
         42
        121
         20
          0
          0
         24
          0
         67
          0
          7
          0
          0
          0
          0
         38
         35
          0
          0
         28
         31
        101
         54
         60
          0
          0
         17
         56
        235
          0
         44
          0
         10
          0
        204
         25
          0
          0
         40
          0
         83
          0
         20
          0
          2
          0
          0
         41
         37
          0
          0
         51
          0
        103
         53
         94
          0
          0
         30
         91
         67
          0
          0
          0
        144
        129
        255
          0
         21
          0
         45
          0
         68
          0
          1
          0
         10
          0
          0
         30
         18
          0
          5
         48
         66
         77
         54
        217
          0
          4
          9
         30
        197
          0
         79
          0
         86
         33
         77
         13
         46
          0
          0
          0
         62
          0
         18
         22
          0
          0
          0
          0
          0
          0
          4
         53
         13
         57
         66
         39
          0
          0
         15
         67
        216
          0
          0
         26
         17
         69
          0
          9
         86
          0
         43
          7
         55
          6
         56
         25
          0
         64
          4
         52
         39
         52
         19
         71
         72
         78
         49
          0
         11
         43
          0
         16
         72
          0
          0
          0
         32
          0
          0
          9
         49
          0
         47
          3
         58
          0
         56
         29
          0
         49
          0
         50
         39
         48
         13
         66
         68
         79
         50
          8
         11
         38
          0
         17
         74
          0
          0
          0
         54
         35
          0
          9
         49
          0
         46
          3
         58
          1
         56
         29
          0
         51
          0
         49
         39
         48
         13
         66
         64
         80
         49
          7
         11
         34
          0
         18
         73
          0
          0
          0
         53
         35
          0
          9
         49
          0
         45
          3
         58
          1
         56
         29
          0
         50
          0
         50
         39
         50
         13
         66
         66
         76
         49
          6
         11
         31
          0
         18
         75
          0
          0
          0
         53
         35
          0
          9
         49
          0
         43
          3
         60
          0
         56
         28
          0
         47
          0
         46
         39
         48
         13
         66
         65
         80
         50
          6
         11
         34
          0
         18
         74
          0
          0
          0
         54
         35
          1
          9
         49
          0
         47
          2
         59
          0
         55
         29
          0
         48
          0
         49
         38
         48
         12
         66
         62
         77
         50
          8
         11
         34
          0
         18
         75
          0
          0
          0
         54
         35
          1
          9
         51
          0
         46
          3
         58
          1
         57
         30
          0
         53
          0
         50
         38
         48
         13
         66
         66
         77
         49
          6
         11
         35
          0
         17
         72
          0
          0
          0
         51
         35
          0
          9
         51
          0
         42
          2
         59
          0
         59
         26
          0
         52
          0
         49
         39
         52
         13
         66
         66
         75
         49
          8
         11
         36
          0
         17
         72
          0
          1
          0
         53
         35
          0
          9
         49
          0
         44
          3
         60
          0
         56
         25
          0
         49
          0
         48
         39
         47
         13
         66
         64
         79
         49
          7
         11
         34
          0
         17
         74
          0
          0
          0
         55
         35
          0
          9
         52
          0
         45
          2
         59
          0
         56
         30
          0
         53
          0
         50
         39
         48
         13
         66
         65
         79
         50
          7
         11
         33
          0
         17
         74
          0
          0
          0
         54
         35
          1
          9
         48
          0
         45
          2
         59
          0
         56
         25
          0
         52
          0
         48
         39
         51
         13
         66
         66
         80
         51
          7
         11
         34
          0
         17
         74
          0
          0
          0
         53
         35
          0
          9
         49
          0
         44
          2
         60
          0
         56
         30
          0
         49
          0
         48
         39
         48
         13
         66
         63
         77
         51
          6
         11
         35
          0
         17
         73
          0
          0
          0
         54
         35
          0
          9
         50
          0
         45
          2
         60
          0
         55
         29
          0
         52
          0
         48
         39
         49
         13
         66
         67
         76
         50
          8
         11
         36
          0
         17
         74
          0
          0
          0
         54
         35
          0
          9
         50
          0
         48
          2
         60
          0
         58
         30
          0
         48
          0
         49
         39
         48
         13
         66
         66
         79
         50
          8
         11
         34
          0
         17
         75
          0
          0
          0
         54
         35
          0
          9
         53
          0
         43
          2
         60
          0
         56
         25
          0
         52
          0
         50
         39
         46
         13
         66
         62
         80
         50
          7
         11
         36
          0
         17
         74
          0
          0
          0
         53
         35
          0
          9
         64
          0
          0
          4
         59
          2
         87
         69
          0
         56
          0
          0
          0
         94
         11
         66
         94
         40
         61
         14
         11
         44
          0
         17
         64
          0
          3
          0
         48
         81
          2
          9
         86
          0
         46
          5
         56
          6
         53
         24
          0
         59
          3
         52
         39
         47
         19
         71
         70
         76
         47
          0
         11
         40
          0
         17
         72
          0
          0
          0
         32
          0
          0
          9
         49
          0
         45
          3
         58
          0
         58
         29
          0
         49
          0
         49
         39
         50
         13
         66
         64
         76
         49
          8
         11
         34
          0
         18
         72
          0
          0
          0
         52
         35
          1
          9
         49
          0
         45
          2
         59
          0
         56
         29
          0
         51
          0
         48
         39
         52
         13
         66
         68
         80
         50
          7
         11
         32
          0
         18
         76
          0
          0
          0
         55
         35
          1
          9
         50
          0
         45
          2
         60
          0
         55
         28
          0
         50
          0
         49
         39
         46
         13
         66
         62
         76
         50
          6
         11
         32
          0
         18
         75
          0
          0
          0
         53
         35
          1
          9
         53
          0
         43
          2
         58
          0
         56
         28
          0
         51
          0
         49
         39
         49
         13
         66
         65
         79
         50
          8
         11
         34
          0
         18
         72
          0
          0
          0
         51
         35
          1
          9
         52
          0
         47
          2
         58
          0
         56
         28
          0
         52
          0
         49
         42
         50
         13
         66
         66
         81
         50
          7
         11
         34
          0
         18
         74
          0
          0
          0
         53
         35
          1
          9
         49
          0
         43
          3
         59
          0
         54
         29
          0
         51
          0
         50
         39
         51
         13
         66
         66
         75
         49
          7
         11
         32
          0
         18
         75
          0
          0
          0
         56
         35
          1
          9
         50
          0
         47
          1
         59
          0
         58
         29
          0
         50
          0
         45
         39
         50
         13
         66
         66
         83
         49
          8
         11
         29
          0
         18
         76
          0
          0
          0
         51
         35
          1
          9
         49
          0
         43
          2
         58
          0
         56
         29
          0
         49
          0
         48
         39
         47
         13
         66
         64
         76
         49
          6
         11
         33
          0
         18
         74
          0
          0
          0
         55
         35
          1
          9
         51
          0
         44
          2
         58
          1
         56
         29
          0
         52
          0
         50
         39
         50
         13
         66
         65
         79
         49
          7
         11
         32
          0
         18
         74
          0
          0
          0
         51
         35
          1
          9
         50
          0
         45
          2
         59
          0
         55
         28
          0
         47
          0
         48
         39
         47
         13
         66
         64
         79
         49
          7
         11
         38
          0
         18
         74
          0
          0
          0
         55
         35
          3
          9
         52
          0
         48
          2
         59
          0
         55
         28
          0
         52
          0
         50
         39
         50
         13
         66
         68
         80
         49
          6
         11
         34
          0
         18
         75
          0
          0
          0
         53
         35
          1
          9
         49
          0
         43
          3
         58
          0
         55
         28
          0
         50
          0
         48
         39
         50
         13
         66
         63
         77
         50
          6
         11
         36
          0
         18
         72
          0
          0
          0
         54
         35
          1
          9
         45
          0
         45
          3
         59
          0
         55
         30
          0
         52
          0
         48
         35
         48
         13
         66
         66
         76
         51
          8
         11
         34
          0
         18
         75
          0
          0
          0
         53
         35
          1
          9
         49
          0
         47
          3
         60
          0
         57
         30
          0
         50
          0
         46
         38
         47
         13
         66
         65
         79
         51
          8
         11
         33
          0
         18
         72
          0
          0
          0
         55
         35
          1
          9
         64
          0
          0
          4
         59
          2
         91
         72
          0
         56
          0
          0
          0
         93
         11
         66
         93
         43
         63
         14
         11
         43
          0
         17
         64
          0
          4
          0
         49
         81
          2
          9
         88
          0
         43
          5
         56
          6
         53
         25
          0
         60
          3
         50
         39
         48
         19
         71
         71
         79
         47
          0
         11
         41
          0
         17
         72
          0
          0
          0
         33
          0
          0
          9
         49
          0
         47
          2
         58
          0
         57
         29
          0
         53
          0
         49
         39
         49
         13
         66
         65
         77
         49
          8
         11
         37
          0
         18
         76
          0
          0
          0
         53
         35
          1
          9
         52
          0
         45
          2
         59
          1
         57
         23
          0
         51
          0
         48
         39
         51
         13
         66
         66
         76
         50
          8
         11
         37
          0
         18
         74
          0
          0
          0
         54
         35
          1
          9
         51
          0
         45
          2
         59
          0
         58
         29
          0
         51
          0
         50
         39
         47
         13
         66
         66
         80
         50
          8
         11
         37
          0
         18
         74
          0
          0
          0
         54
         35
          1
          9
         49
          0
         45
          1
         58
          0
         56
         28
          0
         51
          0
         49
         39
         46
         13
         66
         65
         77
         49
          7
         11
         33
          0
         18
         76
          0
          0
          0
         54
         35
          1
          9
         47
          0
         45
          2
         57
          0
         54
         28
          0
         51
          0
         49
         38
         49
         13
         66
         63
         77
         49
          6
         11
         34
          0
         18
         74
          0
          1
          0
         53
         35
          1
          9
         51
          0
         43
          2
         59
          0
         57
         28
          0
         50
          0
         45
         38
         51
         13
         66
         67
         76
         50
          7
         11
         34
          0
         18
         72
          0
          0
          0
         53
         35
          1
          9
         51
          0
         45
          2
         61
          0
         58
         30
          0
         48
          0
         48
         38
         47
         13
         66
         64
         79
         51
          8
         11
         32
          0
         18
         74
          0
          0
          0
         54
         35
          1
          9
         47
          0
         45
          2
         60
          0
         56
         26
          0
         53
          0
         50
         39
         48
         13
         66
         66
         81
         51
          7
         11
         35
          0
         18
         74
          0
          0
          0
         54
         35
          3
          9
         52
          0
         48
          3
         59
          0
         55
         24
          0
         48
          0
         50
         39
         46
         13
         66
         63
         78
         50
          7
         11
         35
          0
         18
         74
          0
          0
          0
         53
         35
          1
          9
         50
          0
         45
          2
         59
          0
         57
         29
          0
         50
          0
         50
         39
         50
         13
         66
         65
         76
         50
          6
         11
         31
          0
         18
         74
          0
          0
          0
         52
         35
          0
          9
         49
          0
         46
          2
         59
          0
         58
         29
          0
         52
          0
         48
         39
         48
         13
         66
         65
         79
         50
          6
         11
         36
          0
         18
         74
          0
          0
          0
         55
         35
          0
          9
         55
          0
         45
          2
         59
          0
         59
         28
          0
         51
          0
         49
         39
         46
         13
         66
         67
         80
         49
          8
         11
         33
          0
         18
         76
          0
          0
          0
         54
         35
          1
          9
         49
          0
         43
          2
         58
          0
         56
         28
          0
         51
          0
         50
         39
         49
         13
         66
         63
         77
         49
          7
         11
         36
          0
         18
         74
          0
          0
          0
         53
         35
          1
          9
         50
          0
         47
          2
         59
          1
         55
         30
          0
         50
          0
         50
         39
         51
         13
         66
         66
         77
         49
          6
         11
         34
          0
         18
         73
          0
          0
          0
         52
         35
          1
          9
         63
          0
          0
          4
         59
          2
         87
         68
          0
         59
          0
          0
          0
         92
         11
         66
         94
         40
         61
         14
         11
         39
          0
         17
         64
          0
          5
          0
         51
         81
          2
          9
         86
          0
         45
          5
         56
          6
         54
         25
          0
         61
          4
         52
         39
         49
         19
         71
         75
         78
         48
          0
         11
         39
          0
         17
         72
          0
          0
          0
         32
          0
          0
          9
         50
          0
         46
          2
         59
          0
         55
         29
          0
         51
          0
         48
         39
         49
         13
         66
         63
         79
         50
          7
         11
         29
          0
         18
         74
          0
          0
          0
         53
         35
          1
          9
         46
          0
         45
          2
         60
          0
         57
         29
          0
         47
          0
         48
         39
         50
         13
         66
         66
         79
         51
          7
         11
         31
          0
         18
         74
          0
          0
          0
         54
         35
          1
          9
         47
          0
         44
          3
         60
          0
         58
         28
          0
         48
          0
         46
         39
         46
         13
         66
         65
         79
         51
          8
         11
         35
          0
         18
         74
          0
          0
          0
         53
         35
          1
          9
         51
          0
         47
          3
         60
          0
         55
         28
          0
         48
          0
         49
         38
         50
         13
         66
         63
         81
         50
          5
         11
         36
          0
         18
         75
          0
          0
          0
         54
         35
          1
          9
         52
          0
         46
          3
         59
          0
         57
         28
          0
         51
          0
         48
         42
         50
         13
         66
         66
         78
         50
          6
         11
         34
          0
         18
         72
          0
          0
          0
         54
         35
          1
          9
         49
          0
         43
          3
         59
          0
         57
         28
          0
         51
          0
         50
         39
         49
         13
         66
         66
         76
         51
          7
         11
         34
          0
         18
         76
          0
          0
          0
         51
         35
          1
          9
         50
          0
         45
          3
         59
          0
         59
         30
          0
         53
          0
         49
         39
         49
         13
         66
         63
         80
         51
          7
         11
         34
          0
         18
         72
          0
          0
          0
         55
         35
          1
          9
         49
          0
         45
          3
         59
          0
         55
         25
          0
         47
          0
         48
         39
         48
         13
         66
         65
         77
         50
          8
         11
         34
          0
         18
         74
          0
          0
          0
         53
         35
          0
          9
         48
          0
         45
          3
         59
          0
         58
         28
          0
         49
          0
         48
         39
         47
         13
         66
         68
         77
         49
          7
         11
         36
          0
         18
         74
          0
          0
          0
         55
         35
          0
          9
         49
          0
         48
          2
         59
          0
         55
         28
          0
         49
          0
         47
         39
         46
         13
         66
         63
         77
         49
          8
         11
         31
          0
         18
         74
          0
          0
          0
         53
         35
          1
          9
         50
          0
         43
          2
         59
          1
         58
         29
          0
         48
          0
         48
         39
         52
         13
         66
         67
         76
         50
          8
         11
         33
          0
         18
         74
          0
          0
          0
         54
         35
          1
          9
         51
          0
         47
          2
         58
          0
         56
         23
          0
         48
          0
         50
         39
         47
         13
         66
         62
         79
         50
          7
         11
         31
          0
         18
         74
          0
          0
          0
         54
         35
          1
          9
         49
          0
         42
          3
         59
          0
         54
         29
          0
         48
          0
         48
         38
         46
         12
         66
         66
         81
         49
          5
         11
         34
          0
         18
         74
          0
          0
          0
         54
         35
          1
          9
         48
          0
         47
          3
         59
          0
         58
         29
          0
         51
          0
         48
         38
         51
         13
         66
         66
         78
         50
          8
         11
         36
          0
         18
         76
          0
          0
          0
         53
         35
          1
          9
         61
          0
          0
          3
         60
          2
         88
         73
          0
         58
          0
          0
          0
         89
         11
         66
         93
         40
         63
         14
         11
         39
          0
         17
         64
          0
          5
          0
         50
         81
          2
          9
         86
          0
         46
          6
         55
          6
         54
         29
          0
         60
          4
         51
         39
         49
         19
         71
         73
         78
         48
          0
         11
         44
          0
         17
         72
          0
          0
          0
         32
          0
          0
          9
         48
          0
         40
          2
         59
          0
         55
         29
          0
         48
          0
         48
         39
         47
         13
         66
         64
         79
         50
          6
         11
         35
          0
         18
         72
          0
          0
          0
         53
         35
          1
          9
         50
          0
         46
          2
         60
          0
         55
         24
          0
         52
          0
         49
         39
         48
         12
         66
         66
         79
         51
          7
         11
         32
          0
         18
         74
          0
          0
          0
         52
         35
          1
          9
         52
          0
         48
          3
         59
          0
         54
         30
          0
         52
          0
         50
         38
         46
         13
         66
         63
         80
         50
          6
         11
         33
          0
         18
         74
          0
          0
          0
         54
         35
          1
          9
         52
          0
         46
          3
         58
          0
         57
         23
          0
         49
          0
         50
         42
         49
         13
         66
         66
         77
         49
          7
         11
         36
          0
         18
         74
          0
          0
          0
         52
         35
          1
          9
         50
          0
         45
          2
         58
          0
         58
         29
          0
         51
          0
         49
         38
         50
         13
         66
         65
         77
         49
          7
         11
         31
          0
         18
         73
          0
          0
          0
         56
         35
          1
          9
         51
          0
         46
          2
         58
          0
         55
         28
          0
         50
          0
         48
         39
         46
         13
         66
         66
         76
         49
          7
         11
         33
          0
         18
         74
          0
          0
          0
         53
         35
          1
          9
         47
          0
         45
          2
         59
          0
         55
         29
          0
         47
          0
         48
         39
         52
         13
         66
         66
         80
         50
          8
         11
         37
          0
         18
         76
          0
          0
          0
         52
         35
          1
          9
         47
          0
         45
          2
         59
          0
         55
         29
          0
         48
          0
         50
         39
         47
         13
         66
         63
         77
         50
          7
         11
         31
          0
         18
         74
          0
          0
          0
         55
         35
          1
          9
         50
          0
         43
          2
         58
          1
         56
         29
          0
         52
          0
         48
         39
         47
         13
         66
         66
         76
         50
          7
         11
         34
          0
         18
         74
          0
          0
          0
         51
         35
          1
          9
         45
          0
         45
          3
         59
          0
         55
         29
          0
         52
          0
         45
         35
         50
         13
         66
         66
         79
         51
          7
         11
         34
          0
         18
         74
          0
          0
          0
         55
         35
          1
          9
         47
          0
         45
          2
         61
          0
         54
         29
          0
         48
          0
         48
         38
         51
         12
         66
         62
         79
         51
          6
         11
         33
          0
         18
         74
          0
          0
          0
         54
         35
          1
          9
         51
          0
         45
          2
         60
          0
         57
         29
          0
         49
          0
         48
         39
         46
         13
         66
         66
         80
         50
          6
         11
         33
          0
         18
         75
          0
          0
          0
         53
         35
          1
          9
         49
          0
         47
          2
         59
          0
         58
         28
          0
         50
          0
         48
         42
         51
         13
         66
         66
         77
         49
          7
         11
         29
          0
         18
         74
          0
          0
          0
         54
         35
          1
          9
         51
          0
         46
          2
         59
          0
         58
         29
          0
         51
          0
         49
         39
         49
         13
         66
         67
         76
         50
          8
         11
         34
          0
         18
         74
          0
          0
          0
         53
         35
          1
          9
         63
          0
          0
          4
         59
          2
         90
         68
          0
         58
          0
          0
          0
         91
         11
         66
         91
         43
         63
         14
         11
         44
          0
         17
         64
          0
          4
          0
         50
         81
          2
          9
         89
          0
         46
          6
         55
          6
         53
         25
          0
         64
          3
         52
         39
         49
         20
         71
         73
         78
         47
          0
         11
         41
          0
         17
         72
          0
          0
          0
         32
          0
          0
          9
         50
          0
         42
          2
         58
          2
         58
         26
          0
         53
          0
         47
         39
         51
         13
         66
         66
         79
         49
          8
         11
         36
          0
         18
         76
          0
          0
          0
         54
         35
          0
          9
         48
          0
         47
          2
         59
          0
         56
         25
          0
         48
          0
         47
         39
         50
         13
         66
         64
         79
         50
          7
         11
         33
          0
         19
         74
          0
          0
          0
         53
         35
          1
          9
         51
          0
         46
          2
         59
          0
         55
         24
          0
         47
          0
         49
         42
         46
         13
         66
         64
         80
         50
          6
         11
         32
          0
         18
         74
          0
          0
          0
         54
         35
          3
          9
         50
          0
         45
          2
         58
          1
         57
         29
          0
         52
          0
         49
         42
         49
         13
         66
         65
         76
         49
          6
         11
         31
          0
         18
         74
          0
          0
          0
         51
         35
          1
          9
         49
          0
         45
          3
         59
          1
         58
         28
          0
         51
          0
         49
         39
         50
         13
         66
         65
         80
         49
          7
         11
         35
          0
         18
         76
          0
          0
          0
         53
         35
          1
          9
         52
          0
         43
          2
         59
          1
         55
         29
          0
         51
          0
         50
         39
         50
         13
         66
         66
         78
         50
          7
         11
         32
          0
         18
         72
          0
          0
          0
         55
         35
          1
          9
         49
          0
         48
          2
         59
          0
         58
         23
          0
         52
          0
         48
         39
         49
         13
         66
         65
         76
         50
          8
         11
         36
          0
         18
         74
          0
          0
          0
         53
         35
          1
          9
         49
          0
         46
          2
         59
          0
         56
         29
          0
         53
          0
         48
         39
         47
         13
         66
         64
         79
         49
          7
         11
         33
          0
         18
         74
          0
          0
          0
         55
         35
          1
          9
         50
          0
         45
          3
         59
          0
         55
         29
          0
         51
          0
         48
         39
         51
         13
         66
         64
         81
         49
          7
         11
         30
          0
         18
         75
          0
          0
          0
         53
         35
          1
          9
         52
          0
         43
          3
         59
          0
         58
         28
          0
         51
          0
         50
         39
         49
         13
         66
         65
         76
         49
          5
         11
         36
          0
         18
         74
          0
          0
          0
         52
         35
          1
          9
         52
          0
         47
          2
         59
          0
         55
         28
          0
         52
          0
         50
         39
         50
         13
         66
         68
         79
         49
          7
         11
         32
          0
         18
         74
          0
          0
          0
         52
         35
          1
          9
         51
          0
         43
          2
         58
          1
         58
         29
          0
         52
          0
         48
         35
         46
         13
         66
         64
         81
         49
          7
         11
         33
          0
         18
         75
          0
          0
          0
         55
         35
          1
          9
         48
          0
         47
          2
         59
          1
         56
         29
          0
         49
          0
         49
         38
         51
         13
         66
         67
         76
         49
          8
         11
         34
          0
         18
         72
          0
          0
          0
         51
         35
          1
          9
         49
          0
         43
          2
         59
          0
         54
         30
          0
         48
          0
         50
         39
         46
         13
         66
         62
         79
         50
          7
         11
         33
          0
         18
         74
          0
          0
          0
         54
         35
          1
          9
         63
          0
          0
          3
         61
          2
         90
         68
          0
         58
          0
          0
          0
         92
         11
         66
         94
         43
         63
         13
         11
         41
          0
         17
         64
          0
          3
          0
         48
         81
          2
          9
         85
          0
         45
          6
         56
          6
         56
         26
          0
         60
          3
         47
         39
         48
         19
         71
         69
         78
         47
          0
         11
         39
          0
         17
         72
          0
          0
          0
         32
          0
          0
          9
         46
          0
         47
          3
         60
          0
         56
         24
          0
         47
          0
         47
         39
         47
         13
         66
         66
         79
         51
          6
         11
         34
          0
         19
         75
          0
          0
          0
         54
         35
          1
          9
         48
          0
         46
          2
         61
          0
         55
         30
          0
         49
          0
         49
         39
         45
         13
         66
         64
         79
         51
          5
         11
         39
          0
         19
         74
          0
          0
          0
         56
         36
          3
          9
         48
          0
         45
          3
         60
          0
         55
         29
          0
         52
          0
         50
         38
         47
         13
         66
         68
         79
         50
          6
         11
         36
          0
         18
         74
          0
          0
          0
         53
         35
          0
          9
         50
          0
         45
          2
         57
          0
         54
         24
          0
         51
          0
         50
         38
         48
         13
         66
         63
         79
         49
          7
         11
         30
          0
         18
         74
          0
          0
          0
         54
         35
          0
          9
         48
          0
         45
          2
         59
          0
         58
         29
          0
         51
          0
         48
         39
         50
         13
         66
         65
         80
         50
          6
         11
         34
          0
         18
         74
          0
          0
          0
         51
         35
          1
          9
         50
          0
         45
          2
         59
          0
         56
         30
          0
         51
          0
         48
         39
         48
         13
         66
         64
         76
         51
          8
         11
         34
          0
         18
         76
          0
          0
          0
         55
         35
          1
          9
         48
          0
         42
          2
         58
          0
         55
         24
          0
         48
          0
         50
         39
         46
         13
         66
         65
         81
         50
          8
         11
         33
          0
         18
         74
          0
          0
          0
         53
         35
          1
          9
         50
          0
         44
          2
         59
          0
         58
         28
          0
         52
          0
         48
         39
         49
         13
         66
         68
         76
         50
          8
         11
         37
          0
         18
         74
          0
          0
          0
         51
         35
          1
          9
         51
          0
         48
          2
         60
          0
         55
         28
          0
         48
          0
         50
         39
         50
         13
         66
         63
         80
         50
          6
         11
         33
          0
         18
         75
          0
          0
          0
         56
         35
          1
          9
         50
          0
         42
          2
         59
          0
         58
         28
          0
         48
          0
         48
         39
         47
         13
         66
         67
         76
         49
          6
         11
         30
          0
         18
         72
          0
          0
          0
         52
         35
          1
          9
         49
          0
         47
          2
         59
          0
         56
         28
          0
         48
          0
         49
         39
         47
         13
         66
         62
         80
         49
          8
         11
         34
          0
         18
         74
          0
          0
          0
         54
         35
          1
          9
         52
          0
         46
          2
         59
          0
         55
         28
          0
         51
          0
         48
         39
         49
         13
         66
         66
         77
         50
          8
         11
         34
          0
         18
         74
          0
          0
          0
         52
         35
          1
          9
         47
          0
         45
          2
         60
          0
         56
         28
          0
         52
          0
         50
         39
         49
         13
         66
         66
         77
         50
          8
         11
         35
          0
         18
         73
          0
          0
          0
         54
         35
          1
          9
         50
          0
         42
          2
         58
          0
         56
         29
          0
         52
          0
         48
         39
         47
         13
         66
         64
         76
         50
          6
         11
         33
          0
         18
         74
          0
          0
          0
         54
         35
          1
          9
         63
          0
          0
          3
         59
          2
         88
         73
          0
         58
          0
          0
          0
         90
         10
         66
         93
         43
         63
         15
         11
         40
          0
         17
         64
          0
          3
          0
         47
         81
          2
          9
         87
          0
         45
          6
         56
          5
         54
         25
          0
         60
          3
         49
         39
         46
         19
         71
         73
         78
         50
          0
         11
         47
          0
         17
         72
          0
          0
          0
         32
          0
          0
          9
         50
          0
         48
          3
         59
          0
         55
         29
          0
         49
          0
         50
         39
         48
         13
         66
         62
         79
         50
          7
         11
         34
          0
         18
         74
          0
          0
          0
         54
         38
          0
          9
         49
          0
         43
          3
         58
          0
         58
         28
          0
         52
          0
         48
         39
         52
         13
         66
         66
         80
         49
          7
         11
         35
          0
         18
         72
          0
          0
          0
         52
         32
          0
          9
         51
          0
         48
          3
         60
          0
         59
         30
          0
         51
          0
         48
         39
         48
         13
         66
         66
         76
         50
          7
         11
         35
          0
         18
         74
          0
          0
          0
         55
         35
          0
          9
         51
          0
         43
          2
         60
          0
         56
         29
          0
         51
          0
         48
         39
         46
         13
         66
         64
         79
         50
          6
         11
         33
          0
         18
         74
          0
          0
          0
         54
         35
          1
          9
         49
          0
         47
          2
         59
          1
         55
         28
          0
         51
          0
         48
         39
         48
         13
         66
         67
         79
         49
          8
         11
         30
          0
         18
         74
          0
          0
          0
         53
         35
          1
          9
         49
          0
         42
          2
         60
          0
         58
         29
          0
         47
          0
         48
         39
         52
         13
         66
         65
         80
         50
          8
         11
         34
          0
         18
         74
          0
          0
          0
         54
         35
          1
          9
         50
          0
         47
          2
         60
          0
         56
         29
          0
         49
          0
         48
         38
         47
         13
         66
         63
         78
         50
          6
         11
         32
          0
         18
         74
          0
          0
          0
         54
         35
          3
          9
         51
          0
         43
          3
         59
          0
         55
         28
          0
         47
          0
         48
         38
         46
         13
         66
         64
         76
         50
          7
         11
         36
          0
         18
         74
          0
          0
          0
         54
         35
          1
          9
         48
          0
         45
          2
         59
          0
         55
         29
          0
         49
          0
         48
         39
         50
         13
         66
         66
         79
         50
          7
         11
         33
          0
         18
         74
          0
          0
          0
         53
         34
          1
          9
         50
          0
         48
          2
         59
          0
         56
         25
          0
         52
          0
         50
         39
         50
         13
         66
         66
         79
         49
          7
         11
         34
          0
         18
         76
          0
          0
          0
         52
         35
          1
          9
         48
          0
         43
          3
         58
          0
         54
         24
          0
         49
          0
         48
         39
         50
         13
         66
         66
         79
         49
          7
         11
         34
          0
         18
         74
          0
          0
          0
         55
         36
          1
          9
         50
          0
         44
          3
         58
          0
         58
         30
          0
         52
          0
         48
         39
         52
         13
         66
         65
         79
         50
          7
         11
         35
          0
         18
         74
          0
          0
          0
         54
         35
          1
          9
         51
          0
         45
          3
         59
          0
         56
         23
          0
         48
          0
         48
         38
         44
         13
         66
         64
         79
         50
          6
         11
         35
          0
         18
         76
          0
          0
          0
         54
         35
          1
          9
         51
          0
         47
          3
         59
          0
         55
         28
          0
         51
          0
         49
         38
         47
         13
         66
         65
         79
         49
          8
         11
         37
          0
         18
         74
          0
          0
          0
         55
         35
          1
          9
         63
          0
          0
          3
         60
          2
         87
         73
          0
         58
          0
          0
          0
         93
         11
         66
         91
         43
         62
         14
         11
         44
          0
         17
         64
          0
          4
          0
         49
         81
          2
          9
        100
          0
         49
          0
         54
         21
         66
          0
          0
         83
          4
         63
         47
         43
         28
         78
         66
         66
         43
          1
         11
          0
          0
         19
         74
          0
          1
          0
         18
          0
          0
          9
         66
          0
         39
          0
         56
         17
         73
          0
          0
         81
          0
         62
         49
         47
         24
         75
         68
         61
         45
         14
         11
          0
          0
         24
         71
          0
          7
          0
         45
         24
          0
          9
         66
          0
         39
          0
         55
         17
         73
          0
          0
         76
          0
         61
         49
         43
         24
         75
         67
         70
         45
         14
         11
          0
          0
         24
         75
          0
          7
          0
         48
         22
          0
          9
         65
          0
         36
          0
         55
         15
         73
          0
          0
         79
          0
         62
         46
         44
         24
         75
         66
         63
         45
         13
         11
          0
          0
         24
         73
          0
          6
          0
         47
         23
          0
          9
         67
          0
         38
          0
         56
         14
         73
          0
          0
         79
          0
         59
         49
         44
         24
         75
         69
         67
         45
         13
         11
          0
          0
         24
         73
          0
          6
          0
         47
         23
          0
          9
         66
          0
         39
          0
         57
         15
         73
          0
          0
         75
          0
         61
         49
         42
         24
         75
         64
         63
         45
         13
         11
          0
          0
         24
         73
          0
          5
          0
         49
         23
          0
          9
         68
          0
         41
          0
         56
         15
         73
          0
          0
         80
          0
         62
         49
         46
         24
         75
         68
         67
         45
         12
         11
          0
          0
         24
         73
          0
          7
          0
         46
         23
          0
          9
         69
          0
         40
          0
         56
         15
         72
          0
          0
         80
          0
         62
         53
         44
         24
         75
         66
         64
         45
         11
         11
          0
          0
         24
         73
          0
          6
          0
         46
         23
          0
          9
         70
          0
         39
          0
         56
         17
         76
          0
          0
         80
          0
         62
         49
         46
         24
         75
         67
         64
         45
         12
         11
          0
          0
         24
         73
          0
          8
          0
         45
         23
          0
          9
         66
          0
         36
          0
         56
         17
         74
          0
          0
         80
          0
         59
         49
         46
         24
         75
         68
         63
         47
         14
         11
          0
          0
         24
         73
          0
          7
          0
         46
         25
          0
          9
         62
          0
         38
          0
         58
         12
         72
          0
          0
         75
          0
         59
         46
         43
         24
         75
         66
         66
         48
         12
         11
          0
          0
         24
         73
          0
          6
          0
         50
         25
          0
          9
         65
          0
         41
          0
         58
         15
         76
          0
          0
         77
          0
         61
         49
         43
         24
         75
         64
         66
         46
         13
         11
          0
          0
         24
         73
          0
          5
          0
         48
         20
          0
          9
         67
          0
         37
          0
         56
         15
         73
          0
          0
         79
          0
         62
         49
         43
         24
         75
         67
         66
         46
         13
         11
          0
          0
         24
         73
          0
          6
          0
         45
         23
          0
          9
         65
          0
         41
          0
         56
         15
         72
          0
          0
         77
          0
         61
         53
         45
         24
         75
         67
         67
         46
         13
         11
          0
          0
         24
         73
          0
          6
          0
         45
         23
          0
          9
         69
          0
         40
          0
         56
         15
         75
          0
          0
         76
          0
         62
         49
         44
         24
         75
         67
         64
         45
         13
         11
          0
          0
         24
         73
          0
          6
          0
         46
         23
          0
          9
         63
          0
          0
          0
         56
         17
        104
          0
          0
         68
          0
          2
          0
         66
         18
         73
         93
         30
         57
         19
         11
          0
          0
         21
         70
          0
         11
          0
         39
        101
          1
