         79
         21
          0
         56
          0
          0
          0
          0
         36
          0
          2
         33
         75
         48
        118
          0
          0
        113
          0
          0
          0
          0
          0
          0
          0
        199
          0
          0
          0
        150
          0
         10
          0
          0
        134
        213
          0
        112
          0
          0
          0
          0
        123
          0
          0
        124
          0
         19
        255
         63
        166
          0
          0
        255
          0
        255
        255
         47
          0
          0
          0
          0
          0
          0
         78
          0
         68
          0
          0
          0
          0
          0
          0
        255
         60
         12
        255
        102
         45
          0
        100
        100
          0
          0
          0
          0
          0
          0
        255
          0
          0
          0
          0
          0
        255
        255
          0
          0
         75
          0
          0
         63
        255
         91
         50
        255
        184
          0
          0
        115
          0
        255
          0
        145
        171
          0
        130
          0
        171
          0
        194
          0
          0
          0
          0
          0
        255
          0
          0
          0
          0
        143
         38
          0
          0
          0
          0
          0
          0
          0
          0
        166
        154
          0
        255
        145
        170
          0
         78
          0
         65
          0
        255
          0
          0
        255
          0
          0
        176
          0
          0
          0
          0
          0
        107
         30
          0
        198
          0
        255
        142
          0
          0
          0
          0
          0
        104
          0
        187
        158
         80
        255
          0
          0
         94
          0
          0
          0
          0
          0
        229
        103
          0
          0
          0
          0
        135
        172
          0
          0
         42
          0
         63
          0
          0
          0
          0
          0
        255
        128
        153
        201
          0
        255
          0
          0
        111
          0
          0
          0
          0
        166
          0
          0
        183
          0
         31
        223
        174
          0
        105
          0
          0
         46
        174
         78
          0
        172
          0
          0
         84
          0
          0
          0
         94
         81
         84
         46
        255
          0
          0
          0
          0
          0
          0
        240
          0
          0
        108
          0
        255
          0
        139
        243
          0
          0
          0
          0
        255
          0
        200
          0
        255
         35
          0
          0
         30
          0
          0
         15
          0
          0
          0
          0
          0
          0
          0
        123
          0
          0
        143
          5
        139
          0
          0
          0
          1
        255
         61
          0
          0
          0
          0
        126
         31
        100
        146
          0
          0
          0
          0
          0
        168
          0
          0
         13
          0
        145
         66
        255
          0
        188
          0
          0
        154
         31
          0
          0
          0
        255
          0
         52
          0
         27
          0
          0
          0
        135
        105
          0
          0
        115
          0
          0
         75
          0
        255
          0
          0
          0
         78
        239
         86
        255
        116
          0
          0
          0
         29
        140
          0
          0
          1
          0
        255
        115
          0
          0
          0
         38
        209
         67
        131
        255
          0
          0
         14
          0
        255
        255
         93
        180
         43
        206
          9
        255
         24
        150
          0
          0
          0
          0
          0
        255
        175
          0
          0
         88
          0
        129
          0
         77
        209
          6
        162
        255
         22
         88
        141
         56
          0
          0
        213
          0
        198
        187
          0
        210
          0
          0
          0
          0
        147
          0
          0
        255
         10
         30
        255
          0
        192
         46
        135
        139
          0
          0
          0
        180
        211
          0
          0
          0
          0
          0
         77
          5
          0
        224
        181
          0
         94
         16
        163
         31
          0
        212
         80
          0
          0
          0
          0
          0
          0
          0
          0
         76
          0
          0
          0
        255
        101
         15
         47
          0
          0
        255
          0
          0
          0
          0
          0
        255
          0
          0
        204
          0
          0
          0
          0
        255
          0
          0
          0
          0
        194
          0
        255
        144
          0
          0
          0
         47
          0
          0
        255
        128
         82
          0
        129
          0
         61
        254
          0
          0
          0
          0
          0
          0
        137
         34
          0
         73
        176
          0
        255
          0
        223
        106
          0
          4
          0
         18
          0
        255
          0
         86
          0
          0
          0
        105
          0
        150
          0
         36
          4
        239
        100
          0
          0
          0
          0
         53
          0
        255
          0
          0
        255
         40
          0
        255
        255
        111
        176
          0
        101
          0
          0
          0
          0
          0
          0
        255
         32
          0
          0
          0
          0
        134
          0
          0
         59
          0
          0
          0
          0
          0
          3
          0
          0
        160
          0
          0
          0
          0
          0
          0
          0
          0
          0
          6
          5
        161
          0
          0
          0
        111
        108
        246
          0
        183
          0
        191
         17
          0
        223
          0
          0
        255
          0
          0
        255
         90
          0
         25
        102
          0
         28
          7
          0
          0
          0
          0
        106
          0
          0
          0
          0
          0
        130
          0
        165
        255
         23
          0
          0
          0
         16
        255
          0
        255
         49
          0
        174
          0
          0
          0
        121
         16
          0
         46
        128
        255
          0
          0
          0
          0
         36
          0
          0
          0
          0
          0
        117
          0
        105
          0
         48
          0
          3
          0
         30
          0
        111
         44
        255
          0
          0
          0
          0
         87
        171
         66
        130
        125
          7
          0
         37
         11
        255
          0
          0
        214
        208
        200
          0
        255
         92
          0
          0
          0
         53
        237
          0
        130
          0
         96
          0
          0
          0
         38
        170
         86
         58
         54
         65
        255
          0
          0
         15
         58
        255
        255
          0
          0
          0
          0
         88
        255
          0
          0
        156
        161
          0
         69
          0
        194
         93
        117
        255
          0
        166
         54
          0
          0
          0
          0
          0
          0
        125
        119
          0
          0
        255
         43
        206
         36
          0
          0
        200
          0
          0
          0
          0
          0
         62
          0
         81
        182
          0
          0
        193
          5
         70
         98
        255
         56
          0
          0
         45
          0
          0
          0
          0
          0
          0
        146
          0
          0
          0
         71
        152
          0
          0
        173
          0
          0
        220
          0
          0
        255
          0
          0
          0
         35
         17
          0
          0
        118
          0
         17
        159
        255
        135
          0
          0
          0
        255
          0
          0
        174
          0
          0
          0
        166
          0
        129
         51
         59
          0
          0
          0
        255
         34
         30
          0
          0
        225
          0
          0
          0
          0
          0
        152
        255
        154
          0
        255
         11
        255
        215
          0
          0
          0
          0
          0
        255
        104
        215
          0
         69
         15
          0
         91
          0
          0
         93
          0
          0
          0
          0
        115
          0
          0
          0
        178
          0
          0
          0
         65
         21
          0
          0
          0
        128
          0
          0
          0
         39
        127
          0
          0
        125
        255
         44
          0
          0
          0
          0
          0
          0
          0
          0
         36
         66
          0
          0
         10
        255
          0
          0
          0
        175
          0
        255
         41
          0
          0
          0
        167
          0
         84
          0
          0
          0
          0
         84
         15
        255
         99
          0
          0
         63
          0
        126
          0
        115
        210
         33
          0
          0
          0
         32
        255
          0
          0
        169
          0
          0
          0
        246
         97
         83
         17
          0
          0
          0
          0
          0
          0
        255
        185
         24
          0
         25
        180
        255
        126
         79
        102
        196
          0
          0
          0
          0
         30
          0
        147
          0
          0
          0
        255
          0
         83
        255
          0
        165
         89
         28
        147
          0
          0
        255
          0
        177
          0
         32
          0
         99
        171
          0
          0
          0
          0
        149
         32
         16
          0
          0
        255
          0
        130
         44
        168
          0
          0
         39
          0
          0
          0
          0
        255
        234
          0
        255
        139
          0
        108
         80
         84
          0
        255
         40
          0
         83
          4
          0
          0
          0
          0
          0
          0
         80
          0
          0
         99
        113
          0
        133
         49
        142
          0
          0
          0
          0
          0
        255
          0
          0
          0
         17
        239
          0
         60
          0
         18
          0
          0
        255
          0
          0
         15
        152
          0
          0
         30
        156
          0
        234
          0
        255
          0
         81
          0
          0
          0
        178
          0
          0
        132
          0
          0
          0
          0
        180
          0
          4
        188
          0
          0
        255
          0
          0
        120
         88
          0
         29
        173
        123
        114
        255
        108
          0
        165
          0
          0
          0
          0
        167
         39
          0
          0
          0
          0
         72
        180
          0
        213
         24
        190
          0
          0
        255
          0
         84
         26
          0
          0
        104
          0
          0
          0
        255
         10
        252
        118
          0
          0
          0
          0
        255
          0
          0
         56
         22
          0
         33
        232
          0
          0
          0
          0
          0
        173
          0
          0
          0
          9
          0
          0
        110
          0
         76
          0
        185
         25
        255
          0
        154
          0
          0
          0
          0
         48
        255
        105
          0
          0
         21
        196
        255
          0
         52
          0
          0
         46
          0
        146
          0
        148
         46
          0
          0
        125
          0
          0
        186
         86
          0
        168
        160
         20
          0
          0
        138
          0
        216
        135
          0
          0
         94
        174
          0
         90
         50
          0
          0
          0
        255
         47
          0
         39
        204
         47
        255
          0
          0
          0
          0
          0
          0
          0
          0
         96
          0
          0
          0
         36
          0
        173
         29
          0
         96
        109
          0
         39
          0
          0
          0
          0
          0
          0
          0
          0
          0
        109
          0
         15
          0
        181
          0
        200
        255
          0
        202
          0
          0
        248
         70
          0
         26
        183
        100
          0
         25
         92
          0
         80
          0
        194
         11
        136
          0
          0
          0
          0
        163
          0
        177
          0
          0
         75
         60
          4
         84
        136
          0
          0
          0
         24
          0
          0
        255
         59
        137
          0
         20
          0
          0
          0
        122
          0
          0
          0
        255
          0
          0
          0
          0
          0
        255
          0
          0
        111
        239
          0
        254
         27
        190
          0
          0
        255
          0
         64
        255
         99
          0
          0
          0
        139
        152
          0
          0
          0
          0
          0
        228
          0
         63
        149
          0
        255
        255
          0
          0
         19
          0
         31
        255
        108
        220
         12
          0
          0
        206
          0
          0
          0
        154
          0
          0
          0
        225
          0
          0
          0
         11
         97
          0
          0
         40
        184
        125
          0
        255
          0
        131
         18
        206
        160
        106
        118
          0
          0
          0
        255
          0
          0
        255
          0
         16
         52
          0
        218
          4
        172
          0
         31
          0
          0
          0
          0
        255
         31
         44
          0
          0
         27
          0
         60
          0
          0
          0
        133
          0
         36
          0
          0
          0
         98
          0
          0
         52
          0
        145
         91
          0
          0
         54
          0
          0
        149
          0
        124
          0
        255
          0
          0
        211
        164
        171
         94
        255
          0
        129
        110
        118
          0
         72
          0
          0
          0
          0
         12
        114
          0
          0
          0
        218
          0
         11
        178
          0
          0
          0
         58
          0
        255
          0
          0
          0
          0
          0
        242
          0
         18
        255
          0
          0
        235
        216
         47
          0
         68
          0
          0
        150
          0
         13
         72
        200
        239
        124
          0
          0
        104
          0
          0
          0
          0
          0
        255
          0
         10
          0
          0
          0
        192
          0
        127
        223
          0
          0
          0
         26
          0
          0
          0
        132
        255
          0
          0
          0
        255
         23
        179
         54
         63
        255
          0
          0
          0
         54
          0
          0
          0
          0
          0
        102
         55
        255
         73
        137
          0
          8
          0
          6
          0
        255
          0
         34
          0
          0
          0
         40
          0
          0
          0
          0
          0
        255
          0
        223
          0
          0
         59
        224
        128
          0
         92
        255
          0
          0
          0
         43
          0
         15
          0
          0
         89
          0
          0
         64
          0
          0
          0
        108
          0
          0
          0
          0
          0
        255
        144
          0
         94
        244
          0
          0
        180
        186
          0
         27
          0
        255
          0
          0
          1
          0
        255
         94
          0
          0
        183
          0
        255
          0
          0
          0
          0
         48
        180
         39
        128
          0
        153
          0
        255
        126
         67
          0
        205
          0
          0
        189
          0
        190
          0
        215
        255
          0
          1
          0
         83
        224
         48
          0
          0
         87
        183
         40
        135
         20
          0
         64
          0
        255
          0
        216
          0
          0
        255
        255
          0
          0
         47
          0
        210
        227
         79
        195
          0
        138
          0
        255
         63
        255
          0
          0
          0
         29
          0
          4
          0
          0
          0
        201
          0
        255
          0
          0
        121
         53
        247
        255
          0
          0
         12
         66
         43
          0
          0
          0
          0
          7
          0
          0
         59
          0
          0
         66
          0
          0
          0
        197
        255
         60
          0
          0
         84
          0
          0
          0
         42
          0
          0
        252
          4
          0
        214
          0
          0
          0
          0
          0
         89
        134
          0
          0
          0
        255
          0
          0
          0
          0
          0
        255
        255
        133
          0
         70
         40
        172
          0
        179
        144
        130
          4
         22
          0
          0
          0
        233
          0
          6
        111
          0
          0
          0
        255
         65
          0
        255
         99
        144
         50
          0
         88
        119
          0
        117
          0
          0
         86
        201
          0
          0
          0
          0
        255
        113
          5
        183
          0
         99
         68
          0
        100
          0
          0
          0
         91
          0
          0
        144
        147
          6
        255
          0
          0
        119
        101
         36
        130
        173
          0
        255
        157
         72
         57
         77
        255
          0
        203
          0
        169
          0
         75
        255
          0
          0
          0
          0
         28
        161
          0
          0
          0
         73
        255
          0
          0
         26
          0
         45
         50
        153
          0
        255
        253
          0
          0
          0
        109
        160
         97
         11
          0
         84
          0
        255
          0
         80
          0
          0
          0
         67
          0
          0
          0
          0
        255
          0
          0
        216
          0
         24
          0
         55
          0
        255
          0
          0
         74
          0
        255
          0
         45
          0
          0
          0
          3
          0
          0
          0
          0
          0
         38
          0
          8
          7
          0
         69
        125
          0
          0
         57
          0
         51
          0
         50
        166
        255
         15
         13
          0
         36
        190
          0
         65
          0
          0
         43
         47
          0
         48
          0
          0
          0
        249
          5
          5
        191
          0
          0
        255
          0
         82
          0
          0
         61
          0
        113
          0
        229
        164
        171
          0
         18
        255
          0
         66
         12
        206
          0
         88
          0
        148
          0
          0
          0
        255
          0
         96
        115
          0
          8
        255
          0
        151
        220
          0
        135
          0
        133
          0
        255
        144
        177
          0
          0
        255
        255
          0
          0
        219
         64
          0
        255
         55
        109
          0
          0
          0
          0
         47
          0
          0
          0
        255
          0
          0
          0
          4
          0
          0
         68
         81
          0
          0
        196
        255
          0
        255
        237
        103
        149
        129
          0
