          0
          6
         85
          0
         75
          0
         23
          0
          3
          0
        134
          0
          0
         90
          0
          0
          0
          0
        223
          0
         40
         56
          0
          0
          0
          0
         20
        161
          0
          0
        255
          0
         14
          0
          0
         49
         40
         66
         52
          0
          4
          2
         25
          0
         94
          0
          0
          0
        203
         46
          0
          0
         29
          0
          0
         40
          0
          0
        167
          0
          0
        143
          0
          0
          0
         76
          0
        213
          0
        192
         27
        101
         22
          0
          0
          0
        113
         26
          0
        175
        150
        194
          0
        255
          0
          0
          0
          0
         39
        131
        138
        255
          0
          0
          0
        238
          0
          0
          0
          0
          0
        255
          0
          0
         31
         24
          0
          0
          9
          0
          0
          0
          0
          0
         10
        255
          0
          0
         42
        118
          0
          3
         99
          0
         39
          0
        246
          0
        163
          0
        124
          0
          0
          0
         71
         36
          0
          0
        137
         71
        112
          0
        174
          0
        100
        173
         42
        255
          0
          0
          0
        190
          0
         32
        150
          0
        119
        153
         27
          0
         54
          0
        141
          0
          0
          0
         16
        142
         95
          0
          0
        184
        112
        255
        156
          0
          0
        167
         35
          0
         20
        195
         66
         97
          0
        149
        175
        199
        138
         23
          0
          0
          0
         16
         67
          0
        146
         23
          0
          0
          0
          0
          0
          0
         39
          0
         12
          0
          0
          0
         77
          0
        112
         79
          0
         13
          0
          0
        143
          0
          0
         49
        197
          0
          0
          0
          0
        129
          0
        255
          0
        180
          0
         75
          0
          0
          0
          0
          0
        255
          0
          0
         25
          0
          0
        151
          0
          0
          0
        222
          0
          0
         50
          0
          0
          0
        126
          0
          0
          0
         13
        255
          0
          0
         92
          0
         41
         50
        106
          0
         44
          0
        103
          0
          0
        150
        140
          0
          0
          0
          0
          0
        202
        146
         97
        108
          0
         63
          0
          7
          0
        164
          0
         17
        136
          0
         11
         40
        142
        147
        152
        243
          0
          0
          0
          0
          0
          0
         77
          0
         67
        158
          0
          0
          0
        255
         58
          0
          0
          0
         35
          0
          0
          0
        137
         55
          0
        117
         67
          0
          0
        178
        169
          0
         13
        246
          0
        163
         64
          0
          0
        148
          0
        190
        255
          0
          0
          0
          0
          3
          0
          0
        175
          0
         52
          0
        218
        231
        113
        121
          0
         32
          0
          0
          0
          0
          0
          0
         67
          0
          0
          0
          0
        255
          0
          0
         29
          0
        106
        255
         88
          0
        255
          0
          0
          0
          0
         66
        255
        255
          0
        128
          0
          0
          8
        127
        170
        209
          0
        163
         83
          0
         14
          0
          0
          0
          0
          0
          0
          0
        101
          0
        186
        113
          0
          0
         64
        132
        151
          0
        208
          0
          0
          0
         46
          0
         44
          0
          0
          0
          0
          0
         28
          0
         30
          0
        107
          0
          0
         53
          0
        104
          0
          0
        171
        145
          0
         41
        152
        207
         46
          0
          0
         49
          0
          0
         91
          0
         15
         74
          0
          0
         12
        117
         45
        126
         13
        255
         92
        171
          0
          0
          0
         35
         15
          0
          8
          0
          0
         57
         82
         10
        242
          0
         61
        187
          0
          0
          0
          0
          0
          0
          0
          0
         77
          0
         41
          0
          0
          0
          0
        204
          0
        108
        106
          0
          0
          0
         73
        104
          0
         32
