          3
         28
         70
          0
          0
        215
          0
          4
        149
          0
          0
          0
          0
         34
          0
          0
          0
          0
         95
         29
        214
          0
         36
        246
          0
          0
          1
         99
          0
          0
          0
          0
         79
          0
          0
          0
          0
          0
          0
         26
        181
          0
          0
          0
          0
          0
          0
        197
          0
          0
          0
         62
          0
          0
          0
        255
        253
          1
          0
        174
          0
         98
          0
          0
         21
          0
          0
          0
          0
          0
          0
          0
        166
        107
          0
        206
         11
          0
         75
          0
          3
          0
          0
          0
          0
         96
          0
          0
        116
         40
        169
          4
        255
        175
          0
          0
          0
          0
        124
          9
          0
          0
          0
          0
        255
          0
          0
          0
          0
          0
        193
          0
          0
          0
          0
          0
          0
        154
        180
          0
        255
          2
          0
          0
        255
        158
          0
         34
         12
          0
         72
          0
          0
        255
          0
          0
          0
          0
          0
          0
          0
          0
         94
         50
          0
          0
          0
          0
          0
         27
        173
          0
        206
          0
        255
          0
          0
        145
         80
          0
        189
        255
        151
          0
          0
          0
         25
          0
         65
          0
          0
          0
          0
          0
        121
         26
          4
          0
         57
          0
          0
          0
        169
          0
        246
          0
          0
          4
        255
         54
         63
          0
        186
          0
        198
          0
          0
        255
          0
          0
          0
          0
        255
          0
          0
          0
          0
          0
         39
          0
         39
          0
          0
        117
         35
        101
        255
          0
          0
        205
        255
          0
          1
         82
         94
          0
        141
         80
         96
          0
         59
          0
          0
          0
        194
          0
          0
        110
         58
         41
        115
          7
          0
          0
          0
          0
        169
          0
        255
          0
          0
          0
          0
          0
        140
        100
          0
         70
          0
          0
         82
          0
         35
          0
        127
          0
        255
        106
          0
          0
          0
        164
          0
          0
          0
        204
        131
          0
         98
         92
        221
          0
        121
         25
        255
         67
          7
          0
          0
        255
          0
          0
          0
          0
         67
          0
          0
          0
          0
          0
        126
         52
          0
          0
          0
          0
          0
          0
          0
          0
          0
          8
         95
         25
          0
         56
        255
          0
          0
          0
         95
          0
          0
          0
         14
          0
         34
          0
        255
          0
          0
          0
         99
        102
          0
        191
          0
          0
         60
          0
          0
          0
          0
         40
        136
          0
          0
        194
        255
          0
          0
          0
          0
        135
        190
        255
          0
        255
         55
          0
        255
          0
          0
          0
          0
        107
        139
        198
         57
         20
         52
         22
        225
          0
          0
          0
        255
          0
          0
          0
          0
        255
          0
          0
          0
          0
          0
        113
          0
          0
          0
          0
          0
          0
        255
          0
         71
          0
          0
          0
          0
          0
        202
         20
          0
          0
        197
          0
        188
         75
          0
         53
        255
          0
         31
          0
          0
         59
          0
         59
          0
          0
          0
         47
        250
          0
          0
          0
         73
        110
          0
          0
          0
          0
          0
          0
          0
          0
        153
          0
         15
        152
        103
        211
        255
          0
          0
          0
          0
        253
          0
          0
          2
          0
          0
          0
          0
          0
          0
          0
          0
          0
        102
          0
        114
          0
          0
          0
          9
        237
         60
         36
          0
          0
          0
          0
        156
         18
          0
          0
          0
          0
        189
        255
          0
        255
          0
        156
          0
          0
         91
          0
          0
          0
        212
        106
          0
        101
         42
         92
         50
          0
        105
          0
        255
        154
          0
        198
        255
          0
         45
          0
          0
         55
          0
          0
         45
          0
          0
        167
          0
         50
          0
        255
        121
         54
          0
          0
          0
          0
          0
        103
          0
          0
        170
        205
        255
          0
          6
        101
          0
        211
         27
          0
          0
          0
          0
          0
          0
          0
          0
          0
        255
          0
          0
          0
         25
         89
        207
          0
          0
          0
          0
          0
        101
          0
          0
          0
        145
          0
          7
          0
        255
          0
         16
          0
          0
          0
        106
          0
         33
        255
         59
          0
        129
          0
        161
          0
        112
          0
          0
        116
         58
          0
          0
          8
        172
         53
          0
         28
        161
        117
          0
          0
        132
        115
          0
          0
          0
          0
        143
        254
         20
          0
          0
        161
          0
          0
        255
          0
         72
          0
        212
        183
         97
          0
          0
          0
        143
        108
          0
         42
        158
          0
          0
          0
        113
          0
         11
          0
          0
          0
          0
        143
          1
          0
          0
         12
          0
          0
        189
        127
         75
          0
          0
          0
          0
          0
          0
         99
          0
          0
          0
        151
         71
          0
         92
         31
        255
        241
          0
          0
          0
        236
          0
          0
         60
        255
          0
        126
        255
          0
          0
          0
         69
          0
        164
         30
         56
          0
          0
          0
          0
          0
        130
          0
        241
          0
          0
          0
        255
          0
          0
         11
          0
        255
          0
          0
         64
          0
          0
          0
          0
         10
        255
          0
          0
          0
          0
        159
          0
          0
          0
          0
          0
        206
          0
         93
          0
          0
          0
        182
        255
        252
          0
          0
        141
          0
          0
        121
         64
        255
          0
          0
          0
         84
        238
         93
          0
         76
          0
         62
         46
        142
          0
         25
        138
        255
        178
         78
        204
         87
          6
          0
          0
          0
          0
         67
          6
          0
        117
          0
         19
          0
          0
         33
        243
          0
        118
        255
         91
         78
          0
        191
          0
          0
          0
         90
          0
        112
        129
          0
          0
          0
          0
         86
        255
          0
        255
         83
          0
        145
        132
          0
         44
          0
         25
        157
        255
          0
         62
        184
          0
          0
         59
          0
          0
         63
          0
          0
        193
         14
          0
          0
        227
        153
          0
        132
        255
          0
          0
          0
         74
        122
         94
          0
          0
          0
         34
          0
        158
          0
         63
          0
         53
        117
        200
          0
          0
          0
          0
          0
         98
         19
          0
        247
        255
          0
          0
        110
          0
         24
          0
        191
          0
          0
          0
          0
          0
          0
         18
        202
        255
         59
          0
         71
          0
          0
        147
        109
        108
          0
         54
         24
        156
          0
          0
        249
        220
        146
          0
          0
          0
          0
          0
          0
          0
          0
          0
          0
         96
          0
         58
          0
        255
          0
        255
          0
          0
          0
          0
        189
          0
          0
         26
          0
          0
          0
          0
          0
        251
          0
          0
        170
          0
        156
          0
          0
         46
        146
          0
          0
          0
         77
          0
          7
        255
          0
          0
        173
          0
          0
          0
          0
          0
          0
          0
         66
          0
          0
         81
        255
         92
          0
          0
        111
          0
          0
          0
         36
        244
        139
          0
         68
         79
          0
          0
         88
          0
          0
        205
          0
         82
          0
        119
          0
          0
          0
        255
          0
        205
         78
          0
          0
         76
          0
          0
        126
          0
        181
          0
        178
         46
        164
          0
         59
         38
        255
          0
          0
          0
          0
          0
         91
          0
          0
        218
         85
          0
        176
          0
         89
        139
          0
          0
        189
         94
          0
          0
          0
          0
          0
          0
          0
        255
          0
        100
          0
         81
        255
         41
         87
        166
          9
          0
          0
        126
          0
          0
        163
          0
        214
          0
          0
         80
        248
        107
        255
        239
          3
         51
         89
          0
        123
        151
          0
          0
          0
        223
          0
         28
        255
          0
          0
          0
          0
          0
          0
          0
         44
          0
          0
          0
         47
          0
         74
         11
          0
          0
          0
          0
          0
          0
         93
        255
          0
          0
          0
          0
        243
          0
          0
          0
          0
         18
        161
        255
          0
          0
        255
          0
          0
          9
          0
         18
          0
          0
          0
          0
          0
          0
          0
         18
         33
          0
        162
        215
        190
          0
          0
          0
        194
          0
        255
          0
          0
         31
         97
        255
          7
        118
          0
        117
          0
        137
        176
          0
          0
          0
        158
         69
          0
          0
         61
         71
         71
          0
        141
        255
         88
          0
          0
          0
         98
        223
        255
          0
         51
          0
          0
        255
          0
          0
         83
        124
          0
          0
          0
          6
          0
         95
          0
          0
          0
          0
         14
        224
          0
          0
          0
        255
        255
          0
        225
          0
          0
          0
          0
         28
        255
          0
          0
        255
          0
          0
          0
          0
          0
        158
         11
          0
        147
          0
         97
        108
        120
        131
        255
        238
          0
          0
        105
          0
         76
        121
          0
          0
          0
          0
          0
          0
          0
          0
          0
          0
         76
        255
         16
         35
          0
        151
          0
          0
        140
         22
          0
        128
          0
          0
          0
        247
          0
        211
         69
          0
         43
          0
          0
          0
        171
          0
        255
          0
          0
         60
          0
          0
          0
         64
         25
          0
          0
          0
         56
         51
         38
         91
        125
          0
        172
        197
          0
        255
          0
          0
        145
          0
          0
          0
         99
          0
          0
        141
          0
         67
        255
          0
          0
        127
         44
        255
          0
        121
         96
        173
        165
          0
          0
          0
        172
          0
        238
        121
          0
          0
          0
          0
         33
          0
          0
        255
          0
          0
        236
          0
          0
         64
          0
          0
          0
          0
         71
        255
          0
         35
          0
          0
          0
          0
        146
        255
         75
         24
          0
          0
          0
         68
        100
          0
        168
        255
        255
          0
          0
          0
        254
          0
          0
          0
          0
          0
          0
        122
          0
        251
        228
          0
        106
          0
          0
          0
          0
          0
          0
          0
          0
          0
         76
         77
        123
        171
         80
          0
        255
          0
          0
          0
          0
          0
          3
         11
         29
         46
          0
        190
          0
          0
        240
          0
         81
          0
          0
        124
          0
          0
        255
          0
        117
          0
          0
        161
          0
          0
         24
        255
        255
         82
         37
          0
        232
          0
         42
          0
          0
          0
          0
        216
         12
          0
          0
          0
          0
        110
          0
          0
         36
          0
          0
        136
         12
          0
          0
        124
          0
          0
          0
        255
          0
          0
          0
          0
        219
          0
          0
          0
          0
         25
          0
        255
          0
          0
          0
        106
          0
          0
         20
          0
        222
         99
         26
         96
          0
          0
        176
         83
          0
          0
         22
          0
        155
          0
          0
          0
        196
          0
          0
          0
        255
          0
          0
          0
          0
          0
        255
          0
          0
          0
          0
          0
          0
        200
          0
          0
          0
          0
         90
        241
          0
        255
        130
        255
          0
          0
         62
          0
        255
          0
          0
          0
        255
          0
          0
          0
          0
        144
          0
          0
          0
          0
         61
          0
         12
         30
         66
         95
          0
        183
          0
        247
          0
          0
          0
          0
          0
          0
        147
          0
          0
        222
          0
         68
          0
          0
          0
          0
          0
         91
          0
        119
          0
          0
        180
        116
          0
        255
         49
        185
         81
        119
        245
        235
          0
          0
         54
          0
          0
        255
          0
        132
        255
          0
          0
         19
          0
         15
          0
        255
          0
          0
        201
         36
          0
        153
          0
          0
         86
        166
         95
          0
          0
          0
          0
          0
          0
          0
        175
          0
        255
          0
          0
          0
        107
        180
          0
         71
          0
          0
          0
        169
         30
        255
          0
         35
          0
        146
          0
         92
          0
         90
         77
          0
         27
         10
          0
          0
          0
          0
          0
        213
          0
        255
          0
          0
        255
        195
          0
         66
          0
          0
          0
          0
          0
        255
          0
        114
         94
          0
          0
          2
          0
          0
          0
          1
          0
        127
          0
          0
        154
         50
        106
         76
          0
        255
          0
          0
        247
          0
          0
         61
          0
         24
          0
          0
          0
        255
          0
        126
         90
          0
         44
         76
        103
        255
        186
          0
          0
          0
          0
        134
        112
          0
         91
        147
          0
          0
        185
          0
        190
          0
        113
          0
        255
         40
          0
          0
          0
        255
          0
        134
          0
          0
          0
          0
          0
          0
         58
          0
         60
          0
          0
        108
          0
          0
          0
        255
         44
          0
         35
          0
        255
          0
         80
          4
        255
         28
          0
          0
          0
          0
          0
          0
          0
         38
          0
          0
         92
        255
          0
          0
          0
         17
          4
        237
        146
        185
          0
          0
          0
          0
          0
        210
          0
        142
        255
         56
          0
          0
        147
          0
          0
        231
          0
          0
          0
          0
         68
         83
          0
          0
        105
          0
        232
          0
         74
        197
        132
        255
        166
          0
          0
         82
          0
        120
        150
          0
          0
          0
          0
         18
         20
        255
         38
         61
        195
          0
          0
          0
          0
          0
        108
        255
        255
          0
          0
         43
          0
          0
          0
          0
          0
         28
          0
          0
         74
          0
          2
          0
          0
          0
          0
         60
         22
          8
         72
          5
          0
        105
         46
          0
          0
          0
        107
        255
         52
         46
          0
          0
         19
          0
        128
          0
          0
         30
          0
          0
          8
          0
          0
        231
        233
          0
        255
         19
        128
         21
         84
          0
          0
         43
          0
          0
          0
         78
          0
        194
          0
          0
         13
         60
          0
          0
         57
          0
          0
         28
        167
          0
          0
        154
          0
          0
          0
          0
          0
          0
          0
        255
         30
          0
          0
        108
         44
          0
          0
          0
         14
        194
          0
        136
          0
          0
          0
        251
         22
          0
        145
          0
        255
          0
          0
          0
          0
          0
          0
          0
        255
          0
          4
        134
          0
        174
          0
         93
          0
        159
          0
          0
         92
        255
          0
        228
          0
          0
          0
        255
         22
          0
        134
          0
        183
        255
         27
          0
          0
          0
        255
          0
        255
         17
         19
        238
         60
        233
          0
         93
          0
          0
          1
          0
          0
        252
          0
        161
          0
          0
          0
          0
         91
         38
        124
          0
         19
        139
        126
          0
          0
          0
        255
          0
        255
         37
         47
        164
          0
         40
          0
        123
          0
          0
          0
        109
        141
        255
         72
          0
          0
        121
          0
          0
          0
          0
          0
          0
          0
          0
          0
        158
         86
          0
        193
          0
          0
         39
          2
          0
          0
          0
         90
          0
          0
          0
         35
          0
         64
          0
          0
        230
          0
          0
          0
          0
          0
          0
          0
          0
          0
        255
          0
