          0
          0
        180
          0
          0
          0
          0
          0
          0
          0
         58
         66
          0
          0
         16
          0
        255
          0
        127
        136
          0
         77
         80
        255
          0
        161
         52
         29
         27
          0
         25
         51
          0
          0
         37
          0
         31
        226
          0
          0
          0
         28
        116
         10
          0
          0
          0
          0
        255
          0
          0
          0
          0
         87
         66
          0
          0
          0
          6
          0
         16
          0
          0
         50
          0
        141
          0
          0
        222
          0
         17
          0
         40
          0
         77
          0
          0
          0
          0
          0
          0
          0
         78
          0
        159
          0
        200
          0
          0
        157
          0
          0
         44
        107
         32
        141
          0
          0
          0
         28
        132
        255
          0
          0
        153
        197
         48
        239
          0
          0
          0
        168
         68
          0
          0
          0
        255
         71
        135
         53
          0
         64
          0
          0
          0
          0
          0
          0
          0
        219
          0
          0
          0
         66
        224
         93
        120
        255
          0
        211
        101
         93
         29
          0
          0
         17
        145
          0
          0
          0
          0
        130
          0
          0
          0
          0
         42
        255
         17
          0
        178
        115
          0
          0
         27
         46
          0
         45
          0
          0
          0
          0
          0
          0
          0
         45
        255
          7
          0
          0
          0
        137
          0
         84
          0
          9
         70
        184
          0
          0
          0
        255
          0
         40
          0
          0
         70
        255
          0
          0
          0
        119
          0
        173
          0
          0
          0
          0
          0
         43
        248
          0
        128
        147
        118
        255
          0
          0
         98
        140
         38
        239
          0
         29
         30
        199
        129
          0
          0
          0
          0
        128
        137
        103
          0
        234
          0
          0
          0
          0
          0
        213
          0
          0
        255
         12
          0
          0
          0
          0
        145
          0
          0
          0
          0
          0
          0
        155
          0
          0
          0
          0
          0
          0
          0
          0
          0
          0
        103
          0
         61
        137
        182
         78
        153
          0
          0
          0
        156
        255
          0
          0
          0
          0
         22
          0
          0
        187
         66
          0
          0
          0
          0
        255
          0
         30
        130
        217
          0
          0
          0
          0
        195
          0
          0
          7
          0
          0
          0
          0
        121
        144
          0
        190
        110
          0
         36
        255
          0
        255
          0
          0
          0
          0
          0
          0
         90
          0
          0
        219
          0
        198
          0
         17
        199
          0
        255
          0
        108
          0
        255
        147
        113
         66
          0
        203
        117
          0
         37
        210
          0
         90
          0
        101
         23
         54
         25
        120
        255
        118
          0
          0
          0
        135
          0
          0
          0
          0
        255
        230
          0
         18
        255
          0
        152
          0
          0
         70
        150
          0
          0
          0
         52
          0
          0
          0
          0
          0
        255
        114
        255
         40
        142
          0
          0
          0
          0
         36
          0
          0
         58
        229
        123
        255
         94
        136
          0
          0
         90
          0
          0
         26
          8
          0
         77
        255
          0
          0
          0
        177
          0
          0
         89
          0
         27
        231
         97
          0
          0
         17
          0
          0
         67
          3
        202
          0
          0
        173
          0
          0
          0
          0
        124
         21
          0
          0
          0
         11
        100
          0
        255
          0
          0
          0
        255
          0
         37
        227
         51
          8
          0
          6
          0
        224
          4
        255
         21
          0
         34
        106
        255
        213
          0
          0
          0
          0
          0
         36
          0
        122
        255
         40
          0
          0
        255
          0
          0
        114
          0
          0
          0
          0
          0
          0
          3
          0
         36
        255
         48
         32
        145
          0
          0
          0
          0
          5
          0
          0
          0
          0
          0
          0
