          0
          0
          0
        146
          0
         64
          0
          0
          0
         16
          0
         37
         73
          0
          0
          0
         99
         72
         60
          0
          0
          2
         36
          0
          0
          0
          0
          0
        255
        237
         42
         38
        159
          0
         51
         90
          4
          0
        167
          0
        179
          0
          0
         60
          7
         33
          0
        255
        255
         20
          0
          0
        118
          0
         58
          0
          0
        144
          0
          0
        255
          0
         57
          0
          0
          0
          0
          0
          0
          0
        218
          0
         62
        154
        255
        103
          0
          0
          0
        255
        255
          0
          0
          0
         23
          0
         33
        118
          0
         18
          0
          0
          0
          0
          0
          0
          0
         22
         41
        171
         33
          0
          0
          0
        196
        255
          0
          0
          0
          0
         21
          0
        255
          0
          0
         87
         28
          0
         94
        171
         27
          2
        255
          0
        255
          0
          0
          0
        142
          0
          0
        241
          0
          0
        255
          0
        197
        159
         22
          0
        222
        104
        115
        121
        255
          0
          0
          0
        254
          1
          0
          0
         41
          0
          0
          0
        255
        112
          0
          0
         59
          0
          0
         88
          0
        173
          0
          0
          0
          0
          0
         32
        126
          0
         61
         63
          0
        255
          0
         65
        212
          0
          0
         23
          0
        179
         26
         90
        255
          0
        215
          0
        125
          0
          0
        188
        255
          0
        187
          0
          0
        255
          0
          0
         19
         62
          0
          0
          0
          0
          0
          0
         55
          0
          0
         15
          0
          0
        165
         95
          0
          0
        186
        225
          0
         65
          0
          0
        185
          0
        244
          0
         70
          0
          0
        160
          0
        139
         77
        255
          0
         70
        184
         53
        154
          0
          0
          0
          0
        169
        255
          0
         78
          0
        212
          0
        144
          0
          0
         53
          0
          0
          0
          0
          0
          0
          0
          0
        215
          0
          0
          0
        255
          0
          7
          0
         35
         12
          0
        131
         96
          0
        104
          0
        211
          0
          0
          0
         55
          0
          1
          0
        255
        116
          0
          0
        221
          0
          0
          0
        122
          0
          0
          0
        255
         88
          0
         93
          0
          0
         45
        146
          0
         98
        255
          0
          0
        198
        172
          0
         47
         34
        179
        116
          0
          0
         69
          0
          0
        221
          0
         32
        215
          0
          0
        255
        255
          0
          0
         30
          0
          0
          0
         15
          0
        122
          0
         89
         28
        238
          0
         61
          0
        101
          0
        166
          0
         28
        190
         76
          0
        255
          0
          0
        230
          0
         15
          0
          0
          0
          0
          0
        230
          4
          0
        141
          0
          0
        135
          0
          0
          0
          0
        224
          0
          0
          0
          0
          0
         87
          0
          0
          0
        178
         32
         91
          0
          0
          0
         75
          0
        238
          8
          0
          0
          0
          0
         82
          0
        142
        255
         73
          0
         81
         12
          0
        126
          0
          0
          0
        232
          0
        255
          0
         37
          0
         66
          0
        125
          0
          0
          0
        255
        255
          0
          5
         92
          0
        118
        195
          0
         72
        255
          0
          0
          0
          0
        175
          0
        162
        244
          0
         27
          0
          0
          0
          0
          0
        120
          0
        127
          0
          0
        255
        255
          0
          0
         75
        146
         93
          0
          5
          0
        167
          0
          0
         96
        125
        112
          0
          0
        114
          0
          0
          0
          0
          0
         10
          0
          0
         81
         59
         30
          0
         16
          0
          0
          0
          0
        101
          0
          0
          0
         42
        149
          0
          0
          0
        107
        181
         34
          0
