        245
         99
         63
          0
         49
          0
          0
          0
          0
          0
          0
          0
          0
        255
        255
          0
        204
          0
          0
         10
         58
          0
         70
          0
        143
        224
         99
         87
          0
        206
          0
          0
        255
          0
         91
        172
          0
          0
          0
          0
          0
          0
         63
          0
         81
        255
        196
          0
         95
          0
        255
        125
        217
        167
         25
         34
          0
        147
         91
        188
         64
        228
         63
        161
          0
          0
         38
          0
        152
          0
        255
          0
          0
          0
          0
          0
         28
         58
          0
          0
          0
          0
        103
         88
        255
        132
          7
         29
          0
        229
        153
        225
          0
          0
          0
          0
         55
        255
          0
        169
          0
         59
          0
          0
          0
        204
          0
          0
        119
          0
          0
          0
          0
          0
          0
          0
          0
        172
          0
          0
          0
          0
          0
         10
          0
          0
         79
          0
          0
        113
        123
         89
          0
          0
          0
          0
          0
          0
          0
         65
         68
        255
          0
          0
         60
          0
          0
          0
        255
          0
         76
          0
        174
        201
          0
          0
        116
          0
          0
        210
          0
          0
          0
        140
          0
         43
          0
        209
          0
        100
          0
          0
         51
         17
          0
          0
         13
          0
          0
        141
          0
          0
         55
          0
          0
         55
        156
        237
         63
        159
         89
          0
        179
          0
          0
         28
          0
          0
        255
         22
          0
        203
         10
          0
        102
        253
          0
          0
         18
          0
         80
          0
        115
          0
         16
         26
         10
         51
         13
         67
          0
          0
          0
        146
          0
          0
          0
          0
          0
        130
         46
          0
          0
          0
         25
          0
          0
          0
          0
          0
          0
          0
          0
          0
          0
          0
         48
          5
          0
          0
          0
        146
         14
         10
          0
         51
        255
          0
        170
         88
         19
          0
        112
        255
         81
        255
          0
        106
         51
        204
          0
          0
        136
        227
          0
          0
          0
          0
          0
          0
        166
        243
         55
         54
         77
          0
          0
          0
          0
          0
          0
        139
          0
          0
         66
        171
         50
          0
          0
          0
          2
          0
          0
          0
          0
          0
         37
          0
        144
          0
        104
         63
        163
          0
          0
          0
        110
          0
          0
          0
          0
          0
        163
          0
          0
          0
         26
        178
        196
          0
          0
          0
         63
         88
        198
          0
          0
          0
        174
        180
        254
          4
         92
         63
          1
        240
          0
        145
          0
          0
         22
         26
          0
          0
          0
          0
        131
        124
        213
        109
          0
          0
         59
         25
          0
          0
         85
         31
          0
          0
          0
         94
          0
         14
          0
          0
          0
          0
          0
          0
          0
         53
          0
         84
          0
          0
        164
         62
          0
          0
          0
        255
          0
        167
         49
        159
          0
          0
          0
          0
          0
         52
          0
        140
        204
        145
         11
          0
        159
          0
        192
          0
         11
          0
          0
         86
          0
          1
          0
          0
         45
         71
          0
         70
          0
        255
        121
         40
          0
        162
          0
        255
          0
         40
          0
         94
        155
        130
          0
          0
          0
          0
         26
        210
        173
          0
         41
          0
         77
          0
          0
          0
          0
        238
          0
        117
         99
        255
         14
          8
          0
        150
          0
         52
          0
        124
        221
        157
        159
         58
         33
          0
         47
          0
          0
          0
        155
         11
         52
          0
          0
         75
          0
          0
        171
        132
          0
        156
          0
         73
          0
         22
          6
          0
        255
         47
          0
          8
          0
          0
          0
         42
         85
         64
          0
          0
        183
         32
         82
          0
        146
          9
