         98
          0
         47
          0
         11
          0
        230
         36
          0
         67
          0
        255
        101
          0
        139
          0
          0
          0
         75
          0
          0
        225
          6
         36
         65
          0
          0
          0
          0
         58
          0
          0
         76
        117
         76
          0
          0
          0
        176
          4
         28
          0
         68
          0
          0
          0
        127
         60
        218
         30
        255
         88
          0
          0
          1
          8
          0
          0
        117
         15
          0
         28
          0
          0
         92
        111
         19
          0
          0
        106
         67
          0
         18
          8
         47
        147
         22
          0
        113
         27
         45
         82
        255
          0
          0
        155
          0
        135
          0
          0
         90
          0
         68
          0
         29
          0
         90
        149
        105
         63
          0
         23
         86
        140
          0
        107
         72
        150
        101
          0
        151
          0
        255
        147
          0
        124
          0
          0
          0
        107
         60
        171
         23
          0
         56
          0
         13
          0
         54
        140
          2
          0
         61
          0
         48
          0
          0
         10
         95
         48
          0
          0
          0
          0
          0
         13
        255
          0
         53
          0
          0
         43
          0
          0
          0
          0
          0
         27
          0
          0
         85
          0
        110
          0
          0
         78
         35
          0
          0
         99
        119
        255
          0
          5
        137
         61
          0
          1
          0
         87
          0
         72
          0
         24
          0
          0
          0
          0
          0
         28
          0
          0
         83
        125
         14
          0
          0
          0
        183
          0
          0
         68
        118
        224
          0
         15
          0
          0
        246
          0
        163
          0
        138
        166
          0
          0
         68
          0
          0
          0
          4
          0
          7
          0
         79
          0
          0
         51
         59
          0
          2
          0
          0
         72
         69
          0
          0
          7
          0
          0
        255
        136
        255
         72
        191
          0
          0
         36
         70
        149
          0
          0
          0
          0
         64
          2
         26
          0
          0
          0
          0
        119
         80
          0
          0
          6
          0
        174
         28
         13
         43
         15
          0
          0
        255
         12
          0
        146
          0
         70
         53
        116
          0
         35
          0
        165
          0
          0
        134
         99
         89
          0
          0
         90
        211
          0
         71
        123
         57
         25
         51
          0
          0
         96
        119
        112
        142
          0
          0
        226
          0
          0
          0
        231
         31
          0
          0
         30
         40
        108
        119
        146
         36
          1
          0
          0
        201
          0
          0
          0
         81
        255
          0
          0
          0
          0
          4
        150
          0
          0
          0
        239
        108
          0
          0
        190
          0
          0
         55
         30
          0
        166
         39
          0
          3
          0
          0
          0
        142
          0
          0
         62
         71
          0
          0
          0
          0
          0
        101
          0
          0
         71
          0
          0
          0
        170
          0
          0
        102
          0
          0
         70
          0
          0
         96
        104
         95
          0
          0
          0
         92
         79
        104
         51
        101
         40
         73
          0
         33
          0
        237
         98
        255
         18
          0
        211
          0
        114
          0
          0
         81
          0
          0
          0
          0
          0
         52
          0
          0
         46
          0
         74
        231
         99
          0
          0
         78
        121
         65
          0
          0
        143
         44
        111
          0
         98
          0
        248
          0
         16
          0
          0
         11
         37
          0
          0
         87
          0
         34
        110
          0
          0
          0
          0
        231
          0
          0
         17
          0
        255
         61
          0
          0
        122
         40
          0
          0
          0
          0
          0
          0
         32
          0
          0
          0
          0
          0
          0
          0
        102
         71
        160
         11
          0
          0
          0
          0
          0
          0
         53
          0
          0
          7
          0
         84
          0
          0
         11
        255
         56
        167
        106
          0
        179
          2
        103
         15
          0
          0
          0
         60
          0
