        166
        236
          0
          0
          0
        255
          0
          0
         24
          0
        140
          0
        169
        228
        124
         82
        105
          0
         39
          0
        141
        255
         33
          0
         87
          1
          0
          0
          0
          0
         39
          0
          0
          0
          0
        255
          0
          0
          0
          0
          0
          0
          0
          0
        195
          0
          0
          0
        100
          0
          0
        255
         61
        192
          0
        113
          0
          0
         91
          0
        222
          7
          0
        255
          0
          0
          0
          0
          0
          0
          0
          0
          0
          0
          0
          0
        255
          0
          0
         27
          0
          0
          0
        255
          0
        255
          0
          0
          6
          0
          0
          7
          0
          0
          0
          0
        179
        255
          0
          0
         55
          0
          0
        151
        153
        115
        187
         20
          0
        171
        220
        104
         60
         32
          0
          0
          0
         74
          0
          7
          0
         50
          0
          0
        113
          0
          0
          0
         92
        255
          0
          0
          0
          0
          4
         37
         57
         76
          0
        255
          0
          0
         37
          0
          0
          0
         30
          0
         44
         21
        205
         33
          0
          0
          0
          0
          0
         60
          0
          0
          0
          0
        149
         62
         60
        255
          0
         61
         82
         96
        255
        255
         76
         14
          0
          0
          0
        123
          0
        195
        114
        116
        149
        255
          0
         82
        255
         37
          0
         93
          0
         20
        228
          0
         60
        255
          0
        109
         23
         14
          0
         73
          0
          0
        186
        133
        170
          0
         65
          0
          0
          0
          0
         18
        255
        200
         58
         58
        255
         73
          0
          0
          0
         38
          0
         46
          0
         20
        255
         96
          0
        124
         90
          0
          0
         96
          0
        209
          0
          0
          0
         49
          0
        144
         77
         22
          0
          8
          0
         53
        255
          0
         33
          0
        233
          0
        180
        255
        250
         71
          0
          0
          0
          0
         90
        194
          0
          0
          0
          0
          0
          0
          0
         79
          0
          0
         61
          0
        121
         97
          0
          0
        255
          0
          0
          0
          0
         61
          0
          0
          0
        255
          0
        241
          0
         50
          0
          0
          0
          0
          0
        170
         19
          0
         18
          0
          0
          0
         45
          0
          0
        255
        200
         63
          0
          0
          0
        192
          0
          0
          0
          0
        104
         35
        111
        255
          0
         28
          0
          0
          0
          0
         45
        110
          0
          0
          0
          0
          0
          0
          0
          0
        255
        233
          0
         43
          0
         80
        158
          0
          0
          0
          0
        255
          0
         20
         79
          0
          0
          0
          0
        105
          0
         82
        255
         95
         10
        151
          0
          9
          0
          0
          0
          0
          0
          0
         15
         23
        109
          0
          0
          0
        114
        236
          0
          4
         31
          0
          0
          0
        135
        114
         45
        173
         41
          0
          5
          0
          0
          0
        101
          0
          0
        255
         11
          0
          0
          0
          0
          0
          0
          0
          0
        201
         52
         56
        102
        237
          0
        104
          0
          0
        146
          0
        146
        208
          0
          0
        228
        193
        140
          0
          0
          0
          0
          0
         42
          0
          0
          0
        208
         91
          0
          0
        239
          0
        255
          0
          0
        255
          0
          0
        176
          0
        151
          0
          0
        140
          0
         26
        136
        112
        129
          0
          0
          0
          0
          0
         97
          0
        194
          0
          0
          0
          0
         26
         54
          0
        115
        162
         14
         68
          9
        255
        236
        255
          0
         96
          0
        220
          0
         73
        140
        192
        204
         22
         83
         17
         41
        180
         37
          0
          0
         71
        196
         76
          0
          0
        160
         26
          0
          0
