        206
         23
          0
          0
          0
         76
          0
        134
          0
          0
        169
        162
        142
          0
        122
          0
        142
          0
          0
          6
          0
        111
          0
         13
        255
        118
        150
          0
          0
        255
        189
         60
          0
         61
        178
        212
         62
        221
         96
          0
          0
        210
          0
          0
          0
        152
        136
          0
          0
          0
         97
          0
          0
          1
          0
        164
        168
        127
          0
          0
          0
          0
        155
          0
          0
         87
          0
          0
          0
        183
          0
         12
          0
          0
          2
          0
          0
          5
          0
          0
        174
          0
         66
        148
          0
         37
         15
         65
        252
        188
          0
         57
          3
          0
         37
          0
          0
         16
          0
          0
          0
         40
          0
          0
          0
        246
         19
        151
          0
        255
         84
          0
          0
         85
         67
          0
          0
         25
         43
         92
          0
        146
          0
          0
          3
         74
        150
          0
         76
        113
         16
         76
        248
          0
         70
         85
          0
          0
        255
          0
         11
        184
         17
          0
         34
          0
        102
          0
          0
        122
          0
          0
        183
          0
        169
          0
          0
        198
          0
         61
        210
          0
         42
          0
        252
          0
        125
          0
          0
        224
          0
          0
          0
         10
          0
          0
          0
          0
          0
          0
          0
          0
         70
          0
         23
          0
          0
        202
          0
         95
         76
          0
        218
          0
          0
          0
          0
          0
         69
          0
          0
          0
          0
          0
          0
          0
          0
          0
         67
          0
         25
          0
          0
         36
         93
          0
          0
          0
          0
         30
         16
          0
          0
          0
          0
         33
          0
          0
          0
          0
         92
          0
          0
          0
          0
          0
          0
        203
          0
        166
          0
          0
          0
          0
          0
         56
         46
          0
        255
          0
        255
        198
         13
          0
          0
        185
        134
         62
        112
          0
          0
          0
         48
        110
          0
         48
          0
        131
          0
        181
         72
          0
          0
          0
          0
          0
          0
        100
          0
          0
         78
        255
          0
         94
        188
        255
          0
         66
        107
          0
         90
         89
        172
        158
          0
        176
          0
          0
        255
          0
          0
         13
         42
          0
          0
         66
         40
          0
        125
          0
         77
          0
        205
          0
        127
          0
          0
          0
          4
         86
          0
          0
          0
        115
        149
        204
          0
          0
        255
          0
        255
          0
          0
          0
          0
          0
          0
          0
          2
          0
        108
         75
         10
         38
          0
        218
         12
        212
          0
         17
         46
        219
          0
         69
          0
         22
          0
          0
        125
          0
          0
          0
          0
          0
          0
          0
          0
          0
          0
          0
          0
          0
          0
         67
          0
          0
          0
        106
          0
        221
         36
          0
         22
        116
          0
          7
         16
          0
         37
        251
         49
          0
          0
        192
          0
          0
          0
        129
          0
          0
        109
          0
         93
          0
         38
          0
          0
          0
          0
          0
          0
        137
          0
          0
        116
          6
          0
         97
          0
          0
         49
         82
          9
          0
          0
          0
          0
          0
          0
          5
          0
          0
         25
          0
          0
          0
         62
        156
          0
          0
          0
          0
        148
        126
         32
          0
          0
        233
          0
         41
          0
          0
          0
         22
          0
         81
         90
          0
          0
          0
          0
          0
          0
        231
        135
          0
          0
          0
          0
        225
         39
          0
          0
        255
          0
        161
          0
         73
        155
          0
          0
          0
          0
         37
          0
          0
         42
          0
        186
         64
          0
          0
         51
        217
        135
        255
        123
         48
          0
         87
          0
        192
          0
          0
          0
          0
         59
          0
         49
        207
         88
        233
