         77
          0
         15
          0
          0
          0
          0
          0
         42
          0
          0
         80
          0
         94
          0
         76
          0
          6
        255
          0
          0
        136
          0
        176
          0
          0
         54
          0
         46
        255
          0
          0
          0
        255
          0
        164
          0
          0
        255
        103
          8
         12
          0
         60
          0
          0
          0
          0
          0
        131
          0
          0
          0
         44
          0
          0
        176
          0
          0
        130
          0
          0
          0
          0
          0
        177
        161
         47
        150
         58
          0
          0
         64
          0
         89
        115
         16
          0
          0
          0
          0
         28
          0
         28
          0
        163
          0
          0
          0
        160
          0
          0
          0
        255
         74
          0
          0
        245
          0
          0
          6
          0
          0
          0
          0
          0
          0
          0
          0
         63
          0
        255
          7
          0
        241
          0
        156
        123
          0
         62
         11
          0
         57
        130
          7
        255
          0
          0
        158
          0
          0
        113
          0
          0
          0
          0
          0
         72
          0
         99
          0
          0
          0
        255
          0
         75
        194
          0
        118
        121
          0
          0
          0
        134
        134
          0
          0
        255
         24
         39
          0
        129
        206
          0
          0
          0
          0
          0
          0
          0
          0
         44
          0
          0
          0
          0
          0
          0
         72
          0
          0
          0
         42
        255
         86
         68
          0
          0
          0
        220
          0
        113
          0
          0
          0
          0
          0
          0
        255
          0
          0
         78
         36
        123
          0
          9
          0
          0
          0
         98
        255
          0
         56
        151
          0
        255
          0
          0
        255
          0
          2
        255
        187
         49
          0
        255
          0
          0
        156
        141
          0
          0
          0
         17
          0
          0
          0
         74
          0
          0
         20
         35
          0
          0
        173
          0
          0
          0
        120
          0
          0
          0
          0
        255
        138
        109
          0
          0
          0
        107
         16
          0
        255
          0
          6
          0
          0
          0
        123
          0
          1
        134
         39
          0
        255
          0
        144
        169
          0
        255
          0
          0
        255
         39
        148
        255
        255
         18
        116
          0
          0
          0
         98
          0
        255
          0
         73
          0
          0
          0
          0
        148
          7
          0
         93
         17
          0
          0
        170
         43
          0
        255
          0
        157
        117
         38
         63
        255
         25
          0
         20
          0
         86
         11
          0
          0
          0
         25
          0
          0
          0
         90
        205
          0
          0
        213
          0
         55
          0
        216
        146
        129
         62
        255
          0
        136
         83
         84
          0
        255
         18
          0
          0
         92
        148
         52
          0
          0
          0
         81
          0
         84
          0
          0
          0
         93
         12
          0
          0
          0
         20
        140
        154
          0
          0
        217
          2
          0
        255
         63
         57
        255
          0
        170
         20
          0
          0
        255
         70
          0
          0
        109
          0
         81
          0
          0
          0
          0
          0
         64
          0
          0
          0
          0
          0
          0
        188
          0
        185
          0
        255
         75
        136
        255
          0
        151
         13
          0
         43
          0
          0
         47
          0
          0
          0
         65
         71
         72
        201
         30
          0
        160
          0
         70
        154
          6
        109
        125
          0
        255
         49
        105
          0
          0
          0
        255
          0
         61
          4
        255
        144
          0
         20
          0
          0
          0
          0
         14
          0
         31
        197
          0
          0
        125
          0
        184
          0
          0
         76
        139
          0
        255
          0
          0
        255
          0
         17
        255
          0
          0
         26
          0
         79
        177
         44
          0
          0
          0
          0
          0
         93
          0
          0
         75
          0
        194
          0
        129
          0
          0
        121
        141
        119
          0
          0
        137
          0
        148
          0
          0
          0
        140
          0
          0
        209
          0
          0
          8
        255
         44
         59
          0
          0
        116
        121
          0
         22
          0
         75
         14
          0
          0
        158
        156
          1
        147
          0
        129
          0
          0
        159
        255
          0
          0
          0
          0
        109
          0
          0
         80
        255
          0
          0
          0
          5
         92
        245
        132
         46
          0
          0
         35
        176
          0
         73
         48
          0
        255
          0
          0
          0
          0
         82
          0
          0
          0
         44
        255
          0
          0
          0
         96
          0
          0
          0
          0
         93
         17
          0
          0
          0
          0
          0
          5
          0
         26
        125
        118
          0
        255
          0
         89
        170
          0
        255
        255
          0
        158
          0
        255
          0
        150
          0
         23
          0
          0
          0
          0
          5
         95
          0
          0
         30
        237
         12
        136
          0
          0
          0
          0
         71
        255
         14
          0
        255
          0
          0
        255
        247
          0
          0
        255
         60
        142
         17
          0
          0
          0
          0
          0
          0
        113
        111
          0
         14
        255
          0
          0
          0
          0
        138
          0
        132
          0
        121
        104
          0
          0
        255
          0
         42
         64
          0
          0
          0
        245
         98
          0
          0
          0
         70
          0
         99
        107
          0
         46
          0
          0
          0
          0
          0
        250
        104
          0
          0
        223
         60
          0
          0
        158
          7
         21
         99
         35
         26
          0
          0
          0
          0
         95
          0
          0
         82
          0
         45
         97
          0
        130
         41
          0
          0
          0
          0
        255
        122
          0
         35
        255
          0
          5
          0
          0
         50
          0
        175
          0
          1
          0
         28
        244
         20
         81
          0
          0
          0
         31
          0
         18
          0
        108
         34
         60
         66
        139
          0
          0
         41
          0
          0
          0
          0
          0
         90
          0
          0
          0
         18
        171
          1
          0
        200
          0
          0
        142
          0
         36
         53
          0
          0
          0
          0
          0
          7
          0
          0
          0
          0
        255
         98
          0
          0
          0
          0
        138
          0
         90
          0
        255
          0
          0
        158
        255
          0
          0
        142
          0
          0
          0
          0
         84
         86
          0
        131
          0
          0
          0
          0
          0
          0
        114
          0
         34
         57
          0
          0
          0
        255
          0
          0
        255
          0
        158
         51
        200
        183
        148
        146
          0
        255
          0
          0
         71
          0
         84
          0
         32
          0
          0
          0
          0
          0
        207
         56
         71
        108
          0
          0
          0
        255
          0
          0
          0
        247
        139
        121
        255
          0
        231
          0
          0
        255
          0
         95
         65
          0
         84
         69
          0
         48
        255
          0
          0
          0
        184
          0
        138
          0
        255
          0
          8
        255
          0
         90
          0
          0
         94
        110
        255
          0
          0
         77
          0
        255
        145
          0
          0
          0
         68
          0
         65
         16
          0
         90
         64
        205
         84
          0
          0
          0
        255
          0
          0
        255
          0
         81
        255
          0
        159
          0
        255
          0
        166
          0
          0
          0
          0
          0
          0
         80
         71
        188
          0
         18
        255
         75
         83
        255
          0
        101
          0
         78
        255
          0
          0
          0
          0
          0
        255
         85
         89
         61
          0
          0
          0
          0
         72
          0
        122
         70
          0
          0
         72
         29
         22
         37
          0
          0
          0
          0
          0
         51
        169
          0
        255
          0
          0
        129
          0
         41
        255
        158
        111
         49
          0
          0
        114
          0
        147
          0
          0
        123
         14
         30
         42
         90
        148
          0
          0
         34
          0
        255
        151
          0
        144
          0
        255
         26
          0
        185
          0
          0
        172
         43
          0
          0
        255
          0
          0
          0
          8
        204
          0
        104
          0
         61
          0
          0
        105
          0
        171
          0
          0
         71
          0
        150
          0
        189
          0
          0
         87
          0
        101
          0
          0
          0
          0
         15
        249
        152
        255
          0
        147
          0
          0
          0
          0
          0
         57
        107
          0
          1
          0
          0
         54
          0
         91
          0
         88
        167
          0
          0
          0
        255
          0
        115
        255
          0
        105
          0
        255
        207
          0
         84
        132
        255
          0
          0
         44
          0
         41
          0
         76
         34
         97
          0
          0
         62
          0
          0
         71
          0
        255
          0
          0
        255
          0
        223
        172
          0
        153
          0
          0
        196
        159
        143
          0
          0
          0
        121
         50
          0
          0
          0
          0
          0
          0
          0
          0
         37
         96
        129
          0
        107
        255
        197
          0
          0
         99
          0
         67
          0
        139
         52
          0
          0
          0
          0
          0
          0
          0
         59
          0
          0
         59
          0
        110
          0
         91
          0
          0
          0
          0
        158
        137
         21
        255
          0
          0
        255
          0
         58
        255
          0
          0
          0
          0
          0
         94
         29
          0
          0
          0
          0
          0
          0
          3
         11
          0
          0
        207
          0
          0
         30
        255
        169
        137
         26
        255
         71
        139
          0
          0
          0
        255
          0
        159
         35
          0
         34
          0
          0
        150
          0
          0
          0
         28
          0
         66
        214
          0
         25
          0
          0
         55
          0
        146
         47
         92
          2
        111
        178
          0
        200
          0
          0
        255
          0
          0
         13
          0
        183
        206
         14
          7
          0
          4
          0
         58
        107
          0
          0
          0
          0
        255
         37
          0
          0
          0
          6
        134
         57
          0
        162
         74
        130
         71
          0
        255
          0
          6
          0
        255
          0
        178
          0
          0
        255
          0
        101
         90
          0
        101
          0
         93
         47
         47
          0
          0
          0
        133
          0
          0
         75
          5
          0
          0
        225
         31
        166
        255
          0
          3
          0
         18
          0
          0
          0
         87
        255
          0
         61
          0
          0
         30
          0
          0
          0
        114
          0
          0
          0
          0
        147
          0
         87
          0
         34
         49
         42
          0
          0
        102
          0
          0
         35
          0
          0
        135
          0
         87
          0
          0
         24
         20
          0
          0
          0
        103
         32
          0
         94
        173
          0
          0
         95
          0
          0
        255
          0
         10
         35
          0
          0
         61
          0
          0
         19
        255
          0
         59
          0
        134
          0
        136
          0
          3
          0
         50
          0
          0
          0
        122
          0
          0
         57
        108
         50
          0
         62
        255
        123
        121
         22
        103
         74
        255
          0
         52
         11
        255
          0
         35
          0
        110
        255
          0
          0
          0
         58
          0
        255
          0
         25
        194
          0
          0
        126
          0
         16
          0
        167
        255
          0
        103
         40
         25
          0
         26
         14
        158
          0
        255
          0
        236
          0
        155
        255
          0
         73
         70
          0
          0
        255
          0
          7
        240
          0
          0
          3
          0
         82
          0
        108
        255
          0
         59
        255
          0
          0
          0
          0
         77
          0
        255
          0
          0
         89
        132
        217
         35
         96
         20
          0
          0
        222
         68
          0
          0
          0
          0
        217
          0
         17
          0
          0
          0
          0
         11
          0
          0
         17
        202
          0
         63
         21
          0
        199
        208
          0
         38
        255
          0
         67
          0
         64
          0
        255
          0
          0
         51
          0
          5
          0
        191
          0
          0
          0
        255
        125
        146
         44
          0
          0
        166
        255
         76
         96
          0
          5
        208
          0
          0
        153
          0
         25
         43
          0
         79
          0
          0
          0
        108
          0
          0
          0
          0
         21
        162
          0
        206
          0
         75
        255
         60
        150
          0
          0
          0
          0
        255
          0
          0
         15
         44
        255
          0
         13
          0
         57
        104
          0
          7
         15
        207
          0
          0
          0
        200
          0
          6
          0
         52
         82
          0
         80
          0
          0
          0
          0
         27
         65
        153
          0
         21
        137
        149
        255
          0
         61
          0
         67
          0
         15
          0
          0
          0
         46
          0
        255
        156
         62
        111
          0
        243
        194
        136
        255
         46
          0
          0
          0
         85
        108
        119
          0
        207
          0
          0
        255
         74
         86
          0
          0
         74
         32
         21
         48
        255
          0
          0
          0
        225
        118
         90
          0
        255
        174
         56
        255
         36
          0
        255
          0
         98
        102
         42
          0
          0
          0
          0
          0
          0
          0
          0
          0
          0
         72
          0
          0
        202
          0
          0
        201
         39
        122
        135
        118
        255
         56
        145
          0
          0
          0
          0
          0
        133
          0
          0
          0
          6
         86
         56
          0
          0
          0
         86
          0
          0
          0
          0
         39
        208
          2
          0
          0
         36
        133
          0
        177
          0
          0
          0
          0
          0
        118
          0
         48
          1
         53
        255
          0
          0
         51
        123
          0
          0
          0
         23
         90
          0
          0
         88
         47
        255
          0
         28
          0
          0
        180
          0
          0
        137
          0
          0
        255
          6
        197
        255
          0
         42
         59
          0
          0
         64
         47
        113
          0
          0
          0
         71
          3
         61
         59
        116
          0
        217
         18
         66
          0
        255
         71
          0
          0
        255
         64
        118
        255
          0
          0
        255
        255
        116
          0
          0
          0
        234
          0
          0
         95
          0
        106
          0
          0
          0
          0
         26
          0
          0
          0
          0
        163
          0
        183
         12
          0
        166
         95
        133
        255
          0
        255
          0
        255
         90
          0
        255
          0
         29
          0
          0
        217
         28
        110
          0
          0
          0
        224
        124
          0
         21
          0
          0
        243
          0
          0
          0
          0
        249
         37
          0
          0
         92
         64
          0
          3
          0
          0
        255
         73
         48
          0
          0
          0
          0
        120
          0
         18
         66
         36
          0
         42
        129
          0
          0
        245
          0
          0
          0
          0
        255
          0
         23
        255
          0
          0
         30
          0
          0
          0
        255
         56
          0
          0
          0
        118
          0
         81
          0
        102
          0
          0
          0
         15
         42
          0
          0
        119
          0
         65
          0
         85
        255
          0
          0
          0
          0
          0
          0
          0
          0
        116
        255
         24
          0
         77
          0
          0
          1
         81
         26
        109
          0
        255
          0
          0
          0
          0
          0
        144
          0
          0
          0
          0
        255
         75
          0
        255
         36
         24
          0
          0
          0
         70
          0
          0
        176
          0
          0
        188
          0
         82
          0
          0
          0
          0
          0
          6
         23
          0
          0
          0
        229
        192
          0
          0
        255
          0
         29
          0
         54
        212
         15
        132
          0
          0
          0
          0
          0
        119
          0
          0
          0
         13
         54
         36
          0
        191
          0
         14
          0
         96
          0
         39
          0
          0
          0
          0
        175
          0
          0
          0
         25
          0
         38
          0
          0
          1
        179
         36
          0
          0
          0
        255
          0
         91
         88
          0
         32
         34
          0
         26
        118
         35
          0
          0
          0
          0
          0
          9
        255
          0
          0
          0
         40
          0
        112
          0
          0
