        210
          0
         64
          0
        175
          0
        255
          0
          0
        148
          0
          0
        142
          0
          0
        153
        145
        144
         93
          0
          0
         19
          0
          0
         76
        110
          0
          0
          0
         64
          0
        149
          0
          0
         28
        255
         30
        214
         75
          0
          0
         91
          0
          0
        142
          0
          0
        177
        142
         17
         77
        255
          0
         29
          0
          0
          0
         37
          0
         55
         89
        146
          0
          0
          0
          0
          0
        255
        166
          0
         91
          0
          0
        112
          0
          2
          0
          0
        255
         38
          0
         67
         23
          0
         39
          0
          0
         59
        202
          0
          0
        104
          0
        255
          0
          0
          0
          0
          0
          0
         48
          0
          0
        101
         57
        119
          0
         47
          0
        255
          0
          0
          0
          0
         24
          0
          0
        108
        113
        113
         28
          0
          0
        105
          0
        150
          0
          0
          0
          0
        110
        255
        172
          0
          0
          0
          0
        105
          0
          0
         81
          0
          0
         79
         27
        100
         62
         69
         49
          0
         80
          0
          0
          0
          0
         74
          0
        150
          0
         22
          0
          0
        249
        255
          0
          0
          0
          0
        141
        104
          0
          0
          0
          0
        255
          0
          0
          0
        110
          0
         87
         50
          0
        103
          0
          0
          0
         64
          0
        234
          0
          7
          0
          0
        164
          0
          0
          0
          0
        122
         42
         94
          0
         32
          0
          0
          0
          0
        179
         53
         39
          0
          0
          0
          0
          0
        133
        102
          0
         57
          0
        255
          0
         18
          0
          0
         45
          0
         30
          0
          0
          0
          0
        158
          0
          0
          0
        255
         29
         34
         38
          0
         14
          0
         80
          0
          0
         31
          0
        159
          0
          0
         65
        255
          0
          0
          0
          0
          0
          0
        201
          0
          0
          0
          0
         35
          0
          0
         16
          0
         44
        167
         21
          0
          0
          0
          0
          0
          0
         53
          0
          0
        255
          0
         58
        255
          0
         29
          0
        148
          0
        255
          2
          0
          0
        116
          0
        129
          0
         12
         23
        255
          0
        181
          0
        190
         80
        255
        218
          0
          0
         14
        217
          0
          0
        148
          0
          0
          0
        214
          0
        232
          0
          0
        139
          0
        170
         93
          0
        131
          0
          0
        170
        255
          0
          0
         14
          0
        151
        255
          0
          0
         62
          0
        203
          0
          0
          0
          0
        255
          0
        228
          0
          0
         91
        255
         40
         55
          0
        121
          0
          0
          0
          0
          0
        255
          0
        199
        166
          0
          0
        240
        160
          0
          0
          0
          0
          0
          0
          0
          0
        255
          0
          0
          0
          0
          0
        255
        255
        104
          0
        104
          0
         38
          0
          0
          0
        255
         29
          0
          0
        125
          0
          0
          0
          0
         19
          4
          0
          0
          0
          0
          3
          0
          0
          0
         82
          0
          0
          0
        255
         22
          0
        119
          0
         48
         83
         70
        182
          0
         41
          0
          0
        202
          0
          0
          0
          0
        120
          0
        210
          0
          0
        108
          0
        255
          0
        155
        180
          0
        175
          0
         91
          0
        168
        139
         59
          0
          0
          0
          0
          0
          0
          4
        177
          0
          0
          0
          0
         11
          0
          0
         79
          0
          0
         87
          0
        213
        117
        198
          0
          0
        230
          0
        255
         66
          0
          0
        187
         44
          0
         46
          0
        226
          0
          0
          0
          0
          0
        255
          0
         77
          0
        108
         92
          0
          0
        100
         38
        255
          0
        101
        255
          0
          0
          0
        114
          0
          0
         89
          0
         91
          0
          0
          0
          0
        136
        134
          0
          0
          0
          0
          0
          0
          0
          0
        142
         76
         77
          0
        114
        168
          0
         42
          0
          0
          0
          0
          0
         36
         86
        114
        169
          0
          0
          0
          0
          0
          0
          0
          0
        198
          0
          0
          0
          0
        146
         76
          0
          0
        147
          5
          0
        255
          0
         49
        109
          0
          0
          0
        255
          0
        159
        133
          0
         28
          0
         84
          0
          0
          0
          0
         33
          0
         87
        255
          0
          0
         76
          0
         78
        146
        255
          0
          0
         44
          0
          0
          0
        125
         49
          0
         83
          0
        255
          0
        199
          1
          0
         23
        178
          0
          0
          0
          0
         51
         81
          0
          0
          0
          0
          0
          0
          0
          0
         73
          0
        255
        203
        199
          0
         89
          0
        255
        255
          0
          0
          0
          0
         65
         36
         65
        160
          0
        251
          0
          0
        154
          0
          0
         20
         30
         37
          0
        196
          0
          0
          0
          0
          0
         76
         89
        158
         85
          0
          0
        255
          0
          0
         93
          0
         63
        145
          0
          0
          0
         32
          0
          0
          0
        139
        255
          0
          0
          0
          0
        173
          0
          0
          0
          0
          0
          0
         36
         19
          0
          0
        255
        255
          0
        255
          0
          0
          0
        116
        137
          0
          0
          0
          0
         70
          0
          0
          0
        209
          0
          0
          0
          0
          0
          0
          0
          0
        255
         37
         64
          0
        137
        255
          0
        255
          0
          0
         15
          0
         21
          0
          0
          0
          0
          0
          0
        101
          0
          0
         40
          0
          8
          0
        122
         82
          0
        170
          0
          0
          0
         67
          0
          0
          0
          0
          0
        164
          0
          0
         38
          0
        153
        140
         18
          0
          0
          0
         75
        150
         33
          0
          0
         71
        168
          0
          0
         45
         39
        255
         45
        103
        121
          0
        115
          0
         69
          0
        255
        255
          0
         36
          0
          0
          0
        130
         28
        153
         29
        223
         31
          0
          4
          0
          0
          0
          0
          0
          0
         17
          0
          0
          0
          0
         67
        210
        142
        255
          0
         82
          0
        255
         70
          0
          0
        178
          0
          0
          4
          0
          0
        229
          0
          0
          0
        166
          0
         61
          0
          0
         56
        122
          0
          0
          0
          0
        117
          0
          0
          0
        195
        100
          0
        255
         15
         83
          0
          0
          0
         74
          0
         83
        255
         38
          0
        168
          0
          0
        193
          0
          0
        147
         29
          0
          0
          0
          0
          0
        255
         67
         58
          0
          0
          0
        255
        255
        162
        132
          0
          0
          0
          0
         96
          0
          0
          0
          0
        125
          4
          0
        172
          0
        125
          0
          0
          0
          0
          0
         93
         33
          0
          0
         48
         16
          0
          0
          0
        255
         69
          0
        156
          0
         31
          0
          0
        127
        192
        184
          0
          0
          0
          0
        255
          0
          0
          0
          0
          0
         16
          0
        126
          0
        165
        180
          0
          0
        220
          0
        255
          0
         33
          0
          0
          0
        152
          0
          0
          0
          0
          0
          0
          0
        156
          0
          0
        137
          0
         27
          0
         21
          0
          0
         14
          0
          0
          0
         98
          0
          0
        243
          0
        255
         68
          0
          0
          0
         52
         85
         28
          0
         95
         16
          0
         93
          0
          0
          0
         45
          0
         95
          0
         96
          0
        230
          0
          0
        255
        143
         76
          0
          0
          0
          0
          0
          0
          0
        142
        126
        150
          0
          0
          0
          0
          0
          0
          0
          0
          0
          0
          0
        130
          0
          0
         95
          0
        252
          0
         91
        174
          0
          0
          0
         44
          0
        255
         61
         94
        255
         58
          0
         39
          0
         71
          0
        255
          0
          0
        150
         34
        113
          0
          0
         49
         63
          0
         93
          0
          0
          3
          0
        255
          0
          0
          0
          0
          0
        255
          0
          0
          0
          0
        135
          0
          0
         99
          0
          0
          0
          0
        133
        116
         64
          0
         87
          0
          0
          0
        174
        167
          0
         97
         53
          0
          0
        213
          0
         24
         12
        255
        255
          0
          0
          0
          0
          0
         44
          0
          0
        255
          0
          0
          0
          0
         33
        255
         41
          0
        133
          0
          0
          0
          0
         55
         87
        255
          0
          0
          0
         32
         54
          0
        255
          0
         18
          0
        172
        169
          0
          0
         43
         38
         99
          0
          0
          0
          0
          0
          0
          0
          0
         63
         30
          0
          0
        142
         22
        140
          0
        100
        255
          0
          0
          0
          0
         33
          0
          9
          0
          0
          0
         19
          0
        255
          0
          0
          0
        191
          0
          0
          0
          0
        106
        119
         87
          0
        255
         63
          0
          0
        208
          0
          0
          3
          0
        255
        255
          0
        126
          0
          0
        152
         76
          0
        111
          0
        226
         97
          0
         23
          1
         10
        101
         72
          0
          0
        118
          5
        255
          0
          0
        255
          0
         83
          0
        160
         58
          0
          0
         91
        138
         15
        108
         60
         11
         25
          0
         75
          0
          0
        105
          0
          0
          0
         32
         21
          0
          0
        123
          0
        255
          0
          0
        237
        151
         13
          0
          0
         54
          0
          0
        109
          0
          0
          0
          0
          0
          0
        181
          0
        125
        117
        124
          0
          0
          0
          0
          0
          0
          0
        111
         91
        255
         58
         21
        106
          0
        114
          0
          0
         38
        255
        255
          0
          0
          0
        191
          0
          0
          9
          0
          0
          0
          0
         74
         47
          0
          0
         48
          0
         78
          0
          0
          0
          0
          0
          0
        255
          0
        237
          0
          0
          0
          0
        255
         20
        177
          0
          0
        161
          0
         73
        167
          0
         20
         65
          0
        186
          0
          0
          0
          0
          0
        100
        170
        138
          0
        119
          0
        255
          0
        134
          0
         37
          0
        255
          0
          0
          0
        132
          0
        101
          0
          0
          0
        255
          0
          0
        114
          0
          0
          0
          0
          0
         15
        103
          0
          0
          0
         11
          0
        255
          0
         58
          0
        156
          0
        255
         47
          1
          0
         92
        195
         26
         49
        123
          0
         52
        144
         64
        130
          0
          0
        255
          0
        116
          0
          0
          7
          0
          0
         11
          0
          0
          0
         51
          0
          0
          0
        255
          0
         78
          0
         17
          0
        122
        100
         60
          0
          0
         55
          0
          0
        116
          0
          0
          0
          0
         40
         46
          0
          0
          0
        117
          0
        255
          0
        152
        255
          0
        118
          0
          0
        180
          0
          0
        198
          0
          0
          0
          0
         95
        163
          0
         19
        117
        136
        255
         68
        143
         95
         59
          0
          0
          0
          0
          0
        223
          0
        224
          0
        109
        113
          0
          0
         54
          0
        116
        166
         75
          0
          0
          0
        214
         49
         32
          0
          0
          0
          0
         27
          0
          0
         72
        173
          0
         88
          0
          0
        201
          0
          0
          0
          0
          0
          0
         85
          0
         37
        134
          0
        140
        128
         67
          0
        255
        112
         37
          5
          0
          0
        224
          0
          0
          0
          0
          0
          0
          0
        132
          0
        183
          0
        174
         46
         78
        150
        255
        255
        155
        228
          0
         31
          5
        147
         78
        166
        255
        129
          0
         59
          0
          0
        255
          0
        149
         13
          0
          0
          0
          0
          0
         23
        213
          0
          4
          0
          0
          0
        255
        255
          0
         93
         55
         14
          0
          0
          0
          0
          0
          0
          0
          0
        134
         36
         14
        108
         16
          0
        135
          0
          0
          0
         86
         42
        255
          0
          0
          0
          0
          0
        255
        255
        129
        126
        137
          0
        117
         14
          0
         98
        255
        228
          0
         71
         79
          0
        255
          0
          0
          0
         36
         83
          0
          0
          0
          0
        255
         38
         25
          0
          0
          0
        255
          0
        157
         93
          0
          0
        152
        130
         70
          0
         14
         30
          0
          0
          0
        165
         58
         11
         51
          0
         66
          0
          0
          0
          0
          0
        255
          0
          0
          0
          0
          1
          0
        255
        114
          0
          0
          0
        107
          0
          0
          0
          0
         14
          0
         54
          0
         90
          0
          0
        125
          0
         94
          0
          0
        255
          3
          0
        156
          0
          0
          0
         58
          0
        255
        255
          6
          0
          0
         76
          0
          0
         51
        107
        255
          0
          0
        151
         92
        146
          0
          0
         55
          0
          0
         12
          0
          0
        120
         13
         15
          0
        143
          0
         60
        143
        255
        255
         69
          0
         67
          0
         32
          0
         92
          0
        209
        204
          0
         86
        112
          0
        133
          0
          0
         23
         76
          0
          0
          0
        144
          0
          0
          0
        198
        203
        101
          0
          0
         38
        121
          0
        147
         11
          0
        148
          0
         54
          0
        175
         90
          2
          0
          0
        255
        169
          0
          0
         19
        151
        111
        100
          0
        109
          4
          0
          0
          0
        110
          0
        255
          0
         87
          0
          0
          0
        139
         66
          0
          0
         57
          0
          8
         11
        122
         97
          0
          0
         25
         19
          0
          0
          0
        255
          0
          0
          0
          0
          0
          0
         15
          0
        255
          0
        203
          0
         35
        112
         81
         61
        122
        137
          0
          0
         87
          0
        125
         21
          0
          8
          0
          0
         68
          0
          0
          0
          0
          0
         20
         31
          0
          0
        171
          0
        255
        250
         74
          0
         25
          0
          4
         62
          0
          0
          0
          0
         27
          0
         22
          0
        255
        229
          0
         34
         36
          0
          0
          0
          0
        100
          0
        209
         67
          0
          0
          4
        255
        255
         64
        145
         79
         83
         51
          0
          0
        125
          0
        188
         29
          0
          0
          0
          0
          0
          0
          2
          0
          0
          0
          0
        109
          0
          0
        174
          0
        255
         52
          0
        255
          0
         76
          0
        151
          0
          8
          0
         34
          0
          0
          0
         43
          0
         57
          0
         31
          0
          0
         34
         31
          0
          0
          0
          0
          0
          0
          0
          0
          5
         17
          0
        255
        255
        127
          0
         51
          0
        151
          0
          0
        118
        149
          0
         72
        155
          0
          4
          0
          0
        100
          0
         82
          0
          0
         99
          0
          0
         18
          0
         76
        255
        193
          0
          0
          0
         65
          0
         32
         47
        161
         21
          6
        134
         88
        238
        100
          0
        119
        105
        251
          0
          0
          0
          0
          0
          0
         98
          0
         51
          0
          0
         86
