        216
          0
          0
          0
          0
        126
         56
          0
        142
          0
          0
        209
          0
        146
         60
        181
        190
          3
        255
         84
         86
        225
          9
          0
          0
         48
          0
        157
          0
         13
         43
          0
        204
          0
          0
        173
          0
        126
          0
         38
        101
          0
        109
          0
          0
         16
          0
         33
         12
        131
          0
         67
          0
          0
          0
        109
         86
         14
          0
          0
          0
         93
          0
          0
        255
          0
        178
         63
         15
        214
          0
          0
          0
          0
          0
          0
         73
         12
          0
          0
        213
         40
          0
          0
         86
          0
          0
          0
        150
         66
          0
          0
        127
          0
          0
          0
         58
          0
          0
          0
         28
        200
          0
         76
        220
          0
          0
          0
        112
        176
          0
        196
          0
         51
        255
          0
        120
         54
        139
        165
         39
         40
          0
          0
         76
          0
        177
          0
        236
          0
        188
         45
         39
          0
        255
        108
        144
          0
        119
        230
          0
          0
          0
          0
          0
         57
          0
          0
        110
        111
          0
          0
         84
        100
          0
          0
         68
         56
        155
          0
        255
        255
          0
        126
          0
         51
        255
         32
        210
          0
         74
        168
          0
          0
          0
          0
        211
         86
        141
          0
         72
        255
          0
          0
         54
         43
          0
          0
         81
         30
          0
        163
        255
        255
        121
          0
         97
         85
          0
          0
          0
        255
         86
        168
          0
          0
          0
         62
         82
         32
          0
          0
          0
          0
          4
        236
         87
          0
          0
          0
         60
          0
          0
        175
        182
          0
         39
         16
        163
        183
          0
          0
         39
          0
          0
          0
          0
         50
          0
         79
        173
          0
          0
          0
          0
          0
          0
         93
        123
         67
          0
         17
          0
          0
         29
          0
          0
          0
        166
          0
        127
         46
        255
          0
         89
          0
          0
         30
          0
         78
         55
         44
          0
          0
        255
        167
          0
        112
          0
         51
          0
          0
          0
          0
        177
          0
          0
        138
         17
          0
          0
          0
        150
         54
          0
         85
          0
          0
          0
          0
          0
          0
          0
        252
          0
        205
          0
        153
        129
          0
        215
          0
          0
         46
          0
        103
        169
          0
        132
          0
        175
        169
          0
         87
        135
          4
        255
          0
          4
          0
          0
        255
          0
         66
          0
          0
          0
        147
        255
        196
         14
          0
          8
          0
         76
          0
          0
          0
        137
          0
          1
          0
        186
        222
        200
          0
        151
        115
        255
        149
          0
          0
          2
        171
         16
        113
          0
        163
        216
         27
        255
        210
          0
        255
          0
        208
          0
        113
         33
        134
          0
          0
        185
          0
          0
          0
          0
        176
          0
          0
          0
          0
        255
          0
         33
        208
        120
        113
          0
        101
        147
        154
        255
          0
         21
          0
          0
          0
          0
         35
          0
        152
        142
         14
          0
          0
        205
          0
         14
          0
          0
          0
          0
          0
          0
          0
         63
         23
         81
         20
          7
          0
          2
        228
         91
          0
          0
          0
        212
          0
          3
          0
          0
        159
          0
          0
         42
        159
        193
         39
        201
          0
          0
         68
          5
         82
          0
          0
          0
          0
        131
          0
          0
          0
        153
          0
          0
          0
         62
        255
          0
          0
         70
          0
          0
        119
          0
          0
          0
          0
         85
        255
        133
         52
          0
        209
          0
        230
          0
          0
          0
          0
         58
         76
          0
         52
          0
         70
          0
          0
        131
          0
        178
        205
        143
          0
        237
          0
         56
         90
          0
          0
        155
          0
          0
          0
          0
         54
          0
          0
         10
          0
          0
         85
          0
         16
         51
         95
        123
        230
         51
        193
         43
          0
          0
          5
         96
          0
          0
          9
        134
          0
        109
        142
          0
          0
        167
        180
          0
          0
        255
         51
        137
        204
          6
          0
        105
          0
          0
          0
         17
          0
        180
        126
          0
          0
         64
        217
        109
         36
         23
         96
        137
          0
          0
        194
        213
         49
          0
          0
          0
          0
          0
          0
          0
          0
          0
          0
          0
         81
          0
        173
          0
          0
          0
          0
          0
        174
          0
         15
          0
          0
          0
          0
        125
          0
         65
        173
        255
        255
          0
         30
          0
        139
          0
         35
          0
          0
          0
        164
        139
        174
        156
          0
          0
          0
          0
          0
          0
         10
          0
          0
         49
         32
         28
          0
        144
         30
         16
        202
         68
         27
        167
          0
          0
          0
          0
         57
          0
          0
          0
        255
          0
        102
          0
        201
        101
          0
        255
        110
        138
          0
        160
          0
        100
        143
          0
         71
         29
         53
        131
          0
          0
        141
          0
          0
        142
         28
          0
          0
          0
          0
          0
        182
          0
          0
          0
          0
        212
          0
          0
          0
          0
        255
          0
          0
         70
          0
          0
         17
        120
         56
          0
          0
          0
        249
          0
          0
         68
          0
          0
          0
          0
          0
         20
        180
        135
         46
          0
        226
         49
        120
          0
          0
          0
          0
          0
        184
          0
          0
         61
         78
         70
         57
          0
          0
        207
        255
         56
        166
          0
        160
         72
          0
         47
          0
          0
          0
        125
         53
          0
         97
         86
         34
        255
        174
        104
        103
        201
         14
          0
         38
          0
          6
          0
          0
          0
          0
        255
        255
        156
          0
        120
        169
        250
         18
          0
        117
          0
        146
          0
         30
         41
         11
        192
        231
         42
        157
          0
          0
          0
         70
          8
          0
         36
          0
          0
          0
        164
         35
          0
        255
          0
        122
        114
         20
        100
         84
          0
          0
         51
          0
         77
          0
         32
        195
          0
          0
        160
          0
          0
        197
          0
          0
          0
          0
         74
        155
        142
          0
          0
          0
          0
        169
          0
          0
          0
          3
          0
          0
          0
          0
         74
        141
        154
        108
         30
        122
        124
        237
          0
        173
          0
          0
          0
          0
         41
        125
          0
          0
        123
          0
          0
        211
        255
        255
         44
        214
          0
          0
          0
          0
        191
          0
          0
          0
        103
          0
         86
        184
          0
          0
        255
          0
         16
         38
          0
        101
          0
         92
          0
         24
          0
          7
          0
        155
          0
         92
        128
         42
          0
          6
          0
          0
          0
          0
          0
          0
        150
        176
         80
        208
        121
        198
          0
         38
        115
          0
        134
          0
          0
          0
          0
        155
        134
         81
        180
          0
          0
        255
          0
          0
          0
         51
          0
          0
          0
         91
          0
          0
          0
         19
          0
          0
        229
          0
          0
         88
        151
          0
         34
          0
         56
        125
        255
         23
          0
         90
          0
         77
         16
        255
          0
          0
          0
         98
        135
          0
          0
         11
          0
         17
         41
          0
          0
          0
         70
          0
        106
         98
         29
         47
        117
          0
        136
        130
         46
        161
        164
          0
          0
        187
        185
        255
          9
          0
          0
          0
          0
          0
        129
          0
         46
         56
          0
         36
          0
          0
         76
          0
        255
        185
          0
          0
          0
          0
        111
          0
          0
          4
          0
          0
          0
        209
        255
          0
        194
        130
        160
        148
        255
         29
        241
        107
         63
          0
         17
          9
          0
          0
          0
          0
        255
        146
          0
        164
        230
        195
          0
        157
        141
          0
        165
          0
          0
          0
          0
          0
          0
        175
          0
          0
        200
          0
          0
          0
        102
         28
        156
          0
          0
        194
         99
          0
          0
          0
         13
          0
          0
         23
         93
         72
          0
        131
        170
          0
         57
          0
        110
          0
          0
        133
        156
          0
        201
          0
          0
          0
         18
          1
          0
        109
         52
        125
          0
        239
         39
         93
          0
        250
         21
          0
          0
          0
          0
          0
        136
        114
          0
          0
         12
        154
          0
        138
        164
          5
        255
         22
        255
          0
         58
          0
         85
          0
        131
          0
          0
        209
        255
          0
          0
          0
        144
        184
        108
          0
          0
          0
        167
        115
        106
        208
          0
        108
         10
          0
        155
         69
        191
         25
          0
        196
         87
          0
        131
        143
        116
         51
        235
          0
        255
          0
         25
        255
         75
          0
         94
        124
          0
        145
        110
         42
        146
          0
        255
         66
        154
         87
          0
          0
         84
          0
          0
          0
         60
        165
          0
         25
        107
        210
          0
         46
         73
          0
          0
        109
        133
          0
         80
         31
          0
         78
          0
          0
          0
          0
         44
        247
          0
          0
        164
         62
          0
        108
          0
          0
         22
          0
         73
          0
          0
        104
         57
          0
          0
          0
         68
          0
          0
          0
         31
         96
          0
          0
        106
          0
          0
        148
          5
        255
         19
         14
          0
        130
          0
        218
          0
          0
         30
        199
          0
         45
         58
          0
          0
          0
          0
         48
          0
          0
          0
          0
          0
          0
        119
          0
          0
          0
         17
        149
        255
        255
          0
          0
        141
        129
          0
          0
        255
          0
          0
          0
          0
         61
        163
        168
          0
        196
        255
          0
        162
          0
         67
         50
          0
          0
          0
        124
          0
          0
        166
          0
        243
          0
          0
        180
          0
          0
          0
         29
          0
          0
          0
          0
         38
          0
         90
        124
          0
        238
          0
          0
        106
        136
          0
         77
         21
          0
        255
        169
        164
         78
          0
          0
        125
          0
          0
          0
          0
          0
        255
          0
        146
          0
          0
          0
         28
         11
          0
        247
        135
          0
          0
          0
          0
          0
        229
          0
          0
        127
          0
          0
         77
          0
          0
        201
        202
        179
          0
          0
          6
          0
          0
          0
          0
          0
          0
          0
         28
         19
          0
        127
          0
         26
          0
          0
          0
        113
          0
          0
          0
        128
          0
          0
         93
         35
          0
          7
         71
          0
          0
        148
          0
          0
        197
         21
          0
          0
         15
         26
        104
          0
         90
         41
          0
          0
          0
          0
        156
         68
          0
          0
         34
          0
          0
          0
        101
         83
          0
          0
        255
          0
          0
         83
          0
          0
        255
         63
        169
          0
         56
        134
          0
          0
        154
        132
         60
          0
        255
         67
          0
          0
          0
          0
          0
        130
          0
          0
          0
         67
         22
          0
          0
        241
          0
        205
        158
        107
        255
          0
         99
          0
          0
        115
         43
          0
          0
        211
        220
          0
          0
         74
         91
        255
          0
        168
          0
          0
        200
        152
          0
          0
          0
         90
        174
        255
         54
        102
          0
          0
        160
          0
          0
          0
          0
         74
         45
         93
          0
        109
         83
          0
          0
        130
          0
          0
         32
          0
         60
          3
         87
         41
         41
          0
          0
        149
         53
          0
          0
          0
          0
         85
          0
          0
        141
          0
          0
         54
         16
         67
        164
         15
          0
        179
         80
         76
          0
          0
        156
         58
         91
          0
          0
         93
          0
          0
          0
         43
          0
        133
        155
         20
         56
          0
        255
          0
          0
          0
          0
        255
         61
          0
          0
         55
          0
          0
        114
          0
          0
          0
         49
          0
         31
          0
          0
          0
          0
          0
        182
        124
          0
          0
          0
          0
          0
         75
        255
          0
          0
          0
         57
        107
          0
          0
          0
          0
        186
        169
          0
          0
          7
          0
        114
          0
          0
         76
          0
        158
         79
          0
          3
          0
        255
        255
          0
          0
        109
         13
         99
         36
          0
          0
         67
        143
         68
          0
          0
         86
          0
         88
          0
          0
          0
          0
        206
        236
          0
         26
          0
          0
          0
         81
          0
          0
          0
          0
          0
        200
         70
          0
          7
         77
          0
          0
          0
          0
        130
          0
          0
        226
        206
        176
         22
        156
          0
          0
          0
          0
          0
         89
          0
        119
          0
         79
          0
          0
        255
          0
          0
        200
        118
         98
          0
          0
        255
          0
          0
          0
          0
          0
          0
          0
         60
         15
          0
          0
          0
        224
         69
          0
         11
         59
          0
          0
          0
          0
          0
        177
         15
        229
          0
          0
        113
         92
        255
          0
        204
          0
          5
          0
         84
          0
          0
        183
          0
          0
          0
         44
          0
          0
        166
        225
          0
         64
        136
          0
        150
          0
          0
          0
        223
        255
         50
          0
        161
          0
         88
          0
         18
         29
         39
          0
          0
        103
          1
        109
         60
         20
        255
        154
          0
          0
        110
        117
         77
          0
         95
          0
          0
          0
          5
          0
          0
          0
          0
          0
          0
        119
          0
          0
          5
        220
         82
        201
          7
          0
         18
          0
          0
        154
          0
         53
          0
         34
          0
        117
          0
        111
          0
        153
         70
          0
         83
        117
          0
          0
          0
         30
          4
        211
          0
         84
        233
         91
         96
          0
          0
          0
         65
        148
          0
         75
        255
         77
          0
        136
          0
         88
         26
         93
        163
          0
          3
          0
         81
          0
          0
        255
          0
          0
         45
        128
          0
          0
         86
        116
         13
        255
         50
         28
          0
         13
        118
          0
          0
          0
         49
          5
         80
        156
          0
         68
        249
        116
          0
          0
          0
         87
          0
        255
          0
        135
         52
        114
        255
         52
          0
        136
         48
          0
          0
          0
         12
          0
          0
        127
        168
          0
         21
          0
         49
         74
          0
         11
         88
         94
         49
          0
        130
          0
          0
        255
          0
         80
        114
         42
          0
          0
          0
          8
         99
          0
          0
          0
          0
          0
          6
          0
          0
        169
          0
          0
          0
          0
          0
          0
          0
        125
         13
          0
          0
         85
          0
          9
          0
          0
         68
        182
        255
         89
          0
        134
          0
        255
          0
          0
          0
        186
          1
         11
          0
          0
          0
          0
        222
         95
         30
         26
          5
          0
          0
          0
          0
          0
          0
          0
        142
        130
        133
          0
        174
          2
          0
         86
        114
        187
         10
         38
         65
          0
          0
          0
        255
         61
          0
          0
        231
          0
          0
         51
        255
          0
         17
          0
          0
         44
          0
         67
         94
        185
         65
          0
         90
          0
          0
         65
          0
         90
         39
         66
          4
          0
         46
        190
          0
          0
          0
        124
        133
          0
          0
         80
          0
         41
         69
         26
         17
         85
