         49
          0
          0
          0
          0
         19
          0
         92
          0
         43
         53
        128
          0
          0
          0
        111
          0
        132
          0
          0
        107
        138
          0
          0
        216
        160
          0
          0
        255
          0
          0
         85
        148
          0
        180
         25
          0
          0
        109
          0
          0
          0
          0
        110
          0
        197
          0
        175
         10
        131
        164
          0
         48
        125
          0
          0
        167
          0
        160
          0
        230
         42
          0
        113
        123
          0
          0
          0
        133
          0
        204
          0
          0
          0
        111
          0
          0
         75
         92
          0
          0
         94
          0
          0
          0
          0
          0
        255
          0
          0
        145
          0
        255
          6
         25
          7
          0
          0
          0
          0
         92
          0
          0
          0
          0
          0
        116
        106
          0
         68
          0
         80
          0
          0
          0
          0
        103
        130
          0
          0
        216
        142
        116
        167
          0
          6
          0
         49
          0
          0
        138
         65
        101
          0
        240
          0
          0
         25
         96
        117
          0
          0
          0
         34
         28
          5
        170
          0
          0
        142
          0
          0
          0
         47
          0
          0
          0
         41
         71
          0
         44
          0
         83
          0
         86
        170
          0
        176
          0
         41
         24
          0
          0
        105
         27
        101
         41
          0
          0
          0
         63
        140
          0
        255
          0
          0
          0
         21
        251
         33
          0
          0
          0
          0
        128
          0
          0
          0
          0
          0
          0
         78
         80
        230
        255
        151
         69
         81
          0
        199
          0
        222
        110
          0
          0
        255
        175
        102
         40
          0
        225
         31
         72
          0
          0
         81
          0
        255
         12
          0
          0
         97
          0
          0
          0
         92
        255
        229
         87
         50
         46
          0
         47
          0
          0
          0
          0
         21
        211
          0
        173
          0
          0
         66
         94
         35
         50
         64
          0
          0
          0
         41
          0
        161
          0
          8
         63
          0
          0
         53
          0
        175
        217
         84
        119
          0
         99
        109
        143
          0
          0
          0
          0
          0
        255
          0
         17
         95
          0
         87
          0
        204
          0
          0
         31
         52
          0
         10
         16
         40
          0
        151
         64
         41
          0
        203
          0
        100
          0
         35
        134
          0
        145
          0
          0
         26
          0
          0
          0
          0
         51
          0
          0
          0
          0
         92
        176
          0
          0
          0
         10
          0
         19
          0
         40
         48
        237
        148
         50
          0
         94
         94
        255
          0
        142
         45
          6
          0
          0
          0
          0
         21
          0
          0
          0
         39
        120
        107
        231
          0
          9
          0
         43
         10
        255
         14
         15
          0
          0
        109
          0
        183
          0
         93
          0
          0
        148
          0
          0
          0
          0
          0
          0
        103
          0
         20
         43
          0
         15
         64
        135
          0
        130
          0
         37
          2
        180
          0
         28
          0
        229
         93
          0
         81
          0
         35
        127
         45
        156
          0
        166
          0
          0
          0
        114
          2
         50
         27
         73
        255
          1
          0
          0
        126
          0
         61
         27
          0
        255
          0
         27
          0
          0
         27
         29
         21
         75
        112
          0
          0
          0
          0
          0
          0
          0
         40
          0
         51
         83
        129
        113
          0
          0
        174
          0
          0
          0
          0
          0
          0
          0
          0
         79
          0
        136
          0
          0
          0
          0
        109
          0
          0
          0
          0
          0
          0
          0
         36
          0
          0
          0
          0
          0
          0
          0
          0
          0
          0
        255
          3
         93
          0
          0
        243
          0
          0
         26
          0
          0
        186
          0
          0
          0
         61
          0
          0
         30
          0
        255
         86
        119
        135
        124
        101
         63
          0
          0
         41
          0
          2
          0
         45
         75
         56
          0
         50
          0
          0
          0
         58
         94
          0
         58
          0
          0
        229
        209
          0
          0
          0
        136
          0
          0
          0
         31
          0
          0
          0
          0
          0
        108
         25
        255
         26
          0
          0
        161
          0
         75
          0
          0
          0
          0
          0
          0
         88
        245
          0
        150
          0
        169
         53
          0
         42
         61
        127
         51
         26
          0
        255
        174
          0
          0
          0
          0
          0
          0
         52
          0
         72
          0
          0
          0
        113
        145
        216
         64
         47
          0
          0
          0
          0
          0
          0
        241
          0
          0
          0
          0
         55
          0
          0
         22
         18
        144
          0
        229
        110
         90
          0
        135
         47
          0
          0
          0
        102
         48
         37
         70
        121
        255
          0
          0
          0
          0
          9
          0
          0
          0
        185
          0
          0
          0
        255
         23
          1
        121
        224
          0
          0
          0
         29
          0
          0
         76
          0
          0
          0
          0
          0
          0
          1
        255
         17
        176
         28
        137
          0
        100
          0
          0
          0
         23
         32
          0
        255
        112
          0
        162
        169
        111
        119
         13
         33
          0
          0
        107
          0
        151
          0
         60
          0
         86
          8
        255
          0
        184
        138
        126
          0
        171
         33
         60
        147
          0
          0
          0
         59
         42
          0
          0
          0
          0
        119
          0
          0
        255
          0
          0
          0
          0
          0
          0
        116
          0
         44
        255
          0
          0
          0
          0
          8
        255
         99
          0
          5
        212
         77
          0
          0
         48
          0
        186
          0
        255
         67
        103
          0
          0
          0
          0
          0
          0
          0
         35
          0
          0
          0
        255
        255
          0
          0
          0
          0
        255
         46
         13
        130
         91
         74
        158
        255
         27
          0
          0
         51
          0
         66
         85
         36
        255
         15
         17
          0
          0
        142
          0
          0
         77
          0
          0
        161
          0
          0
          0
          0
          0
          0
          0
         26
          0
         80
        178
          0
          0
        219
        164
          0
          0
         23
          0
         28
          0
          0
        110
          0
         21
          0
          0
         59
         74
         31
          0
          0
          0
         70
          0
          0
        255
         71
         37
        187
          0
          0
          0
          0
        140
        229
          0
        213
          0
         42
         22
          0
          0
          0
         40
          0
          0
        101
          0
         31
         34
         59
          0
          0
          0
         45
          0
         10
        255
          0
          0
          0
          0
          0
          0
          0
         63
          0
        173
          0
          0
         37
          2
         21
          0
          0
          0
          0
         33
         80
         18
          0
         83
         77
         49
          0
          0
         30
          0
          0
          0
          0
         96
        169
         24
          0
          0
          0
         49
         42
        169
        157
          0
          0
          0
          0
          0
          0
         41
          0
          0
          0
        169
          0
         96
         42
          0
         82
        173
          0
          1
          0
          0
          0
          4
          0
         58
          0
         53
        255
          0
          0
        182
        213
         58
         51
         13
          0
          0
        197
         85
          0
        207
          0
        157
         41
         80
         93
          0
          0
         47
          0
          0
         94
        255
         75
          0
          0
          0
          0
          0
          0
        135
          0
          0
        232
        255
          0
          0
          0
          0
          0
        109
          0
          0
          0
          0
        234
         86
         52
          0
        102
        116
          0
          0
          7
          0
         82
         82
          0
        157
          0
          0
         97
          0
          0
        164
          0
        255
         47
         90
          0
         90
          0
         97
          0
        195
          0
         52
          0
          0
        126
        255
        250
          0
          0
          0
          0
          0
          0
          0
        148
        235
          0
          0
        255
         20
        233
          0
         87
         38
         22
         63
         84
          0
          0
          0
          0
          0
          0
        154
        251
          0
          2
          0
        255
          0
          0
          0
        173
          0
          0
          0
        167
          0
          0
        216
        154
          0
          0
          0
         21
          0
          0
          0
          0
          0
          0
          0
          0
          0
          0
        177
          0
          0
        126
          0
         30
        125
          0
          0
         33
          0
         12
         12
         98
          0
          0
          0
          0
        145
          0
          0
         28
          0
        125
          0
         45
          0
          0
          0
          0
          0
          0
          0
        111
         59
         98
        255
          0
         92
          0
        171
         36
          0
          0
          0
          7
         97
          0
          0
          0
         52
          0
        177
         12
          0
         31
         59
        162
          0
          0
         23
          0
         48
        104
         73
         96
          0
         83
        255
          0
         52
         48
          0
          0
          0
          0
         79
         93
          0
          0
          0
          0
          0
         31
         11
         32
          0
          0
          0
          0
        255
        255
         95
          0
          0
          8
        182
         56
         59
         62
          0
          0
        111
        112
          0
          0
          0
          0
          0
          0
          0
          0
         92
          0
          0
          0
        134
          0
          0
         36
         34
          0
          0
          0
          0
        185
          0
          0
        130
        136
        106
        114
          0
          0
        109
         69
          0
         79
        205
          0
          0
          0
         66
         54
        186
        255
         31
        142
          0
          0
          0
         79
         25
          0
          0
        255
         42
          0
          0
          0
          0
          0
         70
         71
        255
        120
          0
         33
         41
          0
          0
          0
         65
         65
          0
          0
        196
         47
         33
        226
        147
          0
          0
          0
         68
          0
          0
          0
          0
          0
          0
        172
        129
        117
        106
        110
          0
        166
         15
          0
         66
        100
          0
         15
          0
          0
        131
         51
          0
          0
        181
        118
          0
         71
          0
          0
         68
          0
        255
          0
          0
          0
         76
          0
        112
          6
          0
        136
        123
        255
          0
          0
         80
          0
          0
          0
         76
         49
          0
          0
          0
          0
          0
          0
          0
          0
          0
          0
         37
         35
          0
          0
          0
          0
          0
          0
         91
        209
          0
        116
          0
         76
          0
          0
          8
          0
        255
          0
          0
          0
         93
         50
          0
          0
         26
        105
          0
          0
          0
         52
        124
          0
        255
        202
        105
          0
         77
          0
          0
        142
        113
         25
          0
        250
        151
          0
          0
        177
        255
          0
          0
          0
        130
         79
         85
          0
        104
          0
          0
          0
        255
          0
          0
         52
        223
          0
         10
          0
        224
          0
          0
         31
          0
         52
          0
          0
         84
          0
        171
          0
        163
          0
          0
        199
          0
        132
         11
          0
          0
          0
         46
        104
          0
          0
         24
          0
          0
        236
          0
          0
        240
          0
         97
         19
        113
         92
          0
          0
        192
          0
        115
         74
          0
          0
          4
          0
          0
          0
         93
          0
        116
        100
        145
          0
          0
        115
         50
          0
          0
          0
         74
          0
          0
          0
          0
        108
          0
         87
         21
          0
          0
          0
          0
          0
          0
          0
          0
        153
          0
          0
        197
        131
         62
        105
         73
          4
          0
         98
        125
         15
        255
          0
         65
        163
          0
          0
          0
          0
          0
         99
          0
          0
          0
          0
          0
          0
         24
          0
          0
         29
          0
          0
          0
          0
          0
        203
         32
          0
        255
          0
        162
          5
        255
          0
          0
          0
          0
        136
        134
          0
         98
        140
         78
        255
          0
          0
          6
        126
          0
          0
         63
        156
        230
          0
        138
        255
        171
        185
          0
         16
          0
         45
         77
         42
        151
          0
          0
          0
          0
          0
          0
          0
         90
        145
          0
          0
          0
          0
          0
          0
         43
          0
         17
          0
          0
          0
         77
          0
          0
          0
          0
          0
          0
        105
        105
         20
          0
          0
         98
          0
        209
          0
          0
        203
          0
        127
         97
        158
          0
          0
        166
          0
          0
          0
          0
         76
        111
        125
        166
          0
         18
         97
          0
         80
          0
         25
         81
          0
        255
          0
         71
          0
          0
          0
          0
        124
         79
        145
          0
          0
          0
          0
        146
          0
          0
         49
          3
        102
          0
         69
         63
          0
         35
        119
        210
          0
         79
        101
          0
        166
          0
          0
          0
        121
          0
          0
          0
        193
          0
         27
          0
          0
         24
         15
          0
          0
          0
         98
          0
          0
          0
         66
        211
          0
          0
        156
        159
          0
          0
          0
          0
          0
        255
          0
          0
        146
         40
          0
        171
         88
         76
         66
          0
          0
          0
         44
          0
          0
          0
         89
         67
         83
         72
         75
          0
          0
          0
          0
        110
          0
          0
         54
        171
          6
          0
          0
         40
          0
         31
        120
          0
          0
          0
        135
          0
          0
        216
          0
         10
          8
          0
          0
          0
        155
          0
        121
         96
          0
          0
         73
         95
          0
          0
          0
         78
        189
         47
          0
          0
          0
          0
          0
        127
          0
         97
         56
          0
          0
        141
          0
          0
          0
          0
          0
          0
          0
          0
         20
        118
         18
        113
        148
        231
        184
          0
         57
        107
          0
        255
          0
         83
          0
          0
        105
        133
         22
         95
        103
          0
        125
          0
          0
          0
         70
          0
         55
          0
        200
        172
        103
         36
          0
          0
        225
         34
         95
        255
          0
          0
          0
          0
         74
          0
          0
         12
        110
        177
          9
          4
          0
          0
        255
         90
          0
         17
          0
          0
         48
         25
        124
        159
          0
        205
        255
        170
          0
         37
          0
          0
         23
          0
        174
         47
         84
          0
          0
        176
        115
          0
        133
          0
        121
          0
          0
         74
         96
         77
          0
        255
          0
          0
        117
        117
         95
          0
        255
        175
        196
         73
          0
          0
          0
          0
         64
        251
        177
          0
          4
          0
          0
          0
        158
         94
          0
          0
          0
        163
          0
        149
          0
          0
         66
         33
         52
         98
          0
          0
        255
        106
         78
         15
          0
          0
         47
          0
          0
        255
        102
          0
         62
          0
          0
         24
          0
          0
        140
          0
          0
        125
          0
          0
          0
          0
          0
         48
         48
         99
          0
          0
        255
         58
          0
         75
        161
          0
         23
        129
        147
        255
        138
          0
         46
          0
        126
         57
          0
          0
         96
        255
        188
         67
          9
          0
        124
          0
          0
         92
          0
        180
          0
          0
        255
        180
          0
          0
          2
          0
         62
        168
          0
        255
        120
          0
          0
          0
        130
         56
        249
         21
          0
          0
        220
         85
          0
        140
        126
        255
          0
          0
         72
          0
        128
          0
          0
          0
        135
          0
          0
        219
          0
          0
          0
          0
         32
          0
          0
          0
          0
          0
          0
          0
        138
          0
        158
          9
          0
        114
         96
        255
          0
          0
          0
          0
          0
          0
          0
          0
          0
          0
          0
        255
         40
          0
          0
         18
         51
          0
          0
        144
          0
          0
          0
         45
         91
          0
        120
         36
          0
         83
          3
        255
        111
          0
        184
