          0
          0
          0
          0
          0
         18
         79
          0
          0
          0
          0
         31
          0
          0
          0
          0
         81
          0
         45
         36
         64
        105
          0
          0
        197
          0
          0
          0
          0
          0
        112
          0
         76
         51
          0
          0
          0
          0
          3
          0
        163
         34
         76
          6
          0
        109
          0
        130
          0
         52
          0
          2
          0
          0
          0
          0
         86
         54
        152
          0
          0
          0
          0
         64
         65
        112
        119
          0
         98
          0
         95
          0
          0
        136
          0
         62
        156
         79
          0
          0
         22
         88
        115
         52
         79
          0
          0
          0
          0
          0
        199
          0
          0
        255
          0
        178
        124
         59
          0
          0
          0
         28
          0
          0
        175
          0
         87
        100
          0
         60
          0
          0
        188
        237
          0
         37
          0
         22
          0
         10
          0
          0
          0
        114
          0
         62
          0
          0
        148
          4
          0
          0
          0
          0
         78
          0
          0
        188
         73
          0
        106
         51
         19
        173
          0
          0
        144
          0
         40
         72
         74
          0
         91
          0
         67
          0
          0
          0
         94
          0
          0
          0
          0
          0
          0
         33
        115
          0
          0
          0
        100
          0
         43
        121
         81
         86
          0
         71
          0
         40
          0
          0
          0
         26
        124
          0
          0
          0
          0
          0
        134
         83
         95
          0
          0
          0
        255
         21
        168
          0
        255
         72
          0
          0
         76
          3
          0
          0
          0
          0
         95
         59
          0
        162
          0
          0
          0
         22
          0
        118
        255
          0
          0
          0
          0
          0
        255
          0
          0
          0
          0
          0
          0
          0
          0
        105
          0
         40
         59
          0
         85
        136
        222
        118
          0
          0
          0
          0
          0
        131
          0
          0
          0
          0
         78
         37
        169
          0
        255
          0
          0
          0
          0
         18
          0
          0
          0
          0
        116
        110
          0
        183
        201
          0
         89
          0
          0
        163
          0
          0
          0
         48
        220
          0
          0
          0
        137
          0
        143
          0
          0
          0
          0
         35
          0
          0
          0
        158
        111
         95
         89
          0
         91
          0
          0
          0
        163
         19
          0
          0
          0
          0
          0
          0
         92
        161
        120
          0
          0
          0
          0
          0
        255
          0
          0
          0
          0
          4
          0
          0
         89
         36
         81
          0
        120
        155
          5
          0
          0
        132
          5
          0
         53
        255
          0
         77
        195
         37
        255
         62
          0
        212
          0
        178
        190
          0
          0
          0
          0
          0
        173
          0
         86
         90
          0
        131
         65
         44
          0
          0
          0
          0
          0
          0
         19
        143
         81
         11
         83
        119
        255
          0
        140
          0
        163
          0
          0
         12
          0
          0
         30
          0
          0
          0
          0
          0
        131
        210
          0
        187
        226
        222
        119
        129
        107
         29
          0
        255
          0
          0
         63
          0
        193
          0
         33
         33
          0
          0
          0
          0
          0
          0
        121
        255
         66
         26
          0
         21
          0
          0
          0
          0
        116
        114
          0
        113
          0
          0
          0
          7
          0
          0
         72
          0
          0
         88
          0
          0
          0
          0
          0
        120
         30
          0
         58
          0
          0
          0
          0
         49
          0
          0
          0
          0
          0
        102
         58
        107
          0
        199
          0
        255
          5
          0
        189
          0
          0
         80
          0
          0
          1
          0
          0
        146
          0
          0
         91
        197
          0
         13
          0
          0
         93
         97
          0
        190
        176
        255
          0
          0
          0
        188
         37
          0
         93
          5
        126
          0
          0
         85
         36
         81
