         43
          0
        214
          0
          0
          0
          0
          0
          0
          0
          0
         94
          0
          0
          0
          0
        255
         82
          0
          0
         16
          0
          0
         92
          0
          0
          0
         85
          0
        255
          0
         40
          0
         11
          0
        196
          0
        255
         98
          0
        103
         47
          0
         19
         37
        102
        142
        170
        255
        104
          0
        101
          0
        166
          0
          0
          0
          0
          0
         60
         56
        255
          0
          0
          0
         21
         94
          0
          0
          0
        105
          0
         87
         80
          0
          0
         13
          0
         27
          0
        255
         54
        102
          0
         47
        235
          0
          0
          0
          0
          0
        114
         40
          0
         72
          0
          0
         52
        129
          0
          0
        255
          0
          0
         76
         40
          0
          0
         45
         81
          0
          7
        255
         99
          0
          0
          3
          0
          0
         88
         16
          0
        105
         74
          0
         16
          0
          0
          0
          0
         48
          0
          0
          0
         96
         40
          0
         18
         43
        108
          0
         70
         17
         76
          0
          0
          0
          0
         28
        161
          0
         94
          0
          0
          0
        189
         18
          0
          0
          0
          0
         41
        156
          0
          0
          0
          0
         54
        118
          0
         90
          0
          0
          0
         25
          0
        255
         74
         46
         91
         47
        209
          0
          0
         88
          0
          0
          0
         51
        255
          0
          0
          0
         17
         75
          0
          0
          0
          0
          0
          0
          0
          0
          0
          0
         83
          0
          0
        255
          0
          0
         42
          0
        165
         35
          0
          0
          0
         18
        172
          0
          0
          0
         20
          2
          0
          0
          0
         50
        255
          0
         97
        127
         31
          0
          0
          0
          0
        125
          0
        255
         83
          0
          0
          0
         96
          0
         36
          0
          0
         86
         91
         51
        147
          0
          0
          0
          0
        164
         78
          0
          0
          0
        164
        173
          0
          0
        116
         79
          0
        107
          0
        255
          0
          0
        125
         11
        161
         50
          0
          0
          0
          0
         73
          0
          0
          0
          0
         35
         19
         96
          0
          0
          0
          0
         40
          0
          0
          0
          0
         54
          0
         95
          0
        255
          0
          0
          8
          0
        176
          0
          0
          0
          0
          0
          0
          0
        255
          7
          0
          0
         68
         44
        109
          0
        255
         44
        130
        154
          0
          0
        109
          0
          0
         86
          0
        255
         57
          0
          0
          0
        227
          0
         11
          0
          0
          0
         14
          0
          0
          5
          2
          0
          0
         87
         58
         32
         78
          0
         83
          0
          0
        114
         73
         12
          0
         59
          0
          0
         48
        175
          0
          0
         41
          0
          0
         35
        255
        102
        175
          0
        185
         68
         35
          0
          0
        160
          0
          0
        255
         81
        158
         31
          0
          0
         51
         56
          0
         34
          0
          0
          0
        173
          0
         45
        194
          0
         62
          0
          0
          0
         76
          0
          0
         26
          0
          0
          0
          0
         56
          0
          0
          0
        110
         54
         63
          0
         62
          0
          0
        118
        192
          0
         56
          0
         91
          0
        155
          0
          0
        119
          0
          0
         39
         35
        255
          0
          0
          1
          0
        187
         77
          0
        255
         45
         83
         39
          0
          0
          0
          0
          0
          0
          0
          0
          0
          6
          0
         12
        208
         27
         47
          0
          0
         70
         23
          0
        217
         10
         42
          0
         58
          0
          0
          0
        255
          0
         87
          0
          0
          0
         94
          0
          0
          0
          0
        255
          0
          0
          0
          0
        130
          0
          0
          0
          0
        120
        105
          4
          0
          0
         14
