          0
          0
          0
        110
          0
        172
        255
        167
          0
         11
         51
         65
          0
          9
          0
          0
          0
         18
          0
          0
        190
         78
         33
          0
          0
          0
          0
          0
          0
         14
          0
          0
         58
          0
          0
        155
          0
          0
         18
        147
          0
          0
          0
          0
         27
          0
          0
          0
        104
          0
          0
          0
          0
        120
          0
          0
        255
          0
        151
         99
          0
         63
          0
          0
         55
         56
          0
        171
          0
        161
          0
          0
        255
        255
          0
         30
          0
          0
        172
          0
        193
          0
         10
        176
          0
        117
         93
         98
        255
          0
          0
          0
          0
         69
          0
          0
          0
        103
          0
         70
          0
          0
          0
         37
         65
          0
        200
         68
          0
          2
        197
          0
        154
          0
        157
         58
         69
          0
          0
        107
        255
          0
        212
          0
          0
          0
        255
         89
          0
          0
          0
        183
         67
          0
        136
         27
          0
         29
        255
          1
          0
          0
        255
        255
          0
          0
          0
         66
          0
          0
          0
          0
        255
          0
         30
          0
          0
        144
        128
         17
          0
         75
          0
        211
          0
          0
        153
         30
          0
        255
          0
        255
          0
          0
        255
          0
         80
          0
         52
          0
          0
          0
          0
         50
        255
         94
         26
          0
         81
        131
          0
          0
          0
         34
        255
        206
          0
          0
          0
          0
        255
          0
        255
          0
          0
          0
          0
          0
          0
          0
          0
          0
        255
          0
          0
          3
        183
          0
        228
          0
         40
        102
          0
          0
         24
          0
        255
         84
          0
         23
        255
          0
          0
        117
          0
          0
          0
          0
          0
          0
          0
          0
          0
        186
          0
          0
         83
          0
        230
          0
        116
         43
          0
        138
          2
        102
          0
         16
          0
         65
        255
          9
          0
          0
          0
          0
        255
         98
        148
         10
          0
        166
         43
          0
         51
          0
          0
          0
         67
          0
          0
        115
          0
        108
          0
          4
         97
          0
          0
          0
          0
          0
          0
          0
        147
         93
          0
          0
          0
          0
          0
          0
          0
          0
         25
          0
          0
         21
          0
          0
          0
          0
        190
        149
        149
          0
          0
          0
        142
          0
          0
         61
          0
         78
          0
        172
          0
          0
        255
         27
          0
          0
          0
          0
          0
        255
          0
          0
        121
         69
          0
          0
          0
          0
          0
          0
        200
          0
          0
          0
        255
         64
          0
        100
          0
          0
          0
          0
          0
          0
        149
        214
          0
        167
         55
          0
        255
          0
          0
          0
          0
          0
        255
         30
         36
         50
        255
         47
        190
          0
          0
          0
        233
         92
         19
         44
          0
          0
        255
          0
          0
          0
          0
        255
        255
         62
          0
          0
        255
          0
         50
          0
          0
         14
         51
          0
         34
          0
        255
         41
         73
          0
         58
          0
         44
        137
         74
          0
         45
          0
        233
        217
          0
          0
          0
          0
          0
        135
          0
         81
        255
          0
          0
          0
          0
          0
        255
          0
          0
          0
          0
         83
          0
          8
          0
          0
        147
        134
          0
          0
          0
          0
        255
          0
        255
        118
          0
          0
          0
          0
         73
         88
        196
        255
         54
        120
          0
          0
          0
          0
          0
          0
        255
          0
          0
         73
         87
          0
          0
          0
          0
          0
        255
          0
         41
         48
        197
          0
          0
        255
          0
          0
          0
          0
        173
          0
          0
        214
          0
         68
        113
         66
          0
        116
          0
         16
        205
          0
         66
         56
         16
          0
        133
          0
          0
        108
          0
        170
          0
          0
        201
        134
        147
         58
        130
          0
          0
         16
         57
        119
        153
         14
          3
          0
          0
        106
          0
         10
          0
         95
          0
          0
          0
          0
        112
          0
         52
         29
        255
        138
          0
         31
         16
        255
          0
          0
          0
          0
          0
          9
         95
        237
          0
          0
          0
          0
          0
          0
          0
          0
          0
          0
          0
          0
        220
          0
         75
          0
          8
          0
        255
          0
          0
          0
          0
        255
         23
          0
          0
          0
          0
        142
         47
        255
         34
        165
        255
          0
          0
        165
        255
          0
          0
          0
          0
          0
         91
          0
         61
         89
          0
         83
        255
        255
         16
          0
         26
        183
          0
        255
        121
          0
          0
        255
          1
        255
         44
        103
        255
          0
          0
          0
         51
         13
          0
         62
         89
          0
          4
         16
        142
         98
          0
         22
          0
          0
          0
          7
          0
        255
        255
          0
        145
         31
          0
        247
          0
        236
          0
         88
        168
         64
         39
          0
        255
          0
        223
          0
          0
          0
          0
          0
        103
          0
        255
          0
        255
          0
          0
          0
         23
          0
          0
         15
         55
          0
          0
          0
          0
         58
        128
         51
        198
         65
         63
          0
          0
          0
          0
          0
        253
          0
        255
          0
          0
         51
          0
          0
        255
          0
          0
          0
        189
          0
          0
          0
         47
          0
          0
          0
          0
         61
          0
         97
          0
          0
          0
        137
        255
          0
          0
         71
          0
          0
        255
          0
          4
          0
          0
          0
         79
          0
        134
        169
        177
        170
          0
          0
         28
          0
          0
        255
          0
          0
          0
         50
         56
          0
          0
          0
        112
          0
          0
          0
          0
          0
          0
          0
          0
          0
        255
          0
          0
         89
          0
         23
          0
         12
        243
        211
        158
        110
          0
          0
         28
          0
         50
          9
        255
         90
         89
          0
          0
         31
        193
          0
          0
          0
          0
          0
          0
         74
        179
          0
          0
          0
         11
          0
          0
        255
          0
          0
          0
          0
        220
          0
          0
          0
          0
          0
          0
          0
          0
          0
          0
         15
          0
          0
         34
        124
          0
          0
          0
         84
        139
          0
        255
        255
          0
          0
         22
        143
          0
          0
         74
          6
          0
          0
          0
          0
          0
         98
        255
          0
          0
          0
          0
          0
        210
          0
          0
          0
         47
          0
        144
         63
        121
         38
          0
          0
          0
          0
          0
          0
          0
          0
        179
          0
         20
        167
          0
          0
        148
         94
        252
         38
          0
        110
        255
          0
          0
          0
          0
          0
        209
          0
         32
          0
          0
         30
        255
          0
        251
          0
        255
         18
          0
          0
         12
         13
          0
          0
          0
          0
         93
          0
        153
          0
          0
          0
        255
         58
          0
          0
          0
          0
        151
          0
        150
          0
        255
          0
        255
          0
          0
        117
          0
        255
        255
          0
          0
          0
          0
          0
          0
         57
          0
          0
        169
          0
         90
          5
          0
         35
        242
          0
          5
          0
        117
         49
        153
         94
        255
         20
        198
          0
          0
        203
        120
          0
          0
          0
          0
         40
          0
         62
          0
         59
         93
          0
        255
          0
          0
          0
          0
          5
          0
          0
        184
          0
        255
          0
          0
          0
          0
          0
          0
          0
        255
          0
          0
          0
        255
        255
          0
         89
          0
        255
          0
          0
         95
         44
        255
         67
          0
          0
        249
         30
          0
         75
          0
          0
          0
         36
         29
          3
          0
         63
          0
         89
          0
         76
        137
          0
        137
          0
        142
         73
          0
          0
         66
        101
        137
          0
          0
          0
          0
          0
          0
          0
          0
          0
          0
          6
        255
          0
          0
          9
          0
          0
        243
          0
          0
         16
          0
        209
          0
          0
          0
         86
        255
          0
         81
        147
        165
        118
        235
          0
          0
          0
          0
         31
          0
         46
          0
          4
        255
          0
         79
          0
        227
         59
          0
          0
         24
          0
        145
          0
          0
          0
          0
          0
        225
        255
         60
        122
          0
        114
        181
          0
          0
         16
          0
        145
          0
         84
          0
          0
          0
          0
          0
         31
        191
         69
        255
          0
          0
          0
        255
          0
          0
         19
        103
          0
        136
         54
        137
         54
          0
         46
        255
        113
          0
          0
          0
          0
         14
          0
          0
          0
          0
          0
          0
          0
          0
         54
        220
        150
          0
          0
          0
        255
          0
          0
          0
          0
        255
          0
          0
         84
          0
          0
        255
          0
          0
          0
        255
          0
          0
          7
          0
         29
        255
        109
          0
          0
          0
         74
        255
         51
          0
          0
          0
        255
          0
        105
          0
          0
          0
          0
          0
          0
         89
         97
         51
         51
          0
        154
        255
          0
        139
         37
          0
          0
        255
          0
        158
          0
          0
          0
        227
          0
          0
        179
         47
        255
          0
          0
         53
          2
        250
          0
          0
          0
         72
        162
          0
          0
          0
          0
          0
         19
          0
          0
          0
          0
          0
          0
          0
          0
          0
         10
          0
         91
        255
          0
          0
        255
          0
          0
          0
        116
        221
          0
        165
          0
          0
          0
          0
          0
          0
          0
        198
          0
          0
         36
          0
          0
         54
         74
        115
          0
        255
          0
        255
          0
        255
          0
        190
          0
        223
          0
        245
          0
          0
        248
          0
         62
         75
          0
         77
          0
          0
         98
          0
          0
        245
         95
         65
          0
          0
          0
         96
          0
          0
        189
          0
         92
         35
          0
          0
          0
          0
          0
          0
          0
        255
          0
          0
         94
          0
          0
          0
          0
          0
         12
          0
          0
          0
          0
        123
         20
          0
          0
          0
          0
         11
          9
          0
        112
          0
        133
        218
          0
          0
          0
          0
        112
        255
        255
          0
         28
          3
          0
          0
          0
          0
         82
          0
          0
          0
         66
        255
          0
          0
          0
         99
         71
          0
         66
        255
        255
          0
          0
         87
        255
          0
          0
          0
          0
          0
        255
         32
         88
          0
          0
          0
          0
          0
          0
          0
         23
        128
          0
        168
          0
        255
        144
          0
          0
          0
         32
        255
          0
        255
          0
          0
        232
          0
        255
          0
          0
          0
          0
         55
        108
          0
        144
        255
          0
         34
          0
        255
         33
          0
          0
        167
          0
        255
         37
          0
         54
        255
         33
        255
          0
          0
         99
        173
          0
          0
          0
         90
         39
        255
          0
         44
        186
          0
         82
        140
          0
          7
        140
        255
          0
        145
         23
         56
          0
        254
          0
          0
         96
        255
         80
        193
         33
        255
        170
          0
        204
          0
          0
          2
          0
        255
          0
          0
          0
        153
        149
          0
          0
          0
          0
          0
          0
          0
          1
        210
         11
          0
          0
          0
          0
        255
          0
        150
          0
        255
         68
        255
        255
          0
        255
          0
          0
        255
          0
          0
         45
        154
        176
        255
         31
          0
         19
         83
          0
          0
          0
          0
          0
        255
          0
        158
         49
          0
          5
        255
        109
        223
         52
        106
         46
         68
         28
        245
         68
          0
          8
          0
          0
         24
         65
         63
          0
          0
         86
          0
          0
          0
          0
          0
          1
        255
          0
         81
         28
          0
          0
        255
         31
        255
          0
        246
          0
        255
          0
          0
         15
        255
          0
          0
          0
          0
         38
          0
          0
          0
          0
         34
         18
         29
         91
         66
          0
          0
          0
         91
          0
          0
          2
        255
          0
          0
          0
        246
          0
        108
          0
        192
          0
          0
          0
          0
          0
          0
        205
          0
          0
         49
          0
          0
          0
          0
          0
          0
          0
        104
          0
        166
         60
          0
          0
        255
         76
        255
         15
        255
        255
          0
        132
         40
          0
          0
          0
          0
          0
          5
          0
          0
          0
          0
          0
          0
          0
          0
          0
        208
          0
          0
          0
          0
         48
          0
          0
        255
          0
          0
         25
         17
          0
          0
        192
          0
        102
        255
          0
          0
          0
          0
          0
        255
         22
         14
          0
        255
          0
        144
         36
          7
         46
          0
          0
        144
          0
        255
          0
         48
          0
          0
          0
        243
          0
        255
          0
        181
          0
        255
          0
          0
          0
          0
        131
          0
          0
          4
        135
        255
          0
        167
         15
        178
         57
        110
        166
        138
         16
          0
          0
        125
          0
          0
          0
         51
        255
          0
         34
          0
         73
          0
          0
          0
         59
        162
         34
          0
          0
         28
          0
          0
          0
        231
         13
        237
          0
        255
          0
          0
         28
          0
          0
          0
          0
         72
         70
        169
        255
          0
          0
          0
          0
        255
        255
          0
         84
        144
        123
          0
          0
          0
        144
         24
          0
          0
        102
          0
         24
         80
          0
          5
          0
          0
          0
        255
         38
        120
          0
         98
        185
         31
        214
        153
          0
        248
        255
        191
          0
          0
         63
          0
          0
         11
         75
        255
          9
          0
          0
          0
        154
          0
          0
         13
          0
          0
        117
        220
          0
          0
         44
        255
          0
        149
          0
        118
        105
        137
          0
          0
          0
          0
          0
        255
         84
          0
          0
        255
          0
          0
         39
          4
          0
          7
          3
         29
          0
        255
          0
        255
          0
         92
          0
          0
         14
        211
         83
        128
          0
          0
         58
          0
         72
          0
          0
        255
          0
          0
         80
        255
          0
          0
          0
         42
          0
        255
        121
          0
          0
        255
        172
        255
         36
        255
          0
        150
          0
          0
         41
         60
         52
         96
          0
          0
          0
          0
        184
         94
         94
          0
          0
          0
         63
        146
          0
        211
          0
          0
          0
          0
         87
        255
          0
          0
          0
          0
         34
          0
          0
          0
        236
        105
         13
        200
          0
        184
          0
          2
          0
        255
         64
          0
          0
        255
          0
          0
          0
          0
        141
          0
        118
          0
          0
        255
          0
        255
        244
          0
          0
          0
          0
        255
         51
          0
         56
        131
          0
          0
          0
          0
          0
        255
         32
          0
         97
        255
          0
          0
          0
          0
          0
         64
          0
          0
         41
          0
        214
        255
         42
          0
          0
        255
          0
          0
          2
        223
         21
         95
         96
          0
          0
          0
          0
        255
        120
          0
          0
        255
         42
          0
          0
          0
          0
        149
         35
         25
         54
          0
          0
         20
        156
        255
         86
          0
          0
          0
         45
          0
          0
          0
          0
        168
          0
          0
          0
          0
         85
         39
        170
         91
          0
        241
          0
          0
          0
        179
          0
