          0
         74
          4
          0
          0
          0
          0
         18
        255
         14
          0
          0
          0
         66
          0
          0
        164
        120
          0
          0
          0
          0
         80
          0
        242
          0
          0
          8
          0
          0
          0
          0
          0
          0
        177
          0
        122
          0
        163
          0
        255
          0
         56
          0
          0
         49
          0
          0
        170
        198
          0
        159
          0
          0
          0
          0
          0
          0
          0
        255
          0
          0
        183
          0
          0
        187
         94
          0
          0
          0
        255
        255
        255
          0
         62
          0
        207
         97
        255
        223
        113
          0
        188
         45
          0
          0
        174
          0
        244
        255
        223
          0
        220
         26
          0
          4
          0
          0
          0
          0
          0
         42
          0
        255
         85
         28
          0
        137
        255
          0
          9
          0
         93
          0
          0
          0
          0
        123
        191
          0
          0
          0
          0
         70
          0
         99
        203
        149
          0
         76
          0
          0
          0
        175
          0
        155
        176
          0
          0
        255
        145
          0
          0
         34
         80
         39
          0
        124
          0
         31
          0
          0
          0
          0
          0
          0
         59
          0
          0
          0
          0
         40
         52
          0
        150
          0
          0
        102
          0
          0
        123
        204
          0
          0
          0
        221
          5
         49
        163
         27
        160
          0
        187
         88
          0
          0
          0
          0
          0
          0
          0
          0
         74
          0
        175
          0
          0
          0
        255
        125
        255
          0
         98
         46
        105
          0
          0
          0
          0
          0
          0
         68
        117
        111
          0
          0
          0
          0
          0
          0
          0
          0
          0
          0
          0
          0
         43
          0
          0
          0
        255
          0
          0
         39
          0
          0
          0
          0
        255
          0
          0
         13
         39
          0
          0
          0
          0
          0
          0
         72
         57
          0
          0
          0
          0
          0
          0
          0
        132
          0
         26
          0
          0
        240
          0
          0
          8
          0
          0
         21
          0
          0
          0
          0
         63
          0
        253
          0
          9
        255
          0
          0
        171
        121
         31
          0
         50
          0
        255
          0
        124
          0
          0
          0
        255
        108
        229
         18
        139
        255
        111
          0
         93
          0
         37
          0
          0
          0
        194
        197
          0
          0
          0
        144
        185
        141
        253
          0
         80
          0
        255
          0
         98
         70
        183
        152
          0
         57
          0
         26
          0
         52
        255
         16
          0
          0
          0
        183
        109
         25
          0
          0
         59
        255
          0
        163
        134
        245
        200
          0
          0
          0
          0
          0
          0
          0
          0
         63
        255
          0
         83
          0
        133
          0
          0
          0
        119
         20
          0
          0
          0
          0
        229
          0
        184
         93
         48
        198
          0
          0
        229
         45
         18
          0
          0
         44
         87
          0
         69
          0
         80
         70
          0
          0
         10
          0
         50
         85
          0
         17
        255
          0
          0
        159
          0
          0
        104
        255
          0
          0
        190
          0
        200
          0
         93
        255
          0
          4
        128
        166
        114
          0
        211
          0
          0
          0
         96
        255
          0
         63
         32
         35
        151
          0
        124
         64
        210
        215
         30
          0
          0
          0
          0
        182
         11
          0
          0
        116
          0
          0
        128
          0
         63
          0
          0
        255
          0
          0
        165
         24
          0
         34
        188
         70
          0
        166
        137
         66
          0
         40
         15
          0
          0
          0
         35
          0
        160
          0
          1
        242
          0
          0
          0
          0
         10
         72
          0
         65
          0
        116
          0
        227
          0
         22
         76
          2
          0
          0
          0
          0
          0
          0
        166
          0
         75
          0
         49
          0
          0
          3
         17
          0
