        242
          0
        179
         52
          0
         29
          0
          0
          0
          0
          0
          0
         24
          0
         60
          0
          0
         50
          0
          0
        112
         84
          0
        194
          0
          0
          0
          0
          0
        246
          0
        107
         97
        186
          0
          0
          0
          0
          0
          0
         32
        255
         91
          0
          0
        255
          0
          0
          0
          0
          0
          0
        226
          0
          0
        255
          0
          0
          0
         39
          0
          0
        181
          0
        131
          0
          1
         58
          0
          0
        105
          0
         45
          0
          4
          0
          0
        255
          0
          0
         24
          0
        161
          0
          0
         16
          0
        255
          0
        255
          0
        208
          0
          0
        235
          0
          0
          0
          0
          0
          0
        109
        125
         23
          0
          0
          0
          0
          0
        255
        247
         28
          0
          0
        112
          0
          0
          0
          0
          0
          0
        255
         76
          0
          0
          0
        216
          0
          0
        175
        208
          0
          0
          0
         28
          7
          0
          0
         98
          0
          0
        255
          0
          0
         49
         19
          0
          0
          0
         53
          0
          0
          0
          4
        116
          0
          0
          0
        228
        101
         38
        108
          0
         29
          6
        103
          0
          0
          0
          0
          2
          0
          0
        255
         85
          0
         87
        136
        214
          0
          0
          0
          0
          0
          0
          0
         97
        200
         17
        201
          0
          0
        148
        211
          0
          0
          0
          0
          0
          0
         22
          0
         40
          0
          2
        255
          0
          0
          0
          0
        105
          0
        221
        176
          0
          0
          3
          0
        108
          0
        255
          0
        210
          0
          0
        161
         47
          0
        169
         89
          0
          0
        216
          0
          0
          0
         36
          0
          0
         87
          0
          0
          0
          0
          0
         99
          0
        255
        176
        255
          0
          0
        238
          0
          0
          0
          0
         70
          0
          7
          0
          0
          0
          0
          0
          0
        107
         76
          0
          0
        255
        255
          0
         46
          0
        178
        138
          0
          0
        255
        179
          0
          0
          0
          0
          0
         95
         33
         64
          9
        109
         74
         83
         32
          0
          0
        201
          0
          0
          0
          0
        255
          0
        117
          0
          0
        150
         99
        154
          3
          0
        255
          0
          0
         19
         94
        255
        178
          0
          0
         67
          0
          3
          0
         91
          0
         68
         71
          0
          0
        136
          0
          0
          0
          0
          0
         53
         53
        110
          0
         33
          7
          0
        232
        199
          0
          0
         86
          0
        111
          0
         31
          0
          0
          0
          0
        120
          0
        156
        173
          0
        255
          0
          0
         55
          0
        255
         17
          0
          0
         54
        150
          0
        234
          0
        255
        244
          0
         45
          0
         79
         45
          0
        210
          0
          0
         71
          0
        212
          0
         87
         63
        109
          0
          0
          0
          0
          0
        164
          0
        202
          0
          0
         47
          0
          0
          0
        190
          0
         22
        130
        157
          0
         48
          9
          9
        255
          0
          0
          0
        160
         25
        204
          0
        217
          0
          0
          0
          0
        255
          0
          0
          0
        103
          0
        123
          0
         31
          0
        255
        166
        190
         94
          0
          0
        245
          0
          0
        210
         42
          0
          0
         69
         17
          0
        173
        255
          0
         82
        136
        148
        255
          0
         47
         57
          0
          0
          0
          0
          8
          0
        255
        238
         64
         67
        102
          0
          0
        251
          0
        255
        133
         32
          0
        255
          0
          0
          0
        149
          0
          0
          0
          0
         43
          0
        192
          0
         82
        116
         70
        194
          0
         42
        229
          0
        186
          0
          0
        229
          0
          0
          0
        241
          0
          0
         39
          0
          0
         33
          0
        233
          0
         24
        242
          0
          0
          0
          0
          0
         53
          0
         86
        177
          0
          0
          0
        206
        255
        191
         21
          0
          0
        102
        196
         23
          0
         49
          0
        110
         55
          0
          0
          0
          0
         15
          0
        138
        255
        255
        230
          0
          0
        171
         42
        165
          0
          0
         63
        219
          0
         16
        123
          0
         92
          0
          0
         56
        205
          0
          0
          0
         94
          0
        147
          0
          0
          0
          0
        152
        255
          0
          0
          0
         64
         51
        182
        160
          0
        187
        169
        169
         41
        177
         82
          0
        166
          0
        102
          4
        124
          0
          0
        236
         74
          0
         87
          0
        255
          0
          0
        114
        255
          0
          2
        160
        115
        101
          0
          0
          0
        255
          0
          0
        136
          0
          0
          0
         35
          0
        155
          0
          0
        119
          0
          0
          0
         67
          0
          0
         13
          0
          0
          0
        255
        255
          0
          0
          0
         65
          0
         53
          0
        189
          0
        181
        255
          0
        104
          0
          0
          0
          0
        132
          0
          0
         12
        255
          0
          0
          0
          0
        255
          0
          0
         17
          0
        146
          8
          0
          0
          0
          0
          0
        219
          0
          0
        227
          0
          0
         39
          0
          0
         68
        154
          0
          0
         17
          0
          8
          0
          0
        109
          0
          0
        107
          0
         57
          0
        204
        199
          0
         75
         36
          0
          0
          0
          0
        226
          0
        255
          0
        190
        255
          0
          0
         19
        255
         83
         50
         98
        232
         98
          0
         27
         21
          0
          0
         12
          0
        137
         12
          0
          0
          0
         70
         26
          0
          0
        255
        219
          0
         44
          0
          0
        255
        201
          0
          0
          0
          0
         57
         49
          0
          0
        197
          0
          0
          0
        111
        113
         85
          0
         39
          0
        109
         73
          0
          0
          0
          3
          0
          0
          0
          0
        131
          5
          0
         80
        156
        203
          0
        145
         26
          0
        255
         53
          0
          0
          0
          0
         59
          0
        180
        255
          0
          0
        186
          0
         45
          0
        164
         32
          0
          0
          0
        255
          0
        180
          0
        165
         93
          0
         18
        109
          0
          0
          0
         55
         88
          0
        255
          0
          0
         13
         13
          0
          0
          0
        204
         86
        147
        180
        225
          0
          0
        130
          0
        255
          0
          0
        210
         49
         12
          0
          0
          0
          0
          0
        219
          0
          0
        164
          0
          0
          0
          0
         20
        255
          0
        182
          0
         97
        202
          0
          0
        157
          0
         50
          0
        255
         53
          1
          0
        141
        133
         51
          0
          0
          0
          0
          0
          0
          0
          0
          0
          0
         92
          0
          0
        255
          0
         14
         28
          0
         49
          0
        207
          0
          0
          0
        218
          0
          0
        161
          0
        244
          0
          0
        141
          0
          0
          0
         22
         68
          0
         67
          0
        145
          0
          0
          0
        255
         80
          0
          0
         48
          0
          0
          0
          0
          0
          0
          0
          0
          0
          0
         12
          0
        103
          0
          0
         79
          0
          0
        204
          0
          0
        112
         96
          0
          0
          0
          0
          0
        255
        180
        205
          0
         85
          0
        225
          0
         84
          0
          0
          0
          0
          0
          0
         34
         19
          0
          0
          0
          0
         82
          0
          0
        138
          0
          0
          0
          0
          0
          0
        255
          0
          0
          0
         19
        107
          0
          0
          0
        255
          0
        210
        116
          0
        187
        104
          0
          0
         21
        198
         87
        129
         31
          0
          0
          0
        112
          0
         75
          0
          0
         25
          0
          0
          0
          9
          7
          0
        109
          0
        223
          0
        255
          0
        255
         90
          0
        219
          0
         98
         85
          0
         15
         45
          0
          0
          0
          0
        159
          0
        255
          0
        255
          0
         55
          0
         44
          0
          0
         95
          0
          0
          0
          0
        255
          0
        110
        117
          2
          0
        154
         11
          0
        184
          0
          0
          0
          0
          0
          0
          0
        111
          0
          0
         36
        127
        255
          0
          0
          0
          0
        137
        182
        191
          0
        255
        230
          0
        255
          0
          0
          0
         91
          0
         36
          0
          1
          0
         20
         12
          0
        146
          0
          0
          0
        109
          0
          0
        255
          0
        183
          0
         60
        137
          0
          0
          0
         83
        255
          0
          0
         80
          0
        182
          0
         53
          0
          0
          0
          0
          0
        175
          0
        255
          0
         13
          0
          0
        221
          0
        255
          0
        111
          0
        107
        212
        179
          0
         43
          0
        255
          0
        255
        135
          0
         89
          7
          0
          0
          0
         32
          0
          0
          0
         69
          0
        174
          0
          0
          0
        118
          0
        255
        255
          0
        185
        148
          1
          0
         92
          0
          0
        255
          0
          0
         99
          0
          0
         97
          0
        159
         18
         40
          0
          0
          0
         26
          0
          0
          0
        255
          0
          0
          0
        255
          0
          0
          0
          0
        209
         48
          0
          0
        193
          0
          0
          0
        186
        203
          0
          0
          0
          0
          0
        128
         45
         79
        217
          0
        131
         21
        152
          0
         55
         69
          0
        255
          0
        143
          0
          0
         79
          0
         13
         98
        255
          0
          0
         78
          0
          0
          0
        192
          0
          0
        255
        129
        186
         35
          0
         16
          0
         97
          0
          0
          0
        167
         90
          0
          0
          0
          0
         39
          0
        111
          0
          0
          0
          0
          0
         74
        132
          0
         46
        138
          0
        166
        201
          0
        175
          0
          0
         13
          0
        150
         57
          0
          0
          0
         36
          0
          0
        134
          0
          0
          0
          7
          0
          0
          0
          0
         98
         28
        115
          0
          0
          0
          0
          0
         17
          0
        111
          0
          0
         39
          0
          0
          0
          0
          0
         18
         58
        255
        232
          0
          0
          0
        137
        166
         83
          3
          0
         68
        226
        245
        161
          0
          0
          0
          0
        182
         83
          0
        160
          0
          0
        106
          0
        125
          0
         38
          0
          0
          0
        255
          0
        218
          0
         46
        176
         73
        163
          0
          0
        255
        230
        255
         22
          2
        255
          0
          0
          0
          0
         88
          0
         65
        115
          0
          0
          0
          0
          0
          0
        172
          0
        255
        255
         22
        121
         65
        214
        173
          0
        216
          0
         42
          0
        255
          1
          0
          0
         49
        243
          0
        122
        141
          0
          0
          0
          0
         98
          0
        185
          0
          0
        139
          0
        255
          0
          0
          0
          0
          0
        112
         52
          0
          0
          0
          0
          0
        150
         49
        255
         21
          0
         28
          0
         63
        172
          0
          0
          0
         68
          0
          0
          0
         20
          0
          0
        255
        255
          0
          0
        115
          0
          0
          0
        105
        255
          0
        112
          0
         57
         66
        255
        255
          0
          0
          0
        198
          0
         31
          0
          0
          0
         16
        110
          0
          0
         82
          0
        255
          0
         70
          0
         24
         34
         76
          0
          0
        255
          0
         94
         23
          0
        205
        255
          0
          0
        115
         52
         27
         50
         99
        239
         40
        174
         75
          0
          0
         49
        255
          0
          0
          0
          0
         78
         58
          0
        120
         82
          0
          0
        182
          0
        255
        168
          0
          0
         62
         39
        170
         47
         29
        175
          0
         58
         88
          0
          0
          0
          0
        113
         92
        180
        101
        255
          0
          0
          0
         82
         23
         30
        142
        255
        146
        192
        255
          0
          0
          0
         56
        209
          0
          0
         16
          0
          0
        130
         18
          0
         92
          0
        255
          0
          0
          0
         81
        107
          0
          0
        126
        153
        134
          0
          0
          0
        255
          0
          0
         19
         52
          0
          0
          0
          0
        209
         94
        126
          0
        188
         90
        127
          0
          0
          0
        141
         22
          0
        255
        162
          0
          8
         34
         93
        102
          0
        176
          0
          0
          0
          0
         45
         53
        255
          0
         57
         13
        151
        195
          0
          0
        181
         34
          0
          0
          0
        255
          9
        220
          0
        255
          0
          0
          0
         79
         66
        106
        140
          9
        255
          0
        166
          0
         53
          0
          0
        160
        183
          0
          0
         90
          0
          0
        139
          0
         24
          0
          0
          0
          0
          0
          0
        255
        211
          0
          0
         65
          0
        125
          0
          0
        162
          0
          0
          0
         40
         24
        255
          0
         57
          5
         47
         85
        141
         10
          0
          0
         58
          0
        177
          0
          0
        214
          0
        255
        255
        115
          0
         54
        140
        115
          0
         81
        255
        255
        217
          0
          0
          0
         14
         77
          0
         27
        255
          0
         50
          9
          0
          0
         32
          0
         92
         10
         53
        135
         33
          0
          0
          0
          0
         31
         56
          0
          0
          0
        255
        127
        120
         63
          0
        167
        255
          0
          0
          0
        100
        179
        193
         51
          0
          0
          0
          0
         33
          0
          0
         78
        150
         48
        232
          0
          0
          0
         35
          0
          0
          0
          0
          0
        225
          0
         62
          0
        106
          0
         13
          0
          0
        175
        131
          0
         87
         61
          0
          0
          0
          0
          0
         48
          0
        156
          0
        172
          0
        106
        164
          0
          0
        253
        255
          0
        206
         38
          0
        184
          0
          0
          0
          0
          0
         93
          0
          0
          0
         20
          0
        144
          0
        158
         14
          0
        151
          0
          0
         65
          0
        107
        157
          0
          0
         70
          0
        255
          0
          0
         14
        119
          0
          0
         31
          0
         70
          0
          0
          0
        106
          0
          0
          0
          0
          0
          0
        188
         99
          0
          0
         72
          0
          0
          0
        169
          0
         90
          0
        255
          0
        255
          0
          0
          0
        255
          0
          0
        217
          0
          0
          0
          1
          0
        255
          0
        110
        255
          0
          0
          0
          0
        228
         87
          0
          0
        120
          0
         12
          0
        255
          0
          0
        167
         83
         86
          0
          0
          0
          0
         36
        141
         11
          0
          0
          9
        237
          0
          0
          0
         14
          0
        139
        113
          0
          0
        140
          0
         40
          0
          0
          3
        255
          0
        255
         15
          0
          7
          0
          0
         45
          0
          0
          0
          0
          0
          0
          0
        237
          0
          0
          0
          0
        184
         46
          0
          0
          0
          0
          0
        132
        161
          5
        224
         89
          0
        208
          0
          0
          0
          0
          0
        255
          0
          0
         74
         35
         17
          0
          2
        227
         63
         20
         16
          0
        255
          0
          0
          0
        205
          0
         98
        126
        102
          0
          0
          0
          0
          0
        195
          0
          0
        251
        255
          0
          0
