          0
        102
          0
          0
          0
          0
          0
          0
          0
        161
          0
         85
        255
          0
          0
          0
        111
          0
          0
          0
          0
          0
         32
          0
         39
        126
          0
        255
          0
        182
         85
         97
          0
          0
        121
          0
        221
          0
          0
          0
         61
        180
        104
          0
          0
          0
          0
          0
          0
          0
        163
          0
          0
          0
          0
          0
         44
         76
          0
          0
          0
          8
          0
         18
          0
          0
        179
          0
        255
          0
         41
          0
        151
        237
        183
         85
          0
          0
         24
          0
          0
         54
        133
          0
          0
          0
          0
        125
        200
          0
         26
          0
        218
        255
          0
          0
          0
          0
        237
        136
        152
          0
         31
          0
        255
        206
         59
          0
          0
        255
         80
         61
          0
          0
          0
          0
         13
        175
         15
          0
        255
         61
        212
         27
          0
          0
          0
        169
          0
         92
          0
          0
         65
         56
         21
          0
         23
          0
          0
          0
          0
          0
          0
          0
          0
          0
         18
          0
          0
          0
         43
        226
          0
          0
          0
          0
          0
        255
        123
        126
         79
        147
          6
          0
        223
         23
          3
        181
          0
          0
        129
          0
        255
          0
          0
          0
          0
          9
          0
          0
          0
          0
        109
          0
          0
         39
          0
        227
          0
          0
         84
          9
         11
          0
          0
         59
          0
          0
          0
          0
          0
          0
          0
          0
          3
        255
         42
          0
          0
        255
         24
          0
         28
          0
          0
        191
          0
         27
          0
          0
          0
          0
          0
          0
        139
        125
          0
        144
         80
          4
        118
        171
        255
          0
        101
          0
          0
        248
          0
          0
        206
          0
          0
          0
          0
         74
          0
        162
        183
          0
        197
          0
          0
          0
          0
        125
         33
          0
          0
          0
        119
          0
          0
         86
          0
          0
          0
          0
          0
          0
          0
          0
         80
          0
         14
          0
         20
         36
         78
          0
          0
          0
          0
         20
          0
          0
        222
         18
          0
          0
          0
          0
        255
          0
        189
          0
          0
          0
         82
          0
         49
        195
          0
          0
          0
        255
         68
          0
         44
        255
        164
          0
         85
         31
          0
        185
          0
        255
         22
          0
          0
          3
          0
         34
          0
          0
          0
         30
          0
        160
          0
          0
        178
          0
          0
          0
        127
          0
          0
          0
          0
          0
        127
         23
        163
         14
        222
          0
         22
          0
          0
          0
          0
        160
         45
         95
        255
          0
          0
        235
        182
         16
         29
          0
          0
        117
          0
         82
          0
          0
          0
          0
          0
          0
         61
         54
        165
          0
          0
          0
          0
          0
          0
          0
          3
         33
          0
        119
          0
         40
          0
        255
          0
          0
          0
          0
          0
          0
        218
        133
          1
        255
         73
          0
          0
         86
          0
          3
          0
          0
        149
         17
         28
          0
          0
         97
          0
          0
          0
         46
        255
          4
          0
          0
        194
          0
          6
          0
          0
        230
        183
         33
        240
          0
          0
          0
          0
          0
          0
          0
        141
          0
          0
        233
         67
         42
          0
         12
          0
         35
        168
         19
         79
         33
          0
          0
          0
          0
          0
          0
          0
          0
        146
          7
          0
          0
          0
         74
          0
          0
          0
          0
        105
          0
        192
          0
          0
          0
        174
          0
        128
          0
          0
          0
          0
          0
          0
          0
          0
          0
          0
          0
          0
         71
          0
         99
          0
          0
         10
          0
         21
          0
         34
         34
        255
          0
          0
        243
          0
          0
          0
          0
