          0
        192
        255
         26
          0
          0
         69
        235
          0
         81
        145
          0
         24
         65
          0
        164
          0
          0
          0
        255
          0
         98
          0
          0
          0
          0
        198
        144
         97
         45
         19
          0
          0
          0
        255
         89
          0
          0
         93
          0
          0
          0
         65
          0
          0
          0
          0
          0
         85
         21
          0
          0
          0
         78
         15
          0
          0
          0
          0
         37
         43
          0
        118
          0
          0
          0
        255
         98
          0
         58
        192
          4
        255
          0
          8
          0
         10
          0
         11
          0
          0
          0
          0
          0
          0
          0
          0
          0
          0
          0
          0
         28
          8
          0
        114
          0
        145
          0
          0
          0
          0
          0
          0
          0
          0
          0
          7
          0
          2
          0
          0
         67
          0
          0
          0
          0
          0
          0
          0
          0
          0
        175
          0
        129
          0
          0
        129
          0
         40
         63
          0
         91
          0
          0
         37
          0
        255
          0
          0
          0
          0
          0
          0
        255
        101
          0
          0
         47
        127
         87
          0
          0
        255
          0
          0
         70
         39
          0
        142
          0
         46
          0
        255
          0
          0
          0
          0
        125
        255
         80
          6
          0
          0
          4
          0
          0
          0
          0
         82
        126
         72
         63
          6
          0
          0
        165
        189
         13
         22
          0
        255
          0
          0
          0
        255
          0
          0
          0
        113
        255
        255
         59
          0
          0
          0
          0
          0
        159
         93
        106
          0
          0
        117
         46
          0
        211
          0
        109
          0
          0
          0
        160
        255
          0
          0
        128
        135
          0
          0
         32
          0
        229
          0
         28
         98
          0
          0
          0
        126
          0
          0
         14
          0
          0
          0
         91
         66
          9
        255
          0
          0
         19
          0
        107
        143
         21
          0
          0
        255
          0
        164
          0
          0
        224
          0
         40
          0
          0
         52
          0
        119
          0
          0
         30
        255
          2
          0
          0
         85
          0
          0
        104
          0
          0
          0
          0
          0
          0
          0
          0
        255
         85
        168
          6
          0
        255
         46
         84
         52
        158
          0
          0
          0
        166
         92
        163
         31
          0
        136
         98
          1
        103
          0
         30
          0
          0
          0
        135
          0
          0
        131
         75
          0
        116
        211
          0
        228
        255
          0
          0
         40
          0
          0
          0
         97
          0
         63
        119
        255
        255
         42
         36
         85
        214
        255
          0
        134
          0
          0
        131
          0
          7
         17
        216
        255
         66
          0
          0
         54
          0
          0
          0
         23
          4
          0
          0
          0
          0
          1
          0
        232
         24
         90
          0
          0
          0
        255
        165
          0
          0
          0
        100
          0
          0
          0
          0
          0
         85
         21
          0
        225
          0
          0
         75
          0
        180
        120
          0
         76
          0
         52
         75
          0
         76
         35
         16
          0
         60
        170
         62
          0
         90
        206
          0
          0
          0
         83
          0
        255
          0
          0
          0
          0
          0
          0
         69
         35
          0
          0
          0
          0
        183
         16
        204
          0
          0
          0
         85
          0
          0
          0
         16
          0
        138
          0
          0
          0
        167
        117
          0
        255
         85
        146
         75
          0
        211
          0
         50
         48
          0
          0
          0
        117
          0
         42
          0
          0
        255
         37
         44
          0
          0
          0
          0
          0
        142
          7
          0
        255
         83
          0
         95
         30
         70
          0
          6
          0
        255
          0
         25
         58
        100
         53
          0
        115
        192
          0
         82
        255
        255
          0
         64
         82
          0
          0
          0
          0
        126
          0
          0
          0
          0
        126
          0
          0
         58
        201
          0
        255
          0
          0
         47
        124
          0
          0
          0
          0
         28
          0
         89
        255
        255
        119
          0
         53
         52
        115
          0
        124
          0
          0
        103
          0
         87
        134
          0
        255
        117
        126
          0
          0
          0
          0
         45
         11
         91
          0
        143
          0
          0
          0
        117
        255
        255
        110
         54
          0
          5
          0
         49
          0
        135
        213
          0
        255
         58
         93
          0
          0
        100
          0
        160
          0
        255
          0
         80
        101
          0
          0
          0
         52
         96
          0
          0
        255
          0
         18
         51
          0
          0
          0
         89
          0
         67
          0
          0
          0
          0
          0
          0
        255
        120
        208
         18
          0
          0
        255
         95
         18
         38
          0
        121
          0
          0
          0
          0
        255
        143
         93
         85
          0
        192
          0
         11
          0
         18
          0
         94
          0
          0
          0
        144
          0
         29
          0
          0
        250
         97
        255
         48
          0
          0
          0
          0
          0
        150
          0
          0
          0
        203
          0
         61
          0
         89
        255
         49
          0
         93
          0
          0
         12
          0
         46
        140
        255
         31
          0
          0
          0
         76
          0
         65
          4
        180
         14
          0
          0
         76
          0
        133
        255
          0
          0
         11
         72
          0
          0
          0
        137
         89
        255
          0
          0
          0
        159
          0
          0
          0
          0
          0
          0
        173
        255
         85
          0
          0
        126
          0
          0
        179
          0
        219
          0
        185
          1
          0
          0
          0
        255
        166
         10
          0
          0
         73
          0
         65
         28
          0
        209
         11
         86
         13
        153
        255
        255
         84
         13
        172
          0
          0
         93
        245
          0
          0
          0
        142
        104
         34
         83
        216
          0
        138
          0
         34
          0
          0
          0
        171
         75
          1
        255
          0
          0
          0
        255
        126
        255
         21
         97
          0
         37
          0
          0
        206
         35
          0
        255
         36
        130
          0
         48
          0
          0
          0
          0
        118
          0
          0
          0
          0
          0
          0
          0
          0
        175
          0
        113
          0
         99
         69
         25
         81
         90
          0
          0
          0
          0
        125
        255
          0
          0
          0
          0
          0
        255
          0
        169
         20
          0
          0
          0
        255
         42
          0
        255
        126
        164
         28
          0
          0
          0
          0
         15
          4
         82
          0
        119
        140
          0
          0
        255
          0
        148
          0
          0
        112
        255
          0
          0
         56
        194
          0
        255
          0
        155
          0
        255
          0
          0
          0
          0
          0
        255
          0
         27
        133
          0
        114
          0
         58
          0
         93
        227
          0
          0
         86
          8
         90
          0
          0
          0
         88
          0
        204
        255
          0
          0
         19
          0
          0
          0
          0
        169
          0
         68
          0
         34
          0
          0
          0
         68
        223
          0
        115
        255
        144
          0
         92
          0
        115
          0
          0
          0
          0
        124
          0
          0
        255
         12
          0
          0
         37
        197
          0
          0
          0
        255
          0
          0
          0
          0
        137
        114
        166
          0
         44
         12
          0
          0
         94
          0
          0
          0
          0
          6
          0
          0
          0
        108
          0
         99
        154
          0
         15
          0
          0
         77
        255
          0
          0
          0
          0
          0
         89
          0
        154
         36
         83
         81
         85
          0
         45
          0
          0
          0
          0
        132
         65
          0
          0
          0
        255
          0
         71
        163
          0
          0
        109
          0
        255
        255
         81
         50
          0
        123
          0
         36
          0
          0
        220
        255
          0
         43
         16
         76
         36
          0
         65
          0
         98
         67
        200
          0
          0
         56
          0
        184
          0
          0
          0
         34
          0
        255
         84
          0
          0
          0
        144
        117
        121
          0
          0
        255
        176
        130
         75
          0
          0
          0
          0
          0
          0
         35
         34
          0
          0
          0
          0
          0
          0
          0
          0
         30
          0
          5
          0
          0
         24
          0
        154
          0
        123
         14
          0
          0
          0
          0
         60
          3
          0
          0
          0
         80
          0
          6
          0
          0
          0
         70
          0
        255
          0
          0
          0
          0
        255
          0
          0
        113
          0
          0
         17
         98
          0
          0
          0
         42
        199
         27
         74
          0
         51
          0
        150
          3
          0
          0
          0
          0
        187
          0
         93
          0
          0
          0
          0
          0
          0
          0
          0
         16
          0
        144
         38
        115
          0
          0
         62
          0
          0
          0
         94
          0
          0
          0
        166
         47
          0
          0
          0
         46
          0
          0
          0
        255
          0
        181
        111
         32
          0
          0
          0
          0
        125
        118
          0
        111
          0
          0
        100
        255
          0
          0
          0
          0
         54
        255
        152
         71
          0
          0
         36
        255
        101
          8
         96
          0
          0
        182
          0
         93
          0
          0
          0
        121
          0
         78
          0
          0
        140
          0
        223
        157
          0
          0
         98
          0
          0
          0
          0
          0
          0
          0
          0
        178
        143
         77
          0
          0
          0
          0
          0
          0
          0
        255
          0
          0
          0
          0
        104
          0
         37
         94
        157
          0
          0
          0
         82
          0
        163
          0
          0
          0
          0
          0
        161
        255
         82
          0
         87
        255
          0
        179
          0
        255
        255
          0
          0
          0
         33
          0
        135
         41
        255
         17
          0
          0
        255
         44
         70
         71
        133
          0
        161
         20
          0
          0
          0
          0
          0
         86
          0
         96
          0
          0
        177
        240
        148
        230
          0
        109
          0
         90
        158
         44
          0
          0
          0
        151
        147
         64
          0
          0
          0
          0
         91
          0
        140
          0
          0
         27
          0
         72
         28
          0
          0
        186
          0
          0
        255
          0
          0
          0
          0
        144
          0
          0
        153
          0
        148
        255
          0
          0
         62
          0
         50
        179
        135
         73
         36
          0
        135
          0
          0
          0
          0
          0
         26
          0
        104
          0
          0
          0
          0
         85
          0
        141
          3
         27
        233
         10
        217
          0
          0
          0
         75
          0
          0
          0
        155
          0
         46
        194
          0
        255
         35
        132
          0
        255
          0
          0
         45
          0
          0
          0
          0
         50
          0
          0
          0
         91
          0
          0
        125
          0
          0
          0
         39
          0
          0
        204
          0
          0
          0
          0
          0
          0
          0
          0
        221
        255
          0
          0
          0
          0
          0
          0
          0
         26
          0
        148
          0
        101
        188
          0
          0
          0
        255
          0
          0
          0
          0
          0
         38
          0
          0
          0
        189
         98
          0
         26
          0
        255
          0
          0
          0
         20
          0
        255
          0
          0
          0
          0
          0
        111
        158
          0
          0
          0
          0
          0
         35
          0
          0
          0
          0
          0
          0
        255
         77
          0
          0
        164
          0
          0
          7
          0
          0
         36
          0
        214
          0
          0
         96
          0
          0
          0
        234
          0
          0
        255
          0
          0
         57
          0
          0
          0
          0
          0
        110
          0
        196
          0
          0
          0
         33
        154
        122
          0
        139
        230
        173
        255
         71
          0
        127
         31
         96
          0
        244
          0
          0
        255
         82
         36
         67
         58
         36
          0
          0
          0
        141
          0
          0
          0
        104
         57
          0
        190
          5
          0
          0
         86
        221
        255
         66
         65
         74
         48
        146
        103
          0
          0
          0
        255
        255
          0
          0
          0
          0
          0
          0
         13
        135
          0
          0
        255
        129
        132
        158
          0
         27
        131
          3
         52
        255
        255
          0
         35
          0
          0
          0
          0
          0
         20
        120
        255
          0
         87
         93
          0
          0
          0
          0
          0
        120
          0
          0
        255
         92
         69
        211
          0
          0
          0
          0
        230
          0
        255
         72
         53
          0
          0
         66
         59
        118
          0
        229
          0
          0
          5
          0
          0
          0
          0
          0
          0
          0
          0
         54
          0
         19
         84
          0
        255
          0
          0
          0
          0
          0
        255
         62
         71
          0
          0
          0
          0
        255
          0
          0
        255
          0
        134
          0
          0
          0
          0
        171
          0
          0
          0
        231
        255
          0
          0
         10
          0
          7
        150
          0
          0
          0
          0
         74
         83
          1
          0
          0
          0
        208
         35
         56
        255
          0
        122
         66
          0
         69
          0
          0
          0
          0
          1
        155
          0
          0
         63
          0
        255
          4
          0
          0
          0
        255
         43
         48
          0
          0
          0
          0
         82
        248
          0
          1
          0
          0
          0
         29
          0
          0
          0
         57
          0
         18
          0
        201
        255
         86
          0
          0
        255
         46
          0
          0
          0
          0
          0
         69
          0
        163
          0
          0
        117
          0
          0
        122
          0
          0
          0
          0
          0
          0
          0
          0
         56
          0
          0
          0
        255
          0
          0
          0
        255
          0
          0
         24
        156
         51
        156
         74
         29
         77
        108
          0
         26
        134
          0
          0
          0
          0
         45
         17
          0
          0
        142
          0
        111
        119
          0
          0
          0
          0
         82
          0
         27
          0
          0
         67
          0
         17
        255
          0
          0
          0
          0
        110
          0
          0
          0
        214
        255
          0
          0
          2
          0
         52
        255
          0
         34
          0
        113
          0
        137
         51
         64
          0
        255
          0
          0
          0
         56
          0
        255
          0
        102
          0
          0
         10
        123
        202
          0
          0
        255
          0
          0
          0
          0
          0
         26
          0
          0
         39
        139
          0
          0
         77
          0
        113
         78
          0
        199
          0
        156
          0
        255
         55
        136
          0
          0
         21
          0
        144
          0
         19
          0
          0
         23
          0
          0
          0
        111
          0
         20
         49
         86
          0
          0
          0
          0
        149
          0
          0
          0
          0
          0
          0
        255
         64
          0
         24
          0
          0
          0
          0
          0
          0
          0
          0
         69
          0
          0
          0
          0
          0
         88
          0
        118
         66
         33
        158
          0
          0
        255
          0
          0
         75
        221
          0
        255
          0
          0
          0
        105
          0
         11
          0
          0
          9
          0
        112
          0
          0
          0
         45
         86
          0
         43
          0
          0
         32
         14
          0
        131
          0
        255
         92
          0
          0
          0
          0
        255
         61
          0
          0
          0
          0
         91
        255
         48
         39
        255
        229
        147
          0
          0
          0
        255
         14
          0
          0
         56
          0
          0
         37
          0
          0
          0
         58
         40
          0
          0
          0
        255
         96
        119
          0
          0
          0
          0
        181
          0
         94
        255
          0
          0
          0
         91
          0
          0
          0
         75
        130
        175
          9
          0
         36
         35
         81
        125
         44
          0
         68
          0
          0
        196
          0
        106
         87
        122
          0
          0
        190
          0
          0
         17
          0
        134
          0
         59
          0
         77
          0
          0
          0
          0
        167
         55
          0
