          0
         35
          0
          0
          0
          0
         22
         46
        124
          0
          0
          0
          0
          0
          0
          0
          0
          0
         59
         96
        255
        219
        149
        137
          0
          0
          0
        247
          0
        255
          0
         41
        163
          0
          0
          0
          0
          0
        191
          0
         81
         64
          0
        187
         92
        169
          0
        104
          0
          0
          0
         63
        255
          0
        115
        133
          0
         96
          0
        109
          0
        255
         21
        134
          0
         51
        255
         64
        124
          0
        177
          0
          9
         61
        170
          0
          0
        165
         67
         53
        255
          0
          0
         26
        255
         70
        135
        148
          0
         63
          0
         77
          0
        255
          0
         98
          0
          4
         29
        182
          3
         45
         60
          0
         83
         13
          0
        183
          0
        207
          0
        123
        169
        116
        133
          0
          0
        255
        106
        128
          0
        151
          0
          0
         14
        175
          2
          0
        255
          0
        183
         58
          0
          0
          0
          0
         94
         65
          0
         94
          0
         86
          0
          0
        237
        244
          0
        100
        255
        255
         12
          0
          0
          0
          0
          0
        118
        255
         77
          0
        188
          0
          0
        157
          0
         57
          0
         78
        142
          0
         70
        112
        168
         28
         79
         31
         88
        119
        135
         70
        130
        169
        113
        164
         89
        139
          0
          0
         13
        255
          0
        109
        255
         41
        246
        121
        101
         42
          0
          0
        141
        142
          0
          0
          0
         97
         92
          0
          0
          0
         61
          0
        255
         88
          0
          0
          0
         93
          0
          0
          0
        255
         17
         16
          0
          0
          0
         52
          0
          0
        157
          0
          0
        109
         13
          0
        223
          0
          0
        141
        166
        189
        117
        155
        153
        180
         71
          0
          0
          0
        144
          0
          0
          0
          0
          0
         52
          0
        255
         51
          0
          0
          0
          0
         14
         97
          0
          0
          0
        194
          0
          0
         85
        255
          0
          4
        255
        255
        153
          0
          0
        146
         70
          0
        112
        255
          2
        158
          9
          0
        255
          0
          0
          0
          0
         89
        118
          0
          0
        138
         81
          0
         22
          0
        167
          0
         45
        132
        255
        204
        114
          0
          0
          0
          0
        223
          0
        255
          0
          0
        255
          1
        255
         81
         37
          0
          0
         78
          0
          0
         17
         56
        171
          0
          0
          0
          0
          0
          0
         19
        133
        209
          0
        168
         70
          0
          0
          0
          0
        255
          0
        173
          0
          0
          0
         71
          0
          0
         52
          0
         73
         48
          0
        120
          0
        170
          0
        123
          0
          4
         75
        145
        255
          0
         86
        108
         84
          0
        180
         74
          0
        255
         30
          0
         18
          0
        255
          0
          0
          0
          0
          0
         62
         58
          0
          0
        184
          0
          0
          0
          0
          0
          0
        181
          5
          0
         21
          0
          0
          0
        103
          4
         57
         49
          0
          0
          0
         57
          0
        126
        147
         40
          0
          0
          0
          0
          0
         37
          0
         26
          0
          0
          0
         50
          0
          0
        126
          0
         19
        159
          0
         73
          0
          0
         76
        255
          0
         28
         22
          0
          0
         89
          0
         37
          0
          0
         52
        104
        171
         49
          0
          0
         93
          0
          0
        255
         59
          0
          0
          0
         42
         81
          0
         61
          0
        174
         53
        255
         22
          0
          0
         16
          0
        157
          0
          0
          0
          0
          0
          0
        170
        139
          0
          0
          0
         74
          0
        163
          0
          0
          0
          0
          0
          0
          0
         59
          0
        113
          0
          0
          0
         97
