          0
        141
          0
        173
        192
          0
          0
         42
          0
          0
          0
          0
        177
         26
          0
         45
        139
          0
          0
          0
         21
          7
          0
         46
          0
         52
          0
         31
        116
          0
        111
        221
          0
          0
          0
          0
          0
          0
         25
         15
          0
          0
          0
          0
        137
         19
          0
          0
        142
         37
          0
          0
          0
          0
        153
          0
          0
          0
          0
          0
          0
          0
         50
        152
          0
         75
         86
          0
          0
        255
          0
          0
          0
        114
          0
        152
        188
          0
         83
        173
        159
          0
        154
          0
          0
        156
        113
        129
        108
          0
        255
          0
          5
          0
          0
        158
          0
        125
          0
          0
          0
          0
          0
          0
          0
          0
          0
          0
        113
          0
          6
          0
        138
         68
          0
          0
          0
        111
        156
          0
          0
        129
          0
          0
          0
         47
         92
         91
         86
          0
         14
          0
          0
          0
          0
         38
         16
         85
          0
        163
          0
          0
          0
         98
          0
         41
          0
          0
          0
          0
          0
         85
          0
          0
          0
          0
          0
         12
         34
        120
          0
          0
          0
          0
         20
          0
          0
          0
          0
          1
          0
          0
          0
          8
          0
          0
         31
          0
          0
          0
        188
          0
        112
          0
          0
          0
        170
         85
         60
        153
         77
         13
         24
          0
          0
        188
          0
          0
         32
          0
         57
         30
          0
          0
        234
          0
          0
        129
          0
          0
        210
        185
         97
          0
          0
          0
          0
        120
        255
          0
         94
        109
          0
        130
          0
        100
        214
          0
        175
          0
          0
          0
          0
        126
        104
          0
          0
         21
        183
          0
          0
          0
          0
          0
        131
        149
          0
          0
          0
         41
          0
          0
         16
          0
          0
        135
         54
          0
          0
          0
          0
          0
          0
          0
          0
         72
          0
          0
          0
          0
          0
          0
          0
         60
        195
         22
          0
         56
        218
         95
         19
        168
          0
          0
         79
          0
         15
        111
          0
          0
         96
          0
          0
          0
          0
         55
          0
         81
         54
        168
          0
          0
          0
          0
          0
          0
          0
          0
          0
         68
        118
          9
         61
        107
          0
         52
          0
          0
         88
         27
         86
          2
         95
          0
          0
          0
          0
          0
          0
         77
          0
          0
          0
          0
          0
        201
          0
          0
          0
          0
         83
          0
          0
         97
          0
          0
          0
          0
          0
          0
        111
          0
         69
          0
          0
          0
         64
          0
          0
          0
          0
          5
          0
        127
          0
         14
        131
          0
         86
          0
          0
          0
         54
          0
          0
          0
          0
        114
          0
          0
          0
        168
         37
        110
         51
          0
        103
        157
          0
          0
          0
         50
          0
          0
          0
        183
         46
         21
        167
          0
          0
          4
          0
          0
        107
        116
          0
         56
          0
        158
        255
          0
          0
         85
         27
        148
          0
          0
          0
          0
         87
         11
          0
          0
          0
        102
         56
          0
          0
          0
          0
        158
          0
          0
         40
        220
          3
         24
          0
          0
          0
        119
          0
          0
         36
         45
        116
         85
         65
         71
          0
        197
        127
          0
          0
          0
         50
         29
          0
          0
          0
         35
          0
          0
          0
         56
          0
          0
          0
        109
          0
         60
          0
         56
          0
          0
          0
          0
         32
        174
          0
         28
          0
          0
         77
        251
         40
          0
          0
          0
          0
         87
         91
          0
         83
          0
        194
          0
          0
          0
          0
          0
         30
         13
         60
        170
          0
          0
          0
          0
        144
          0
