        158
         60
          0
        186
          0
          0
         81
          0
          0
          0
          0
          0
        119
          0
         33
        255
          0
        247
        102
          0
        239
        120
        255
          0
          0
          0
          0
        161
         59
        101
        129
        162
          0
        120
          0
         27
          0
          0
        163
          0
          0
          0
          0
          0
        122
          0
          0
          0
          0
        145
          0
         28
         80
          0
        187
        160
        103
          0
          0
        182
          0
          0
         46
         53
          0
         60
          0
        230
          0
          0
        175
         78
          0
          0
          0
          0
          0
          0
          0
          0
        196
          0
          0
        171
        213
        255
        223
          0
        243
         77
         66
        209
          0
        169
        170
         51
         27
          0
          0
          0
          0
          0
          0
        179
          0
         78
         37
        175
          0
          0
          0
          0
          0
          0
          0
          0
         35
          0
          0
          0
        255
         72
          0
        255
          4
          0
         84
         78
         22
          0
          0
          0
         53
        149
          0
        169
          0
          0
          0
          0
          0
         78
          0
        196
         58
        255
          0
          0
          6
          0
        234
         62
          0
          0
          0
        115
          0
        255
        129
          0
          0
          0
        232
          0
        228
          0
          0
        133
        226
          0
          0
         85
          0
          0
          0
          0
        242
          0
        255
         73
        116
          0
          0
          0
          0
          0
          0
          0
        218
          0
          0
        124
         94
          0
        255
         13
          0
        235
        144
         32
          0
          0
          0
          0
        158
          0
          0
          0
          0
        118
          0
          0
        255
         41
          0
         25
         38
        228
         57
        158
        175
          0
        255
        230
          0
          0
          0
        206
          0
         18
          0
          0
          0
         90
          0
          0
          0
          0
          0
         81
          0
          0
          0
         40
          0
        240
        119
          0
          0
          0
          0
        244
         20
          0
          0
         77
          0
        182
          0
          0
          0
          0
          0
          0
          0
          7
          0
          0
          0
          0
        253
        255
        105
        231
          0
         47
        109
         62
          0
          2
        149
        164
         18
          0
          0
        188
        154
          0
        150
          0
        255
          0
          0
          0
          0
        125
          0
          0
        124
         44
          0
          6
          0
          0
          0
          0
        255
          0
         90
        255
         26
         11
        132
          0
         48
         42
          0
          8
        255
        106
        160
         80
        255
          0
        185
        130
          0
        139
        255
         55
          0
          0
          0
          0
          0
          0
        194
         36
          0
          0
          0
          0
          0
        173
          0
         94
         25
         35
        131
          0
          0
          0
          6
         44
        255
          0
          0
          5
          0
        110
          0
         15
          0
          0
        255
          0
          0
        111
        255
          0
        200
          0
         39
        255
          0
          0
          0
         30
          0
        123
         37
        255
          2
        103
        154
          0
         66
        151
          0
        253
          0
          0
          0
         14
        120
        185
          0
          0
          0
          0
          0
          9
          0
          0
          0
          0
        211
          0
          0
        255
          0
         92
         40
          4
          0
          0
          0
          0
          0
          0
          0
         99
         24
          0
          0
          0
          0
        159
        255
          0
        255
          0
          4
         22
          0
         61
          0
          0
        137
        173
        255
        255
          0
          0
          0
        255
        183
         43
        164
        185
        255
          0
          0
        116
          0
          0
          0
          0
          0
        151
        255
          0
          0
          0
        128
        192
          0
          0
          0
          0
        221
        144
        109
         72
          0
         82
          0
        108
          0
         71
          0
          0
        255
        141
          0
         42
         68
        164
          0
         67
          0
          0
          0
          0
          0
        158
        107
          0
        255
          0
          0
        237
         83
          0
         13
          0
          0
          0
         35
        215
        253
          0
