          0
          0
         32
         43
         76
          0
          0
          0
         88
        131
          0
        117
          0
        255
          0
        151
          0
          0
          0
          0
        149
          7
         83
          0
        135
         21
        109
        117
          0
          0
        110
        205
         68
          0
         73
          0
          0
          0
          0
          0
         29
         71
         94
        167
         59
        255
          0
        143
        192
          0
          0
          0
         60
          0
        138
          0
        101
         66
         91
         16
        255
          0
        114
        110
        125
          0
         29
          0
         35
          0
        132
          0
          0
        110
        160
         47
         85
        255
        255
         97
         42
          0
          0
          0
        100
          0
          0
          0
         85
          0
         25
         63
        191
        255
         53
         22
          0
          0
        105
          0
         46
          0
          0
        125
         56
          0
        255
        130
         17
        255
         65
          0
         36
          0
         98
          0
          0
          0
         28
          0
        115
        145
          0
         35
         73
          0
        225
         99
          0
          0
         52
         73
        122
          0
          0
          0
         66
          0
        157
        172
          0
        255
         77
        133
         97
          0
          0
          0
         65
          0
          0
        255
          0
         30
          1
         70
        255
        255
        203
        164
          0
          0
         68
          0
        144
          0
        111
          0
         10
          0
        255
          0
        108
        255
          0
          0
        187
          0
          0
         18
        127
          0
         41
          0
          0
          4
        174
         95
        255
          0
        231
        212
          0
         16
        100
        138
         67
          0
         11
          0
         28
         36
        229
         14
          0
        255
          0
          0
         50
          0
          0
          0
          0
        121
         17
          0
          0
        122
          0
         54
          0
          0
         91
         71
          0
        178
         24
         20
          0
         57
         41
          0
          2
          0
        255
         14
         89
         78
        255
          4
          0
          7
          0
         86
          0
          0
         99
          0
        109
         54
          0
          0
          0
         51
          0
          0
          0
          0
          0
          0
          0
          0
          0
          0
         41
         88
          0
        121
          3
        255
          0
          0
         43
          0
          0
         82
         88
         13
         52
          0
         38
         45
         30
         73
        255
        255
          0
          0
          0
          0
         15
         78
        139
        250
          0
        112
         89
          0
          0
          0
         20
          0
          0
          0
          0
        130
        176
          0
          0
          0
          0
          0
        128
          0
         45
          0
        255
         80
        187
          0
        101
        166
          0
          0
          9
          0
          0
          0
         13
          0
        145
        161
          0
        255
          0
        168
        255
          0
        255
         97
          0
          0
          0
          0
         83
          0
         87
         26
          0
          0
        255
          0
          0
          0
         54
         87
         26
         42
          0
        104
          0
          0
          0
        178
        132
        255
          0
          0
        128
        230
         68
          0
        220
          0
         88
          0
         52
          5
         69
          5
        255
          0
          0
          0
         55
          0
         12
          0
        146
        126
         85
         65
          0
          0
          0
        170
          0
          0
          0
          0
        167
          0
        198
          5
         87
          0
          0
          0
        160
         71
          0
          9
          0
        255
          0
        158
         58
         27
          0
          0
        103
        193
        185
        100
          0
          0
        129
          7
          0
        255
        255
         11
        165
        166
        208
        144
        214
         17
          0
          0
        165
         61
          0
         23
          0
        255
          0
        233
          0
         32
          0
          0
          0
         89
          7
        120
         16
          0
          0
          0
         21
        255
        255
          4
        155
         62
          2
        143
          0
         12
          0
          0
        171
          8
          0
          0
          0
          0
          0
          0
          0
         64
          0
          0
         90
          0
         41
          0
          0
          0
        255
          0
         31
        255
        163
         56
          0
          0
        255
         46
          0
        118
          0
          7
        128
         26
          3
         74
          0
          0
          0
          0
         40
         35
          0
         77
          0
        128
        103
         70
          0
        201
          0
         69
          0
        255
          0
          0
        160
          0
          0
          0
         44
          0
        100
          0
          0
          0
        182
          0
          0
          0
          0
          0
          0
         77
          0
        104
        119
          0
          0
         57
          0
          0
        229
          0
          0
          0
        255
        142
          0
        167
        197
          0
         86
          0
         77
          0
         16
          0
         72
          0
        255
          0
          0
          0
          0
          0
          0
          0
         41
          0
        112
          0
         10
          0
        255
         29
          0
        255
          0
          0
        180
        118
        255
          0
          0
          0
          0
          0
        129
          0
        169
          0
        143
        186
          0
         25
          0
          0
          0
          0
          0
        105
          0
          0
          0
         48
          0
        162
          0
        255
        185
        117
        146
          0
          0
         97
          0
          8
          0
          0
         69
        126
          0
          0
        128
          0
          0
         55
          0
          0
          0
          0
          0
         95
        184
          0
          0
          0
         80
          0
          0
          0
          0
          0
        108
          0
        255
        106
        152
          0
          0
          0
          0
          0
          0
          0
          0
        255
        236
         31
          0
          0
          0
          0
         20
          0
          0
          0
          0
          0
         82
        148
          0
          0
          0
          0
          0
          0
        157
        100
          0
          0
         42
          0
          0
         48
         86
          0
        255
          0
          0
          0
          0
         22
          0
         64
         69
          0
        153
        124
          0
          0
          0
          0
         24
          0
        255
          0
        214
         22
        255
          0
          0
        129
        104
          0
          0
          0
         90
        102
          0
          0
        210
         67
        118
         25
          0
        102
         51
        182
          0
          0
         55
        255
        159
          0
        117
        255
          0
         55
         68
          0
          0
          0
          0
          0
          0
          0
          0
          0
          0
          0
          0
        255
          0
          0
          0
          0
          0
        112
         50
          0
         85
          3
          0
        208
          0
        178
          0
        255
          0
          0
         32
          0
          0
          0
        148
          0
        129
        140
          0
          0
        178
         26
          0
        255
          0
          0
          0
         98
          0
         69
          0
          0
          0
          0
          0
        254
        106
          0
          0
          0
         87
        177
          0
         66
          0
          0
         36
        126
         52
          0
          0
          0
        114
          0
          0
          0
          0
          0
          0
         49
          0
        108
         65
         49
        173
        113
          0
          0
         75
          0
         55
          0
          0
          0
         28
        229
          0
          0
          0
          0
          0
          0
          0
          0
         17
          0
          0
          0
          0
          0
          0
          0
        121
          0
         67
          9
        182
          0
          0
          0
          0
        105
         87
        255
          0
          0
         85
          0
        173
         72
          0
          0
          0
          0
         52
          0
          0
          0
          0
          0
          0
          0
         63
        178
         88
        120
        102
          0
        158
         98
          0
          0
        255
          0
         17
          0
        255
          0
        255
          0
          5
          0
          0
        131
         20
          0
         54
          0
         52
          0
          0
        255
         40
          0
          0
          0
          0
         88
         36
         75
          0
        124
          0
          0
        184
          0
         64
          0
          0
          0
          0
          0
         58
          0
          0
          0
         50
         31
         18
          0
          0
        123
        255
        255
          0
          0
         27
        116
        103
          0
        102
          0
          0
        134
          0
          0
          0
        101
        146
          0
        255
        157
          0
         84
        255
          0
        116
          0
          0
        142
          0
          0
          0
          0
          0
          0
          0
        124
          0
         95
          0
          0
         86
        223
          0
         15
          0
          0
        255
          0
         54
        255
        255
         42
         49
         18
         48
         97
          0
          0
        105
          0
          0
          0
         17
          0
          0
        255
          2
          0
          0
          3
          0
          0
         32
          0
         67
          0
          0
        157
          0
        132
         47
        255
        199
          0
         22
          0
          0
          0
          0
          0
          0
          0
          0
          0
          0
          0
          0
          0
          0
          0
        149
        174
          0
          0
         98
          0
          0
          0
         94
         25
        133
         90
          0
        255
          6
        103
        249
          0
         45
         36
          0
          0
          0
          0
        113
          0
          0
          0
          0
          0
          0
          0
          0
        112
          0
          0
          0
          0
        113
         82
         46
         92
         37
         37
        121
          0
          0
          0
        151
        139
        255
          0
          0
         95
          0
        182
          0
          0
        100
         86
          0
        255
          0
          0
        105
        140
          0
        125
          0
          0
          0
         70
          8
         31
         11
        166
          0
          0
        255
          0
          0
        119
        255
          0
         62
          0
         34
          0
         58
         80
        127
          0
         92
          0
        135
          0
          0
          0
          0
          0
          0
          0
          0
          0
          0
          0
          0
          0
          0
          0
         93
          0
        133
         71
         30
         23
          0
          0
          0
          0
        165
        115
          0
          0
          0
        255
        130
          0
          0
         41
          0
          0
          0
         42
          0
         90
          0
          0
        159
        185
         27
          0
        255
          0
        255
        169
        255
        125
         58
          0
          0
          0
         86
        148
          0
          0
          0
          0
        149
          0
          0
        156
          0
         26
          0
        118
        143
        131
          0
          0
          0
          0
          0
          0
          0
         83
        135
         91
          0
         80
        102
          0
          0
          0
         93
          0
        129
          0
          0
        255
        244
          0
         95
         72
          0
          0
          0
          0
        121
          0
         14
        255
        254
         40
         80
        136
          0
        142
          0
          0
         49
          0
          0
          0
          0
         24
         93
          0
          0
          0
          0
          0
          0
         18
         31
          0
          0
          0
          0
          0
        112
          0
          0
        119
          0
         57
        130
          0
          0
          0
          0
        201
          0
          0
          0
          0
         42
          0
         75
        140
          0
          0
          0
          0
        255
          0
          0
        115
        117
          0
         77
        182
        162
        131
          0
          0
        203
          0
          0
          0
          0
         83
        234
          0
          0
          0
          0
          0
          0
        207
        113
          0
          0
          0
          0
        255
          0
          0
          0
        148
          0
          0
          0
          0
          0
         45
          0
          0
          0
          0
          0
        255
          0
          0
         89
          0
          0
        140
         50
          0
          0
          0
          0
          0
          0
         38
          0
        255
          0
          0
          0
        166
          0
          0
          0
        207
        173
          0
         62
          0
          0
          0
         58
          0
          0
          0
         22
        169
          0
        136
          0
          0
          0
          0
         38
          0
          0
          0
          0
          0
        230
         37
          0
         57
          0
         67
         18
         53
          0
        104
          0
        255
        255
          0
        105
          0
          0
          0
        161
          0
          0
        139
          0
        126
         82
          0
          0
          0
          0
         77
          0
        255
        129
          0
         67
         34
          0
          0
        132
          0
        171
          0
         27
          0
         74
        122
          0
        255
        190
        158
         63
        203
        255
          0
          0
        126
          0
        255
          7
        142
         98
        111
        101
          0
         77
          0
        126
          0
          0
         21
        133
        195
         77
          8
          0
          0
        163
          0
        144
          0
        255
        159
          0
        103
        240
         86
         84
          0
          0
          0
         40
        105
          0
          0
          0
        255
          0
          0
          0
        127
         88
          0
          0
          0
          8
          0
          0
        246
        186
          0
          0
        255
          0
        179
          0
        205
          0
          0
         94
        125
        128
          0
         60
          0
        120
          0
          0
          0
         56
          0
         47
          0
         24
         77
          3
          0
         97
          0
          4
        157
          0
         94
         40
          0
          0
          0
         34
        233
          0
          0
        200
          0
         66
          0
        111
          0
         99
         37
          0
          0
        205
         70
         95
          0
          0
        133
         24
          0
          0
          0
          0
          0
        117
          0
        133
        255
        255
         76
        167
         42
        116
          0
          0
          0
         37
        238
          0
          0
         29
          0
          0
          0
          0
         18
        113
          0
          0
          0
          0
        163
          0
          0
          0
        107
        102
          0
          0
          0
        255
          0
        149
          0
        255
        107
        220
          0
          0
          0
         88
          0
          0
         84
          0
          0
        231
         60
          0
         81
          0
          0
         76
        146
          0
        119
          0
          0
        113
        113
          0
          0
          0
        116
        191
         61
         59
        121
          0
          0
          0
          0
          0
          0
         47
          0
         80
        255
          0
          0
         31
          0
          4
          0
         74
          0
          0
         94
          0
          0
         90
         97
         68
        255
          0
        186
          0
        225
          9
          0
          0
          0
          5
        255
         42
        124
        108
          0
        219
        255
        255
          0
        121
         89
          0
         87
         91
        213
        123
          0
         87
         46
        101
        164
         50
        255
          0
        101
        255
        154
         39
          0
         16
         57
         20
          0
         71
         31
        128
         31
          0
          0
          0
        113
          6
          0
          0
          0
        146
          0
          0
          0
          0
          0
        232
         34
          0
          0
        215
          0
        114
          0
        168
          0
        121
          0
          0
          0
          0
         99
          2
         44
          0
        110
        255
         52
          0
        114
          0
          0
        113
        255
         32
         44
          0
        164
          0
        124
          0
        255
          0
          0
        133
          0
        246
         79
          0
         79
        139
          0
          0
          0
         22
          0
          0
          0
          0
          0
          0
         76
          0
         41
        138
          0
        159
         31
          0
        140
          0
        187
        140
          0
        245
          0
          0
          0
         23
         90
        168
         33
         79
          0
          0
          0
         94
         47
        255
          1
         90
          0
         23
          0
          0
          0
          0
        125
          0
          0
          5
         98
          0
        115
          0
        255
          0
          0
          0
        239
          0
          8
          0
          0
          8
          0
          0
          0
         28
        122
        255
          0
          0
          0
          0
          5
          0
         85
        168
          0
         73
          0
         38
         70
          0
          0
          0
          0
          0
         21
          0
        109
          0
          0
         41
         20
          0
        115
          0
        107
         14
          0
        255
          0
          0
          0
          0
          0
          0
        127
          0
         28
          0
          0
          0
        105
          0
          0
          0
          0
        255
        105
          0
        178
          0
          0
         43
         41
          0
          0
          0
         85
        173
          0
          0
        151
        192
          0
         30
          8
          0
          0
        183
        237
          0
         69
          0
          0
          0
          0
          0
        255
          0
          0
          0
          0
        255
         22
          0
          0
          0
          0
          0
         89
        120
          0
          0
        255
        148
        225
          0
        172
          0
          0
         21
        229
          0
          7
          0
        147
          0
         80
        125
          0
          0
          0
          0
        218
        255
         33
         71
          0
         61
          0
          0
        119
        182
          0
          0
          0
         16
          0
          0
          0
          0
          0
         78
          0
          0
        133
          8
        145
          0
         65
          0
          0
          0
        109
          0
         50
          0
          0
         52
          0
         12
        172
          0
          0
        146
          0
          0
          0
         93
          0
          0
        144
          0
          0
        186
          0
        149
          0
         58
          0
          9
         66
         11
        137
          0
        189
          0
          0
        255
          0
        217
          0
         15
         97
          0
          0
          0
        108
          0
          0
          0
          0
