         47
         99
          0
         14
         31
          0
          8
          0
        147
          0
        255
          0
        148
          0
        169
        116
         56
        243
         48
        160
        118
         74
          0
        191
          0
          0
          0
        112
          0
          0
         24
          0
          0
          0
          0
        189
          0
          0
          0
          0
        100
          0
          0
         33
          0
         31
          0
          0
          0
         97
          0
          0
          0
         95
          0
        195
          0
          0
          0
          5
        189
          0
          9
          0
          0
          0
          0
        158
          0
          0
         38
          0
          0
          0
        255
         72
          0
         16
          0
        140
          0
        188
        220
         62
        109
         28
          0
          0
          0
          0
          0
          0
        219
          0
         80
        255
          0
        120
          0
          0
          0
          0
         46
         93
        149
          0
          0
         53
          0
         79
          0
        121
          0
          0
          0
          0
        140
         67
          0
          0
         65
        255
          0
          0
        255
          0
          0
        255
          0
          0
         17
          0
        105
         81
          2
         58
         78
        255
        255
         57
          0
         12
          0
         21
          0
        198
          0
          0
         84
         84
        147
          0
          0
        255
         65
          0
        255
          0
          0
        255
         47
          0
         28
          0
        141
          0
          0
          0
         57
          0
          0
         66
         77
         83
          0
          0
          0
         77
        220
          0
         49
         86
          0
          0
          0
         84
        137
          8
        202
          0
          0
          0
         39
         41
          0
          0
         11
          0
         30
         96
         22
          0
        255
          0
          0
         70
         10
          4
          0
         47
          0
          0
         44
        123
          4
          0
          0
          0
         26
          0
         92
          0
          0
        255
         53
          0
          2
          0
          0
          0
          0
        106
          0
         31
          0
         82
          0
         65
          0
        158
         96
          0
          0
         27
          0
         79
          0
         16
          0
        255
         64
          0
        255
        165
         25
          0
          0
          0
        255
          0
          0
         11
          0
          0
        129
          0
        255
         63
         13
         41
          0
          0
          0
        174
         56
          0
        136
          8
          0
          0
          0
          0
          0
          0
          0
        255
          0
        255
          0
          0
          0
          0
         89
         41
         69
          0
         70
          0
          0
         10
          0
         66
          0
        255
          0
         60
          0
         31
        118
          0
          0
          0
          0
          0
          0
        124
         72
        255
          0
        255
          0
         71
          0
          0
          0
          0
         19
          0
         80
          0
          0
          0
          0
         27
        150
        169
         31
         45
          0
          0
          0
          0
          0
        189
         31
          0
          0
          0
        133
          0
         54
        255
          0
          0
          0
        200
          0
          0
         35
         78
         94
          0
          0
         38
          0
          0
          0
        163
          0
        222
        232
          0
          0
          0
        117
        189
          0
          0
         25
          0
        255
          0
          0
          0
          0
          0
          0
          0
          0
         71
         34
        252
          1
          0
          0
          0
        229
         82
        197
        116
          0
          4
         80
         46
         15
          0
        161
          0
          0
          0
          0
        168
         11
          0
          0
        255
          0
        154
          0
         32
         13
         79
         37
          0
          0
          0
          0
          0
          0
          0
        179
        132
          0
         39
          0
          0
          0
         34
          0
        186
          0
          0
          0
         85
        254
          0
          0
        255
          0
         84
          0
          4
        126
         80
         40
          0
          0
          0
        255
          0
          0
          0
          0
        255
          0
        201
          0
          0
          0
        106
          0
        114
          0
          0
          0
          0
        255
        255
          0
        255
        210
          0
        149
        255
        141
         68
         12
        122
         83
          0
          0
         58
          0
         76
          0
          0
          0
          0
        155
         72
        147
         73
        195
          0
          0
        255
          0
          5
          0
        142
          0
          0
          0
          0
        255
          0
         11
         99
         14
          0
         22
          0
        255
         28
        217
         82
          0
          9
        106
          0
         98
          0
        122
          0
        171
          0
          0
          0
        185
          0
          0
        255
         34
          0
          0
        184
        251
          0
          0
        107
          0
        213
         13
          0
          0
         11
          0
          0
        192
          0
          0
        116
          0
          0
          0
         33
          0
          0
          0
          0
        171
         39
        255
          0
          0
        255
          0
          0
        255
        255
          0
         96
         33
         56
         71
          0
          0
          0
          0
         65
        211
        209
          0
          0
        119
         30
         70
         59
         37
          0
          4
          0
          0
          0
        255
          0
          0
        255
          0
          0
          0
        255
          0
         10
          0
          0
         76
          0
        255
         43
          0
         77
          0
        215
          0
        226
          0
          0
         17
          4
          0
          0
          0
          0
          0
          0
        250
          0
          0
        255
          0
          0
          0
          0
          0
          0
          0
          0
          0
          0
          0
         72
         65
         54
          0
          0
          0
         56
        159
          0
        133
          0
          0
        187
         96
          0
          0
        163
        255
          0
          0
        255
          0
        133
          0
          0
          0
          0
          0
         12
        118
         21
        255
         14
          0
          0
          0
          0
          0
          0
          0
          0
          0
         23
          0
        108
         72
          0
          0
          0
        255
          0
          0
        255
          0
          0
        227
          0
          0
          0
         24
        174
         96
          0
        127
          0
          0
          0
          0
        255
          0
         44
          0
          0
          0
          0
          0
          0
          0
          0
         21
        100
        255
          0
          0
        255
        125
          0
          0
          0
          0
          0
          0
        155
         50
        255
        255
         66
        255
         80
          0
        201
          0
          0
          0
        119
          0
          0
        144
          0
        157
          0
         44
          0
        208
        206
          0
          0
          0
        185
        235
          0
          0
        100
         70
          0
         86
          0
        255
          7
        115
         10
         70
          0
         69
        117
         93
          0
        116
          0
        120
          0
          0
          0
          0
          0
          2
          0
          0
          0
        184
          0
          0
          0
         30
         96
          4
          0
          0
          0
        255
          0
          0
          0
        225
        255
          0
          0
        248
        135
          0
          0
          1
          0
          0
          0
         55
          0
        255
          0
          0
        255
        205
          0
          0
          0
          0
          0
         15
        246
         39
          0
        255
         76
        145
         42
          0
        173
          0
        200
        137
          0
          2
          9
         62
         70
          0
        255
         73
          0
        255
          0
          0
        255
         19
        170
          0
          0
          0
          0
         35
          0
         65
        255
        255
          0
          0
         77
        130
          0
          0
        255
        224
          0
          0
          0
          0
          0
        103
        228
          0
          0
        255
          0
          0
        255
          0
          0
          9
          0
          0
          0
          5
         57
         84
          0
        255
         65
        255
          0
          0
        255
          0
         22
        162
         42
          0
         40
          0
          0
          0
          0
          0
          0
        255
          0
          0
        255
          0
          0
          0
          0
          0
         14
         21
          0
          0
          0
          0
          0
        255
         71
        122
          0
          0
          0
          0
          0
          0
          0
          0
        127
          0
        255
          0
        172
        255
        255
          0
          0
          0
          5
          0
        255
        140
          0
          5
          0
          0
          0
          0
          0
          0
         68
          0
        255
        109
          0
        101
         17
          0
          0
          0
          0
          0
          0
         13
         64
        255
          0
          0
        255
        209
         42
          0
        234
        133
          1
          0
          8
         90
        255
        255
          0
        175
         71
        183
          0
          0
          0
         97
          0
          0
          4
         65
        168
          0
          0
          2
         44
          0
        255
        104
          0
          0
          0
          0
          0
         30
          0
         71
          0
          0
          0
        255
         30
          0
         27
        136
          0
          0
        116
         74
          0
          0
          0
         71
          0
         24
          0
         30
          0
          0
          0
          0
          0
          0
          0
          0
          0
         25
          0
          0
          0
        102
        255
          0
          0
          0
         41
          0
          0
          5
         87
        125
         32
         51
         63
        158
        118
         76
          0
         51
          0
        255
          0
          0
        255
         54
         79
        255
          0
         33
         95
         46
          0
          0
          0
        255
          0
          0
          0
          0
          0
          0
          0
        184
          0
          0
          0
        104
          0
          0
        255
          0
          0
        238
          0
          0
        255
          0
          0
          0
          0
          0
          0
         48
         30
          0
          0
        110
         70
        115
         36
        130
        229
          0
        155
          0
          0
          0
        110
          0
          0
         29
          0
          0
         18
        255
          0
          0
        255
        117
          0
          0
          0
         88
          0
          0
        246
          0
          0
          0
         78
          0
          0
          0
        188
          0
          0
        192
         88
          0
          1
          0
          0
          3
          0
        184
          0
        197
          0
         80
        255
          0
          0
        243
          0
          0
         71
          2
          0
        147
        221
          0
          0
        255
          1
         98
        236
         43
         89
          0
         79
         10
          7
          0
          0
         36
          0
         19
          0
        122
          0
          0
          0
          0
          0
          0
          0
          0
         50
         40
          0
          0
          0
          0
         65
          0
          0
          0
          0
          0
        233
         41
         23
        148
          0
          0
         71
          0
          0
         31
          0
        255
          0
          0
        255
         27
          0
          0
          0
          0
         13
          0
         19
        100
          0
        255
         24
        255
         82
          0
        127
          0
          0
         43
          0
         52
          0
         71
          0
          0
          0
          0
        123
        175
        246
          0
          0
          0
        251
          0
          0
          0
          0
         19
          0
         32
          0
        255
         56
          0
         35
          0
        255
          3
        255
         65
          0
         51
         35
        119
          0
         74
          0
          0
          0
          0
          0
          0
          0
          0
         44
          0
          0
          0
         41
          0
         37
         96
        255
        255
          0
          0
         62
        102
        231
          0
        255
        208
         70
         58
         13
         61
         53
          0
          0
          0
          0
        246
          0
          0
        255
         15
          0
          0
          0
          0
          0
          3
          0
          0
          0
          0
         18
         54
         74
        184
          0
          0
         37
         66
          0
        138
          0
         32
          0
          0
        255
          0
          0
        162
         34
          0
        255
          0
          0
          0
          0
          0
          2
         36
          0
          0
          0
          0
         83
          0
          0
          0
        170
         69
          0
        233
          0
          0
          0
          0
          0
          0
          0
          0
          0
        173
          0
        103
          0
          0
          0
          0
          0
          0
          0
         45
         61
          0
          0
          0
          0
          0
          0
          0
        224
          0
        199
        234
        105
        133
         77
        197
          0
          0
          0
         30
          0
        222
          0
        104
        255
        103
         56
          0
          0
          0
          0
          0
          6
        128
          0
        255
          0
          0
          0
          0
        255
         30
        255
          0
          0
          0
          0
          0
        193
          0
          0
         14
          0
        255
          0
          0
        255
        180
        160
          0
          0
          0
          0
         42
        240
          0
          0
        255
          0
        221
          0
        206
          0
        155
         78
         21
         16
          0
         12
          0
          0
          0
          0
          0
          0
        255
          0
          0
        255
         99
          0
          0
        138
          0
          0
          0
        147
         72
        255
        255
         43
          0
         61
          0
          0
         43
          0
        117
          0
          0
         23
        104
         21
          0
          0
          0
         80
        235
          0
          0
          0
          0
          0
          0
         47
          4
         51
          7
         23
         38
          0
        255
         67
        255
         12
          0
        255
          0
        255
         74
        128
         36
          0
        148
          0
         75
          0
          0
          0
          0
        255
         63
          0
          0
          0
        255
          0
          0
          0
          0
          0
          0
          0
          0
         17
        120
         17
        195
          0
         60
        227
          0
         29
          2
          0
          0
          0
         43
          0
          0
          0
        115
          0
          0
          0
          0
         32
          0
        255
          0
         98
          0
        255
          0
          0
        255
          6
        255
          0
        218
          0
         21
          0
         85
        160
          0
         50
          0
          0
         83
        255
          7
         34
        236
          0
          0
        255
          0
         61
          0
          0
        153
          0
          0
        208
          0
          0
          0
         19
          0
         75
          0
          0
          0
         16
        125
          0
          0
          0
          0
          0
          0
          0
         31
        171
          0
          0
          0
        255
          0
        190
          0
          0
          0
         99
          0
         50
          0
         63
        255
         15
          0
          0
          0
        255
          0
          0
        158
          0
          0
          0
          0
          0
          0
          0
         34
          0
        255
        255
         80
          0
          0
          0
          0
          0
          0
        106
          0
          0
         87
          0
          0
          0
        255
         73
          0
          0
          0
        105
          0
          0
          0
         11
          0
          0
        104
          0
          0
         19
          0
        255
          0
          0
          0
        206
          0
        255
         98
          0
         71
          0
        139
          0
        255
         84
          0
         59
          0
          0
          0
          0
        106
          0
         15
          0
          0
          0
          0
         17
          3
         46
        255
          0
          0
        255
        218
          0
         15
        255
          0
         15
          0
        182
         69
          0
          0
         62
        241
         43
          0
          0
          0
          0
        160
          0
          0
          0
        164
        197
          0
          0
         61
         25
        255
        145
          0
          0
         76
          0
          0
          0
          0
          0
          0
         56
          0
          0
        255
          0
        255
         51
         22
        141
         32
         17
         61
         22
         39
          0
         21
         83
         40
        236
         31
          0
          0
         30
          0
          0
          0
         80
          0
          0
        141
          0
          0
        216
         73
          0
          0
          0
         64
         51
          0
        193
        109
          1
          0
        163
          8
          0
        196
          0
         84
          0
         40
          0
          0
         74
         98
          0
          0
          0
          0
          0
          0
         64
          0
          0
         83
          0
        255
          0
        147
          0
          0
        183
          9
         40
         99
          0
         43
        159
          0
         20
         99
          0
         38
          0
          0
        137
         38
        255
          0
          0
          0
          0
          0
          0
          0
          0
         88
          0
        255
          0
         11
          0
          0
        174
          0
         30
        174
         58
         58
          0
          0
          0
        135
          0
         17
          0
          0
         50
          0
        255
          0
          0
          0
          0
         72
          0
          0
          0
         55
          0
        255
         47
         16
          0
          0
        138
        160
         83
          0
         71
        117
          0
          0
          0
          0
          0
         23
        133
          0
          0
          0
          0
          0
          0
          0
          0
          0
          0
          0
        186
          0
          0
        255
         37
          0
          0
          0
        183
          2
          0
          0
        109
          0
          0
          0
          0
        112
          0
         37
          0
          0
          1
         64
        255
          0
        152
          0
        255
         85
          0
          0
          0
          0
          0
          0
         44
         43
          0
          0
         76
         97
          8
          0
        163
          6
        156
         17
         53
        149
          0
         57
         39
         49
         25
          6
        255
         34
         50
         37
          0
          0
          0
          0
          0
        125
         68
        255
          0
          0
          0
          0
         55
          0
         18
          0
          0
          1
          0
          0
          0
          0
          0
          0
         19
          0
          0
         87
        255
