         40
        162
          0
          0
          0
         16
        133
          0
          0
          0
         68
          0
         60
        196
         10
         73
          0
          0
          0
         38
          0
        228
        164
         19
        255
          0
          0
         91
          0
         48
         94
        109
          0
         72
          0
          0
          0
        248
        174
          0
          0
        233
        111
          0
         57
          0
          0
        223
          0
          0
        110
         26
         38
          0
          0
         63
          0
          0
          0
         77
          0
          0
          0
         78
          0
         45
          0
         51
          0
        229
          0
        255
        141
          0
          6
          0
          0
        146
          0
        255
         13
          0
          0
          0
        140
          0
        158
        124
        247
          0
          0
          8
         70
          0
          0
        124
        125
         74
         22
         20
         68
          0
          0
        255
          0
          0
         29
          0
        161
          0
          0
          0
         70
          7
        108
          0
          0
        255
          0
          0
          0
          0
          0
        121
          0
          0
         39
          0
          0
         95
          0
          0
          0
          0
        208
          0
          0
          0
          0
        149
          0
        228
          0
        137
         66
         39
          0
          0
          0
          4
          0
          0
          0
        122
          0
          0
          0
        255
          0
          0
        134
         28
          0
          0
         16
          0
        240
        255
        228
        175
          0
          0
         81
          0
         22
          0
          0
          0
         96
          0
         85
          0
          0
          0
          0
          0
          0
        190
          0
        113
         26
          0
          0
          0
         18
          0
          0
          0
          0
          0
          0
        174
          0
          0
          0
          0
          0
          0
          0
         61
          0
        145
        173
          5
          0
          0
        255
        105
         94
          0
          0
          0
          0
         99
        113
         72
        186
          0
        188
          0
          0
          0
          0
          0
          0
          0
          0
         58
          0
          0
         48
          0
         72
          0
          7
          0
          0
          0
          0
         28
          0
          0
          0
        255
          0
          0
         20
         72
          0
          0
        151
        255
          0
          0
        143
        223
          0
         92
          0
          0
        255
         59
          0
          0
          0
          0
          0
          0
         19
          0
        114
        255
        249
          0
          0
        255
         89
         28
          0
          0
         57
          0
          0
          0
          0
        255
          0
          0
        139
          0
          0
        192
          0
          0
          0
          0
         62
        198
        120
          0
         38
          0
         98
         22
        244
        219
          0
          0
          0
          0
         21
          0
         36
          0
         48
        207
         46
        255
         13
          0
          0
          0
         70
         38
        255
          0
          0
        255
         35
          7
        182
          0
        112
        160
        151
        255
        155
          0
        255
          0
        106
          0
         81
          8
        115
          0
         59
          0
          0
        240
        112
          0
        177
          0
          0
          0
          0
          0
          0
          0
         43
          0
          0
          0
         17
          0
        105
          0
          0
        207
        255
          7
         13
          0
         13
          0
          0
        154
          0
         40
         62
          0
         89
          0
        167
          0
          0
          0
          0
         45
        104
         72
          5
          0
         42
        255
          0
          7
        255
          0
        232
          0
          0
        255
          0
          0
          2
          0
        147
        137
          0
        222
          0
        255
        255
          0
        140
          0
        118
        159
        255
          0
        203
        212
          0
          0
         92
         36
          0
         11
          0
          0
          0
        113
          0
          0
         20
         69
          0
          0
         44
          0
          0
          9
          0
          0
          0
        167
        114
         34
          0
        240
         12
          0
        162
        255
          0
         23
          0
        162
         70
          0
        219
         48
          0
        183
          0
        117
         35
          6
          0
          0
         29
         37
         81
          0
          0
          0
          0
        241
          0
          6
          0
         12
          0
          0
          0
          0
          0
          0
         10
        182
          0
          0
          0
        219
         43
        207
          0
        255
         30
          0
