          0
        141
         98
          0
          0
        170
          0
          0
          0
          0
         59
         29
          0
          0
          0
         61
         23
         91
          0
          0
          0
          0
        255
         31
          0
        206
        255
          0
          0
          0
        105
          0
         41
          0
          0
        119
         37
          0
          0
          0
         72
          0
          0
          0
         51
          0
         73
         94
          0
          1
          0
         16
        255
          0
          0
          0
          0
          0
        141
          0
          0
         70
        168
         77
         64
          0
          0
         24
          0
          0
          0
          0
        117
         42
          0
        127
         63
          0
         51
         44
         64
         94
          0
         83
          0
          0
        238
          0
          0
          0
        255
          0
          0
          0
          0
        161
          0
          0
          0
          0
          0
          0
          0
        255
         48
          5
          0
         57
          0
         47
          0
         25
         79
          0
          0
        112
         18
         52
          0
          0
          0
         40
        255
         17
          0
          0
          0
          0
         98
          0
          0
        183
         62
          0
          0
          0
         12
          0
          0
          0
         55
          0
          0
         50
          0
         58
          0
         45
          0
         33
        255
         31
          0
        196
        255
          0
          0
          0
          0
        106
          0
          0
          0
         35
          0
          0
          0
          0
          5
         21
          0
        110
         58
          0
          0
         29
         78
          0
          0
          0
          0
          5
        255
         23
          0
        124
          0
          0
          0
          0
        150
          0
         62
          0
          0
        133
         52
        255
          0
         29
         16
         22
          0
        151
          0
        110
          0
        108
         94
         95
          0
          0
        222
          0
          0
          0
          0
          0
        247
          0
          0
          0
          0
         45
        104
          0
        120
         43
          0
        255
          0
         93
         88
          1
         25
         61
          0
         89
          0
          0
         85
         52
          0
         93
          0
          0
          0
        103
          0
          0
          1
         76
          0
          0
         18
        146
          0
        148
          0
        106
          0
        255
         61
          0
         16
          0
         30
          0
          0
         33
          0
         72
         22
          9
          0
        111
          0
          0
        255
          0
        100
        212
        255
        144
         17
        255
          0
          0
          0
        255
          0
        199
         43
          0
          0
          0
          0
          0
         20
        173
         23
          0
          0
         70
         42
         51
         25
         75
        255
        114
        255
         94
          0
          0
          0
          0
          0
          0
          0
          0
         58
          0
          0
          0
          0
          0
          0
        255
          0
          0
          0
        122
         18
          0
          0
          0
          0
          1
          0
          0
          0
          0
        182
        110
         93
          0
        255
          0
        225
          0
          0
          0
          0
        255
          0
        165
          0
          0
          0
         47
          0
          0
          0
        150
         62
          0
          0
        122
         70
         59
         11
          0
          3
          0
          0
          0
          0
        189
          0
          0
          0
          0
          0
          0
          0
          0
          0
        198
          0
          0
          3
         79
          0
         24
          0
          0
          0
          0
          0
        126
         35
          2
          0
          0
         81
          0
          0
          0
          0
          0
          0
          0
          0
          0
        204
         52
         36
         22
         43
          0
          0
          0
          0
         29
          0
         25
          0
          0
          0
          0
          0
          0
         85
          0
          0
          0
          0
          0
          0
          0
          0
          0
          0
          0
          0
          0
        227
          0
          0
          0
         66
        194
          0
          0
          0
        106
        111
          0
          0
          0
         44
          0
          0
        130
         38
          0
          0
         70
          0
          0
        183
        118
          0
          0
          0
         24
        147
          0
          0
          0
         62
        255
         46
         79
          0
        255
          0
        149
         77
          0
          0
        101
         53
          0
         84
          0
          0
          0
         52
         20
        117
          0
          0
         91
          0
          0
          0
        120
          0
         27
        231
          0
          0
          0
         99
          1
          0
          0
          0
        255
          0
          2
          0
          0
          0
         85
          0
         73
          0
         58
         28
          0
          0
          0
          0
          0
        100
        136
          0
         48
          0
          0
          0
         49
          0
          0
          0
          0
          0
          0
          0
        255
          0
          0
         59
          0
         40
          0
          0
        120
          0
         89
          0
          0
          0
         32
          0
          0
          0
          0
          0
        130
          0
          0
          0
          2
          0
          0
        103
          0
          0
          0
          0
          0
         72
          7
          0
          0
          0
          0
          0
          0
          0
          0
         18
          0
         94
        117
          0
          2
          0
          0
          0
          0
          0
        131
          0
         76
        140
          0
         41
        166
         28
          0
          0
        255
          0
          0
         28
          0
          4
         17
          0
        122
          0
          6
          0
          0
          0
          0
          0
          0
          0
          0
          0
          0
          0
          0
          0
         53
          0
         88
          0
          0
          0
          0
         41
        252
          0
          0
         15
          0
          0
          8
         62
        104
          0
          0
         29
          0
        255
          0
          0
          0
          0
          0
          0
          0
        162
          0
          0
         77
          0
          0
          0
          0
          0
        255
          0
         48
          0
         25
          0
          0
         32
         18
          0
          0
          0
         77
         43
          0
          0
          0
        180
          0
        103
        215
          0
          0
        160
        251
          0
          0
          0
          0
          0
          0
         67
        255
          0
          0
          0
         17
          0
          0
         19
        122
          0
          0
          0
          0
          0
          0
          0
          0
        255
          0
          0
          0
          0
          0
          0
        232
          0
         52
          0
          0
          0
         17
         26
        255
         26
          2
          0
         56
          0
          0
         38
          0
         94
         26
          0
          0
         26
          0
          0
          0
          0
        110
          1
        226
          0
         41
          0
          0
          0
          0
          0
          0
          4
         20
         90
        255
          0
        196
          0
          0
          0
          0
          0
         82
          0
         79
          0
         56
          2
          0
        165
        101
          0
          9
          0
          0
        145
          0
         76
        249
          0
          0
          0
         83
          9
         60
          0
        255
          0
         47
         92
          0
          0
        159
          0
          0
          0
         92
          0
          0
         22
         42
          0
          0
         62
          0
          0
          0
         35
         71
          0
          0
          0
          0
        165
          0
         30
          0
          0
          0
          0
          0
          0
          0
         46
          0
          0
          0
          0
         73
          0
         84
          0
          0
          0
          0
        255
          0
          0
        200
        255
          0
          0
          0
          0
          0
          0
         91
        108
          0
          8
        255
          0
        255
          0
         34
         13
        144
         61
          0
          0
         23
          0
         93
          0
         46
          0
          0
          0
          0
          0
          0
        255
          0
          0
          0
          0
          0
        124
          0
          0
          0
          0
          0
          0
        149
          0
         12
          0
         85
         55
          0
          0
         95
          0
          0
          0
          0
        255
          0
        255
          0
          0
         46
        154
        255
          0
          0
          0
          0
        168
          0
          0
         29
        103
          0
          0
        145
        108
          0
          0
        122
         52
          0
          0
          0
          0
         93
          0
         40
        175
          0
        255
          0
        110
         21
          0
          0
          0
          0
          0
          0
          0
        114
          0
        214
         14
        104
          0
        170
        119
          0
          0
        153
         47
          0
          0
          2
          0
          0
         26
          0
        172
          0
        255
          0
        102
          0
         25
          0
        121
          0
        121
          0
          0
          0
         71
          5
         20
          0
          0
        232
         11
          0
         15
          0
          4
          0
         68
         45
          0
          6
         34
          0
          0
        159
         45
        108
         10
        207
          0
          0
        135
         16
          0
          0
          0
         19
          0
        170
        116
        255
          0
        255
          0
          0
         25
          0
          8
         70
         45
         53
          0
         88
          0
        120
         99
          0
        118
         37
          0
        152
          0
          0
          0
          0
          0
          0
          0
          0
         70
          0
          0
        255
          1
        255
        108
          0
          0
          0
         46
          0
          5
          0
          0
          0
         24
          0
        255
        143
        198
          0
          0
          0
        125
         67
        173
          0
          0
        172
         13
        255
        118
          0
          0
        140
          0
          0
          0
         47
          0
        150
         45
          0
         34
         95
          0
         52
         26
          0
          0
          0
        255
        104
          0
          0
          0
          0
        204
        106
          0
        119
          9
          5
         62
          0
          0
        147
          3
        241
          0
          0
          0
          0
         56
        109
          0
         88
          0
        100
          0
          0
          0
          0
          0
          0
          0
        240
          0
          0
          0
          0
          0
          0
         15
          0
         40
          0
          0
        255
          0
        255
          0
          0
          0
        115
          0
          0
         79
         89
          0
          0
          0
        115
        128
        150
        255
         58
          0
          0
          0
          0
         82
        155
          0
        151
          0
          0
         90
          0
          0
          0
          1
        196
          0
          0
          0
          0
         21
          0
         87
          0
          0
         70
          0
          0
          0
         11
         71
          0
          0
          0
          0
        240
         49
        247
          0
          0
          0
        255
        105
        169
        109
        255
          0
          0
          0
          0
          0
        106
         60
          0
          0
          0
          0
         66
          0
          0
          0
        141
        255
          0
          0
         32
          0
          0
          0
        207
          0
         19
        154
         25
         45
        191
          0
        255
         65
        255
          0
         35
          0
         80
          0
          0
         44
          3
          0
          0
         27
          0
         55
         10
          0
        114
         61
        222
          0
        206
          0
         58
          0
         26
          0
         23
         62
         77
          0
          0
          0
        185
          0
         35
          0
          0
          0
          0
          0
         54
          0
          0
          0
         73
        255
          0
        205
          0
          0
        194
          0
          0
          0
          0
        140
          0
         23
          0
         37
          6
          0
          0
          0
        255
         78
         32
          8
          0
         63
          0
          0
         66
          0
          0
          0
          0
          0
          0
        255
          0
         10
          0
          0
         67
          0
          0
         54
          0
          0
          0
          0
          0
         12
          0
          0
          0
          6
         58
          0
          0
         47
          0
          0
          0
          0
          0
          0
          0
          0
        135
        255
          0
          0
          0
          0
          0
          0
          0
          0
          0
          0
         23
         64
        147
         16
          0
          0
        255
         63
          0
          0
         99
         37
          0
          0
          0
          0
         41
         56
        108
          0
         57
        255
         93
          0
          0
          0
        255
        201
          0
          0
         22
          0
          0
         62
          0
        123
          0
         38
        151
         97
          0
          0
         47
         55
          0
          0
        120
          0
         52
          0
          0
          0
          0
        116
         17
          0
        248
          0
          0
         71
        193
         55
         16
          0
          0
          6
          0
          0
          0
          0
        223
          0
         24
          0
         99
         59
          0
          0
          0
          0
          0
          0
          0
         22
          0
        255
          0
          0
          0
          0
          0
          0
          0
          0
         93
          0
        255
          0
         98
          0
        218
         47
         29
          0
          0
          0
          0
         62
          0
          0
          0
         22
          0
          0
          0
          0
          0
          0
          0
         13
          0
          0
          0
        226
          0
          0
          0
          0
        255
          0
          0
          0
          0
         49
        255
          0
          0
         43
         74
         28
          0
         34
          0
          0
          0
          0
          0
          0
         49
         23
          0
         17
        246
          0
        234
          0
          0
        182
          0
          0
          0
          0
          0
        113
          0
          0
        255
          0
          0
         45
         90
         48
          0
          0
         64
         21
         55
         23
         18
        175
        143
        255
          0
          0
          0
          0
          0
          0
          0
        255
          0
          0
          0
         30
        107
          9
          0
          0
          0
          0
          3
          0
         10
         28
          0
          0
         68
          4
          0
          0
          0
          0
        103
        255
          0
          0
        247
          0
         39
        164
          0
        255
        113
          0
          0
         86
        233
        101
        255
          0
          0
          0
          0
          0
          0
         46
          0
          0
        128
          0
          0
          0
          0
          0
         66
        183
        103
          0
          0
          0
          0
          0
          0
        130
         69
          0
         63
         65
          0
          0
        255
          0
          0
         87
         10
         41
         22
         52
          0
          0
         96
         17
         42
          2
          0
        185
          2
        255
         47
          0
          0
          0
          0
          0
          0
        121
          0
          0
        254
         66
          0
        103
        255
          0
          0
        113
         42
          0
          0
          0
          0
          0
        118
         69
         69
         39
          0
          0
         54
        255
         85
        113
          0
          0
          0
          0
          0
        255
          0
        175
          0
        105
          0
         75
          0
          0
          0
        115
         52
          4
          0
         47
          0
          0
          0
          0
          0
          0
         19
          0
         21
        255
          0
          0
          0
         74
        127
          0
        255
          0
          0
          0
          0
         57
        149
          0
        255
          0
        179
          0
         39
          6
        105
         52
          0
          0
         68
          0
          0
          0
          0
        176
          6
          0
          0
        111
          0
        255
          0
          0
         22
          0
        120
          0
          0
          0
          0
          0
         93
          0
          0
          0
         32
         30
         96
         46
          0
         54
        104
          0
          0
          0
         39
          0
         14
          0
        114
          0
        114
        151
         94
          0
         29
         47
          0
          0
          0
          0
          0
          0
          0
         66
         16
         34
          0
         59
          0
          0
          0
          0
          0
         25
          0
          0
          0
         17
          0
        255
          0
          0
          0
          0
         11
          0
          0
          0
         58
          0
          0
          0
        124
          0
          0
          0
         41
         30
          0
          0
        113
         58
        110
         94
          0
         27
         81
          0
         17
          0
          0
          0
          0
         53
          0
          0
          0
          0
         17
        224
         23
          0
         22
          0
          0
         53
          0
          0
          0
         70
          0
         22
         88
         55
         85
         35
          0
         53
         84
         33
          0
        242
        131
          0
        111
          0
          0
        255
          0
          0
          0
        255
          9
        147
          0
         41
          0
          0
          0
          0
          0
         11
          0
         33
         48
         35
         62
          0
          0
          0
          0
          0
          0
          0
          0
        211
         85
          0
         14
        255
          0
          0
          0
        125
         35
        163
          0
          0
          0
          0
          0
         56
          0
         34
          0
          0
        163
         51
          0
         36
          1
        101
          0
          0
          0
          0
        158
        255
        100
          0
         66
        173
        230
        179
          0
        117
          0
          0
          0
         61
          0
          0
          0
          0
          0
         54
          0
         60
        172
          0
         57
          0
          1
          0
         62
          0
         25
          0
         38
        255
          0
         38
         25
        255
        255
          0
          0
          0
          0
          0
          0
          0
          0
          0
          0
          0
          0
         36
          0
         43
          0
         31
        119
         83
          0
          0
         85
          0
          0
          0
          0
          0
          0
         28
          0
        255
          0
          0
          0
          0
        115
          0
          0
          0
          0
        123
          0
          0
          0
         77
          0
         52
         55
         50
          8
         12
         30
         29
         91
          5
          0
         92
         44
          0
          0
          0
          0
          0
        104
          0
          0
        138
        187
