        248
         32
         67
         88
         43
         98
          0
          5
          0
         70
         89
          0
        218
         81
        175
        152
          0
         16
        240
          0
        222
         31
          0
         73
          0
          0
          0
        117
          0
        121
          0
          0
         30
         97
          0
         54
          0
         74
         61
        201
          0
         93
          0
          0
         76
         83
        134
          0
         55
          0
          0
         36
          0
          0
          0
        117
          0
          0
          0
        154
          0
          3
          0
          0
         75
          0
          0
         63
         65
        114
          0
          0
          0
        105
        161
          0
        243
        129
        225
          0
         39
          0
          0
          0
          0
          0
          0
        151
          0
          0
          0
          0
          0
          0
         77
          0
          0
          0
          0
         37
         21
          0
          0
        110
          0
        138
          0
          0
        255
          0
        255
          0
          0
          0
          0
          0
         11
          0
        156
        126
          0
          0
          0
          0
         54
         16
          0
          0
         44
         86
         49
          0
          0
        243
          0
          0
          0
          0
         20
        255
        143
         62
          0
        143
          1
        230
          0
         25
        255
          0
         11
          0
          0
          0
          0
          9
        228
        106
          0
          0
         24
          4
         74
        121
        195
          0
          0
          0
        255
        238
         50
        255
        152
         42
          0
         96
          0
          0
          0
          0
        255
          0
         51
         11
        143
          0
          0
          0
          0
        160
          0
         36
          0
          0
         32
         66
          0
         96
          0
         91
          0
        133
          5
          0
          0
          0
          0
        121
         10
        255
          0
         35
        255
          0
        140
          0
        161
        105
         77
          0
        203
          4
          0
          0
        255
          0
          0
          0
        248
          0
        109
         21
         87
          0
          0
        206
          0
          0
        195
          0
          0
         71
          0
         45
          0
         55
          0
        149
         11
         56
         91
          0
         67
          0
        203
          0
          0
          0
         83
         12
          0
          0
        126
        212
          0
        189
         29
        255
        255
         46
        155
          0
         90
          1
          0
         46
         96
          0
          0
         15
          0
          0
          0
         11
        225
        142
          0
          1
          0
          0
         17
        121
          0
        193
          0
          0
          0
         64
        123
        255
          0
          0
        121
          0
          0
        255
          0
          0
        161
          0
          0
         51
          0
          0
          0
          0
          0
          0
         25
        104
          0
        247
          0
         76
          0
          0
          0
        144
          0
         67
        121
        255
        255
          0
          0
         85
          0
         43
        255
          0
        210
         68
          0
          0
          0
          0
          0
          0
        176
          0
          0
          0
        255
        130
         34
          0
          0
          0
         18
         71
         14
          0
          0
        105
          0
         67
          0
        144
          0
        168
          0
         35
          0
          0
          0
          0
          0
          0
          0
          0
         88
          0
        238
         33
        255
          0
          0
        132
          0
          0
          0
        219
          0
          0
         13
          0
          0
          0
          0
          0
          0
          0
          0
          0
        154
          0
         20
        134
          0
          0
         65
          0
          0
          0
        103
          0
        196
        216
          0
        115
        180
          0
         60
          0
          0
        130
         43
          0
          0
          0
          0
         36
        104
          5
          0
          0
          0
          0
         54
         52
          0
          0
        112
         16
          0
          0
        240
          0
        197
          0
         13
          0
        221
          0
          0
          0
          0
         28
         95
          0
         30
          0
          0
        141
          0
          0
          0
         65
        237
        128
        145
         97
          0
          0
          0
          0
          0
        113
        255
          0
          0
         21
         18
          0
        236
          0
        111
         78
         93
        203
          0
         64
         77
          0
          0
        107
          0
        157
         32
          0
         18
          0
         94
          0
          0
          0
          0
         15
          0
          0
        122
          0
