        118
        110
          0
          7
          0
          1
          0
          0
        255
         93
         74
          0
          0
          0
          0
          0
        255
          0
          0
         44
        210
         28
         18
         80
        135
        163
         10
          0
          0
         64
          0
         92
        104
          0
          0
         20
          0
          0
         41
          0
          0
          0
         16
        255
          0
        184
          0
          0
         75
          0
        109
         45
          0
          2
          0
          0
          0
         70
          0
          0
          0
          0
        191
          0
          0
        255
          0
         25
        136
          0
          0
        129
        102
          0
         78
        246
        227
          0
         44
          0
         60
          0
          0
         49
        152
          0
         10
          0
          0
         71
          0
          0
          0
          0
          0
          0
         43
        106
        107
          2
          0
        227
          0
        206
          0
         55
          0
         44
          0
          0
        103
        112
          0
          2
        101
         23
          0
        145
        183
        168
          0
          0
        137
          0
          0
          0
          0
          0
          0
          0
         27
          0
          0
        160
          0
          0
         82
          0
         58
          0
          0
         87
          0
          0
          0
          0
          0
          0
         85
        110
        148
        255
        114
          0
         77
        166
          0
          0
          0
          0
         97
        255
          0
         24
        146
        243
          0
          0
          0
        169
          0
          0
          0
          0
          0
        138
         21
          0
        213
          0
          0
          0
        114
          0
         25
        198
         66
        109
          0
          0
         55
         22
          0
          0
          0
          6
        150
          0
          0
        203
          0
        131
         79
          0
        119
          0
          0
          0
         41
        178
        233
          0
         34
        178
          0
        131
        123
        165
          0
          0
          0
          0
        158
          0
        117
        188
          0
         70
          0
          0
          0
        219
        247
          0
          0
        169
          0
         94
         70
          0
          0
          0
          0
          0
        164
         14
          6
          0
          0
          0
         53
          0
          0
          0
          0
         24
        144
        255
          0
          0
        191
        163
          0
          0
          0
        194
         27
         19
          0
         35
         43
          3
          0
        255
        221
          0
          0
          4
        255
          0
          0
        178
          0
        131
          0
          0
          0
          0
        188
          0
          0
          0
         77
          0
         84
          0
          0
          0
          0
          0
          0
        165
        155
        197
          0
        219
         70
          0
         23
          0
         49
        255
        100
        195
        108
        143
          0
          0
        112
        136
         83
          0
          0
          0
          0
          0
          0
        131
          0
          0
          0
          0
          0
          0
         69
         40
        148
          0
          0
         99
          0
          0
        165
        127
          0
        155
        120
         96
         30
          0
          0
         27
        132
        255
          0
         15
          0
          0
        170
        161
          0
         90
          0
         16
          0
          0
        114
          0
          0
         22
          0
          0
         73
          0
          0
          0
        166
          0
         74
          0
          0
          0
          0
          0
        199
          0
         28
          0
        145
          7
        120
        157
          0
          0
          0
          0
          0
          0
          0
          0
        254
          0
          0
          0
        217
        116
        255
        255
        149
          0
          0
        141
          0
          0
          0
          0
         92
          0
        147
          0
          0
        118
         27
          0
          0
        104
          0
        218
          0
          0
          0
          0
        247
         71
        133
         65
          7
          0
         59
        255
         12
          0
        156
          0
          0
          0
          0
          0
          0
        171
        139
          0
          0
          0
         68
        237
          0
         95
          0
          0
          0
         14
          0
        225
         76
          0
         16
          0
          0
          0
          0
          0
         99
          0
          0
        202
          0
         85
          0
          0
          0
        255
          0
          0
          0
          0
          0
         58
          0
        120
          0
        111
          0
          0
          0
          0
         52
          0
          0
          0
        163
          0
          0
          0
          0
          0
          0
          0
          0
        133
          0
         10
