         42
         76
        185
          0
         70
        255
          0
          0
          0
         28
        255
          0
        143
          0
         43
        132
          0
         24
         16
        218
          0
          0
         78
          0
        255
          0
         60
          0
          0
          0
          0
        155
        108
          0
          0
         60
         11
          0
          5
          0
          0
        118
         63
        171
        177
         33
        117
          0
          0
        119
          0
          0
        115
          0
          0
        103
        191
         44
          0
          0
          0
         78
          0
          0
         76
          0
         24
          0
         28
        187
        188
          0
          0
        111
         77
        113
        255
         32
         32
          0
          0
          0
         48
          0
        128
          0
        102
          0
        108
         65
          0
        239
         20
          0
          0
          0
         26
          0
          0
          0
          0
          0
         88
          0
          0
         52
          0
         67
        116
          0
         60
        122
          0
        168
          0
          0
        166
         41
          0
          0
        255
          0
         25
         88
          0
          0
          0
          0
        168
          0
         71
          0
         24
          0
         59
          0
          0
          0
          0
         66
        115
          0
        102
        154
          0
         13
          0
          0
        171
         41
          0
        198
          0
          0
          0
        232
        255
          0
          0
         23
         69
          0
        108
         53
        117
         11
         29
          0
          0
        141
          0
        102
        175
         71
          0
          0
          0
          6
          0
          0
        144
         37
          0
          0
        240
          0
         24
          6
          7
        149
        190
         61
         83
         50
          0
        255
        122
        255
        163
          0
          0
          0
        102
        120
         41
         56
          0
        144
          0
         57
          0
          0
        138
         75
          0
          0
          0
          0
          0
          0
          0
          0
        200
          0
          0
         72
        255
         88
        135
        140
          0
          0
        212
          0
         66
        167
         25
         17
        107
         93
         72
         96
         28
          0
          0
          0
          0
        255
        255
          0
          0
         79
          0
          0
          0
        127
          0
         40
        255
        110
        135
        255
          0
         40
        150
          0
          0
        110
         80
         57
        135
        174
         91
          0
          1
        165
        165
        100
          0
          0
          0
          0
        154
          0
         73
          0
        113
        202
          0
         94
          0
          0
        144
        108
          0
          0
          0
          0
          0
          0
          0
        143
          0
        108
          0
          0
          0
          0
          0
         20
          0
        255
         87
         72
        139
          0
         15
        115
          0
         42
          0
         47
         47
        255
          0
        101
          3
          2
          0
          0
        220
          0
        107
          0
         74
         93
        220
         19
          0
          0
          0
         89
        103
        157
         32
          0
          0
          0
          0
          0
        248
         36
          0
          0
          0
        139
         26
        143
        224
          0
          0
          0
        152
          0
          0
          0
         61
          0
          0
          0
          0
          0
         82
          0
         96
        199
         57
        219
          0
        137
        255
         47
        240
        236
          0
          0
        128
          0
         10
          0
        146
          0
          0
         78
        255
          0
        154
        197
         47
          0
          0
          0
          0
        255
          0
         71
          4
          0
          0
          0
        159
        161
        255
        146
        221
          0
          0
          0
          0
        183
         37
         77
          0
          0
        160
          0
          0
          0
        234
        164
        144
          0
          0
        111
          0
        145
         49
          0
         34
          0
        246
          0
          0
        178
          0
          0
        120
         88
        107
          0
          0
          0
          2
        168
          0
          0
        195
          0
         59
          0
        213
          0
          0
          0
        139
          0
         14
        233
          0
         67
          0
          0
          0
          0
          0
          9
        255
          0
         92
         68
         65
         39
         22
        179
        198
          0
          0
          0
          0
        106
         53
         84
         41
          0
          0
         96
          0
          0
          0
         45
          0
         74
          0
         67
        255
        201
          0
          0
          4
        112
        255
        168
         12
          7
        249
          0
        102
         24
         20
          0
         58
         95
          0
        139
         90
          0
        118
         26
          0
          0
         38
         10
         19
         34
          0
        133
         75
          0
        107
        252
        255
          0
        140
          0
         32
         78
          0
         13
         71
         95
          0
          0
         28
        132
          0
         42
        218
          0
        102
          0
          0
          0
        215
          0
          0
          0
         59
          0
          0
         12
         73
        137
          0
        139
        178
         79
         80
          0
          0
         69
          0
        139
         89
          0
          0
         99
        100
         70
         77
         33
        126
          0
          0
          0
         29
        255
          0
        164
          0
          0
          0
         43
          0
          0
         73
          0
        114
         76
        103
          0
         24
          0
         88
          0
        118
          0
          0
          0
        255
          0
        177
        133
        140
         18
          0
          0
          0
         83
          0
        255
         17
        141
        124
         15
          0
         53
          0
        103
          0
          0
         82
         60
          0
          0
         18
          0
        124
          0
          0
          0
          0
          0
          0
        112
        101
          0
          0
          0
          0
          0
          0
        180
          0
          0
        198
        138
        150
          0
          0
          0
        251
         99
         62
         95
        143
          0
         22
          0
        217
          0
          0
         49
        255
          0
          0
        109
         97
          0
          0
        103
          0
         93
          0
        239
        104
          0
          0
         82
          0
         14
        146
          0
        206
          0
          0
          0
         78
          0
          0
          0
          0
         31
          0
         22
          0
         37
        176
         78
          0
          0
        123
          0
          0
        255
          0
          0
         78
          0
          0
        201
        161
        185
         76
          0
          0
        181
          0
         31
        102
          0
          0
         64
        180
         34
          0
         40
          0
        172
         98
          0
          0
         88
        182
          0
          0
        106
        165
        255
         68
        245
        255
          0
         40
        211
        255
          0
          0
        229
        111
          4
          0
          0
        189
        161
          0
          0
         49
         25
          0
        111
          0
          0
         74
         12
          0
        117
          0
        129
         69
        234
        173
         94
          0
          0
         84
          0
         90
          0
        169
        240
         50
          6
          0
          0
         78
         59
          0
          0
         94
          0
        110
          2
          0
        134
          0
          0
         22
         43
          0
          0
          9
          8
          0
          0
        136
          0
         66
        244
        115
         75
        255
        179
         59
         95
          0
          0
        176
          0
         18
          0
        109
        100
         85
         66
        160
         53
          0
        168
        165
        134
          0
          0
         67
          0
         32
          0
        255
        103
          0
        183
          0
          0
        173
        121
          0
         71
        114
          0
        155
          0
          0
          5
        141
         96
        255
          0
        217
          0
          0
          8
        132
          0
          0
        161
          0
         21
        160
          0
          0
          0
          0
        112
        255
          0
          0
          0
          0
          0
          0
          0
         71
        125
          0
          8
          0
         98
          8
        152
         15
         26
        123
         96
          0
         56
        198
          0
          3
          0
          0
          0
          0
          0
          0
          0
          0
        140
          0
          0
          0
         44
          0
          0
         65
        234
        185
          0
          0
          0
        255
        191
          0
          0
         80
         37
          0
         42
        230
        173
          0
          0
          0
          0
         31
          0
          0
        245
         35
         86
         53
          0
          0
         21
          0
          0
        137
         32
          0
          0
          0
          0
        255
          0
        191
        141
         34
          6
          0
         23
          0
        255
         76
          0
          0
         77
          0
          0
          0
        204
          0
        108
        131
          0
         54
         50
         56
        166
          0
          0
          0
          0
          0
         22
          0
         82
         74
          0
         76
        107
          0
        101
        103
        240
          0
        106
          0
          0
        105
         82
        141
         43
         94
          0
          0
         84
        103
         23
          0
          0
         88
        222
          0
         16
          0
          0
          0
        104
          0
         72
         67
          0
        219
          0
          0
        228
         60
        216
          0
          0
        255
         29
         63
        224
        255
          0
        255
          0
          0
         76
        232
        138
         94
          0
        111
         42
          0
          0
        248
         70
        203
          0
        124
        115
          0
          0
        217
          0
          0
        207
          0
          0
          0
          0
        134
          0
          0
          0
        238
         97
        122
          0
          0
          0
        138
          0
        117
          0
          0
          5
         59
        121
         66
        190
         38
          0
         92
          0
          0
          0
          0
        164
          0
         20
          0
          0
          0
          0
        255
         19
         99
          0
          0
          0
          0
        255
         51
          0
        228
          0
        133
         89
         31
        102
         89
          0
        140
          0
        105
          0
          0
        133
          0
          0
        177
          0
          0
          0
          0
        130
        255
          0
          0
          0
          6
          0
          0
         40
        120
          0
        195
          0
         40
          0
         89
          0
         37
         98
          0
        107
          0
          0
        155
          0
          0
         38
         93
         67
        255
          0
          0
        130
          0
          0
          0
         61
         57
          0
         52
        196
         54
          0
        197
         28
        105
         62
         35
        132
        184
         36
          0
          0
          0
          0
         17
        253
          0
        155
          0
          0
         33
          0
          0
          0
        194
          0
         86
          0
         33
         58
          0
          0
        156
          0
        215
          5
          0
        147
        255
        121
         31
          0
        142
         46
         68
        156
          0
          0
          0
          0
          0
          0
          0
         14
         93
          0
        255
         42
        113
          0
        118
         56
        255
          0
        124
          0
          0
          0
         70
        132
          0
          0
         68
          0
         70
          0
          0
          0
        200
        130
          0
          0
          0
        219
          0
        255
        138
          0
        141
        133
        255
        177
        120
         62
        103
          0
        121
         58
         68
         27
        174
        124
        255
        120
        139
         88
         19
        125
          0
        162
         35
        175
         11
         23
          7
          0
          0
          0
         74
          0
        132
          0
         27
          0
          0
          0
          0
         47
        121
          0
          0
          0
        187
         21
          0
         47
         33
         65
        120
          0
          0
         80
        171
        222
          0
          0
        164
        147
        255
          0
         12
        140
        215
         88
        218
        222
         92
          0
          0
        250
        100
          0
         88
          0
        211
        132
         93
         57
          0
          3
          0
          0
          0
         78
          1
          0
          0
          0
          0
          0
          9
          0
        146
        187
          0
         64
        197
          0
         31
          0
          0
          0
        119
         22
          8
         36
          0
         78
        199
        102
         87
         40
        115
        106
        174
        156
        177
        255
         55
          0
         24
         79
          0
        196
         99
          0
        153
          3
        255
        127
         33
         47
          0
          0
          0
          0
          0
          0
        147
          0
        202
         33
        208
         27
         90
         16
         63
        166
          0
          0
          9
          0
         45
          0
          0
          0
          0
        187
          0
         69
          0
         36
        145
          0
          0
          0
          3
          0
        147
         33
        152
         84
         98
          4
        245
          0
          0
         64
          0
          0
          0
          0
        104
         84
          0
          0
        237
        230
          0
          0
        255
          0
        215
          0
         86
         96
          0
        202
          0
        245
        140
          0
        162
         41
          0
          0
          0
          0
          0
          0
          0
        117
          0
          0
          0
        245
          0
        149
        103
          0
          0
        206
        187
          0
          0
          0
        132
          0
        255
         13
        187
        161
        165
          0
          0
         58
          0
         47
         48
          0
          0
          0
          0
          0
          0
          0
          0
        129
          0
          0
        255
          0
          0
        179
        255
         74
          0
        253
          0
         78
          0
        124
        188
          0
          3
          0
          0
          0
        255
        143
          0
         91
         68
        124
          0
          0
          0
        177
         40
        171
          0
          7
        148
          0
          0
        177
        135
         27
         96
        215
          0
          0
        178
          0
         46
         11
          0
          0
          0
         91
        255
         81
        152
         23
          0
         90
         54
        116
          0
          0
         64
          0
          0
         93
          0
          0
          0
          0
          0
          0
          0
          0
         41
         68
         56
          0
         22
          0
          0
          0
         17
          0
          0
         66
          0
        182
          0
          0
          0
        114
          0
          0
          0
        116
         81
          0
          0
          0
        107
         88
         49
          0
          0
          0
        109
         61
          0
         93
         46
          0
        206
          4
        195
          0
         22
        164
         33
          0
         35
        114
        167
          0
         93
          0
          0
        246
          0
          0
          0
         16
          0
        146
        216
         65
         16
        211
          0
          0
        205
        255
          8
          0
        154
          0
          0
          0
        205
        121
        255
         81
         23
          0
        164
          0
          0
          0
          4
          0
         42
          0
          0
          0
          0
         59
          0
          0
        238
          0
          4
          0
          0
        238
         49
        160
        199
         20
          0
          0
        132
         82
        130
        174
        124
        139
          0
        140
          0
          0
          7
          0
         36
          0
        165
          0
        149
         36
        162
        100
        252
          0
          0
          0
         57
          0
        133
        225
         32
          0
        222
        109
        246
         71
          0
          0
          0
          0
          0
        172
         46
          0
          0
         43
        149
        102
          0
         91
          0
         35
          0
        117
          0
         98
         12
          0
        255
        182
         22
          0
          0
          0
          0
          0
          6
        174
         88
          0
          0
         88
        212
          0
        185
          0
          0
          1
        172
         23
          0
        238
          0
          0
        167
          0
          0
         71
          0
         30
        110
          0
          0
        133
         39
         42
        129
          0
        233
          0
          0
        111
         54
        154
          0
        129
        193
          0
         62
          0
          0
        255
        255
          0
          0
          0
        255
          0
         59
         53
          0
         58
        119
        236
        201
        150
        189
          0
          0
         84
         74
        164
        201
        126
         90
        149
          0
         40
        255
         48
          2
         77
          0
          0
        175
          0
          0
        125
          0
         30
        166
         85
          0
         21
         95
        255
        171
         31
         56
          0
         80
        141
          0
          0
         85
        194
          0
          0
         89
         66
        227
         44
         41
          0
          0
          0
        113
          0
          0
         73
        255
         69
        207
         41
          0
         44
          0
          0
        172
         45
          0
          0
         45
          0
        201
        191
          0
          0
         64
         27
        204
         29
        238
         34
          0
         34
         54
          8
        255
          0
         38
         53
          0
         93
          0
        143
        203
          0
         14
          0
          0
          0
         47
          0
         63
        106
         25
        143
          0
        103
         21
          0
         92
         74
          0
          0
         32
        144
         71
          0
        255
          0
         77
        221
          0
        115
         45
          0
          0
          0
          0
          0
          0
         39
        169
          0
          0
          0
          0
         31
          0
          0
        119
          0
          0
          0
          0
          0
         44
          0
         18
          0
          0
        255
         35
        230
          0
         64
          0
        201
          0
         90
        255
          0
         57
          0
          0
          0
          0
          0
        224
         83
          0
        129
         44
         32
          0
         31
        186
         25
        128
          0
        124
        182
        130
        205
          0
        132
         21
         39
        224
        137
          1
         13
         82
          0
         25
          0
          8
         12
          0
          0
        255
          0
        165
         17
          0
          0
         39
        108
        145
          0
         47
        245
         37
          0
        255
        157
        120
         23
         35
          0
        196
         77
