        171
          0
         87
         64
          0
          0
          0
        241
          3
         10
        158
          0
          0
          0
          0
         58
          0
         51
         60
          0
         95
          0
          0
          0
        164
          0
          0
          0
          0
          0
          0
          0
        255
        132
        135
          0
          0
          0
          0
          0
          0
        122
        104
          0
         63
          0
        141
        224
          0
        126
          0
          0
          0
         38
        198
        121
          0
        108
          0
        255
          0
         58
          0
          0
          0
          0
         98
          0
          0
          0
        137
          0
          3
         65
          0
         75
          0
          0
          3
        156
          0
         30
         31
          0
          0
         32
          0
          0
         28
          0
          0
        255
          0
          0
        195
          0
          0
          0
         99
          0
          0
          0
          0
          0
         77
        126
          0
        116
          0
          0
        126
          7
          0
        177
         41
          0
          0
        100
        125
          1
         51
          0
          0
        128
          0
          0
        255
          0
        255
          0
        149
          0
          0
          0
          0
          0
          0
         42
          0
          0
        255
          0
        194
         85
          0
         97
          0
         83
          0
         16
          0
         30
          0
         36
          0
          0
          0
          0
          0
        152
        255
          0
        128
          0
          0
          0
         55
          0
          0
         55
          0
          0
         27
          0
        233
        255
          0
        151
         72
        149
          0
          0
          0
         18
          0
         62
          0
        255
          0
          0
        207
        123
        255
          0
         65
        255
          0
          0
          0
          0
          0
        120
         76
          0
          0
        169
        214
          0
          0
         58
          0
          0
          0
          9
          0
          0
          0
          0
          0
          0
          0
         72
          0
        197
        255
         19
         13
          0
        127
          0
          0
        217
          0
          0
        158
        189
        225
          0
        114
          0
        255
          0
         17
          0
          0
        165
        163
         17
          0
         45
          0
          0
        255
        121
        157
        187
        255
          0
         97
        141
          0
          0
         25
          0
        179
          0
          0
          0
          0
          0
          0
         87
          0
          0
          0
          0
         74
        195
          0
          0
        141
          0
        107
          0
          0
          0
          0
          0
        255
          0
          0
          0
          0
        151
          0
          0
          0
         62
        142
          0
         28
          0
          0
         52
          0
         89
          0
        243
          0
        183
          0
          0
          0
         44
          0
          0
          0
          0
          0
        105
        255
          0
        118
          0
         75
          0
        196
        123
          0
        124
          0
         34
          0
          0
        255
         45
          0
          0
         50
          0
          0
        187
         75
          0
         64
          0
          0
        255
          0
          0
          0
         47
        147
        124
          0
        255
        170
          0
          0
          0
          0
        130
         41
         12
        125
          0
          0
        163
          0
         65
         28
          0
          0
        124
          0
          0
         67
          0
          0
          0
          0
          0
        255
          0
        255
         77
        107
        255
         11
          0
        178
          0
          0
          0
        125
         15
        180
          0
          0
          0
          4
         77
          8
          0
          0
        136
        161
          0
        107
        109
          0
        255
        255
          0
          0
          0
          0
          0
          0
          0
          0
          0
        255
          0
          0
          3
        115
          0
         64
          0
          0
          0
          0
          0
          0
          0
          0
          0
          0
          0
          0
        209
         36
          0
          0
          0
          0
          0
          0
          0
          0
        255
         19
         84
        255
         53
         88
        108
         98
          0
        107
          0
          0
        255
          0
          0
          0
          0
         67
          0
         41
          0
          0
          0
          0
        255
          0
          0
          0
          0
        255
          0
         54
        203
          0
          0
          0
          0
          0
        139
          0
          0
        128
          0
         23
         48
        255
          0
          0
        139
          0
          0
         97
          2
          0
          0
          0
        255
        255
         80
        255
        168
          0
        207
         17
          0
          0
          0
          0
          0
          0
          1
          0
         66
          0
         43
          0
        127
        222
         78
         58
          0
          0
        208
          0
          0
        104
        109
          0
          0
          0
        105
         96
          0
        254
          0
          0
         24
          0
        129
        182
          0
         71
         70
          8
          0
        255
          0
         43
         28
          0
         43
         59
          0
         23
          0
         64
        113
         78
          0
          0
        255
          0
          0
          0
         35
        255
          0
         33
         50
        210
         78
          0
          0
          0
          0
          0
          0
          0
         99
          0
         68
          0
         99
          0
          0
         75
          0
          0
          0
          0
          0
          0
          0
        255
         40
        255
          0
          0
          0
         49
          0
        164
        165
          0
          0
         61
        144
          0
          0
          0
          0
          0
         38
         97
          0
         60
          0
          0
         44
        123
         84
          0
          0
         17
        255
        255
         11
        255
          0
        255
         13
          0
          0
         37
          0
          0
          4
         18
         99
          0
          0
          0
          0
        110
          0
          0
          0
          0
          0
         79
         27
          0
          0
         68
          0
          0
         47
        255
          0
          0
          0
          0
          0
         11
         21
          0
          0
         79
          0
         24
         83
          0
          0
        198
          0
        206
         28
          0
          0
          0
         20
         45
          0
          0
          0
        163
        218
          0
        230
          0
          0
          0
         12
          0
          0
        111
          0
         60
          0
          0
          0
          0
          0
         84
          0
          0
          0
          0
          0
          0
         44
          0
         56
          0
        182
          0
         38
        102
          0
          0
        169
          0
          0
          0
         14
        255
        163
         25
        178
          5
          0
          0
         57
          0
          0
          0
          0
         28
          0
         81
          0
        155
          0
          0
        155
          0
          0
          0
         20
         56
        208
          0
        255
        132
         61
        255
        131
        255
          0
          0
        209
        215
          0
          0
          0
        117
          0
         20
          0
        255
         96
          0
        255
        150
          0
         73
        209
          0
         75
        172
         65
         89
          0
          0
          0
          0
          5
          0
        119
        255
        202
          0
         93
          0
        124
        230
          0
          0
         20
        152
          0
          0
          0
          0
        182
          0
          0
          0
          0
          0
        148
          0
         52
          0
        188
          0
          0
        255
          0
          0
        209
          0
          0
          0
          0
          0
          0
          0
        195
          7
          0
         68
          0
        206
        121
          0
        123
          0
          0
          0
         73
          0
          0
          0
        100
          0
          0
          0
          0
          0
         31
        235
        163
        255
          0
          0
        180
        112
          0
        141
          0
          0
          0
          0
         60
          0
         96
          8
          6
          0
          0
          0
          0
          0
          0
         59
          0
          0
        104
          0
        255
        255
         18
        255
          0
        255
          0
         37
          0
          0
        113
          0
         45
          0
          0
          0
          0
        143
          0
        250
        107
          0
        186
          0
          0
          8
        127
         43
         73
          0
          0
          0
          0
          0
          0
          0
          0
          0
         65
          0
          0
          0
          0
         75
          0
          0
         84
          0
          0
          0
        173
        157
        255
          0
          0
          0
         98
          0
          0
          0
          0
          0
         28
          0
          0
          0
         94
        255
          0
        255
          0
          6
        158
          0
         56
        215
          0
          0
        101
          0
          0
        102
         93
          0
        192
          0
          3
          0
         46
          0
          0
          0
         27
         30
        148
          0
          0
        255
          0
          0
          6
          0
          0
          0
        237
          6
          0
        255
         78
          0
          0
          0
        191
         93
          0
          0
          0
        255
          0
          0
         32
          0
         61
          0
         60
         57
        159
          0
        245
        180
          0
        255
        154
        145
          0
          0
        161
        216
         31
          0
          0
          0
          0
        129
          0
          0
          0
          0
        255
         14
          0
          0
          0
         16
        177
        208
          0
          8
         56
         55
          0
        255
         21
          0
         92
        255
          0
          0
        184
        157
          0
          0
         34
          0
         92
         11
         33
        149
         90
          0
          0
          0
        170
          0
          0
          0
          0
         35
          0
          0
        172
        209
        128
        255
          0
          0
          0
         36
        203
        108
        206
          0
          0
          0
          0
         34
          0
         22
          0
        161
          0
          0
        255
          0
          0
          0
          0
          0
          0
          0
          0
          0
        231
          0
        255
          0
        109
        224
          0
        219
          0
          0
          0
        157
          0
        208
         59
         70
         84
         71
          0
         36
          0
          0
          0
          0
          0
          0
          0
         14
        161
          0
         32
          0
        166
          0
          0
          0
         72
        255
         48
          0
          0
          0
          6
          0
        124
        245
          0
          0
        149
        112
          0
          0
        139
         95
        255
         76
          0
         53
          0
         14
          0
        207
         56
          0
        220
          0
        158
          0
          0
          0
          0
          0
          0
         64
          0
        141
        234
          0
          0
          0
        151
          0
          0
         85
         67
          0
        170
          0
          5
          0
          0
          0
          0
          0
         47
         66
         81
          0
          0
          0
        107
          0
          0
          0
          0
        114
        255
        151
          0
          0
          0
          0
         93
          0
         15
          0
         46
          0
        244
          0
          0
          0
          0
          0
        213
         65
          0
         87
         26
         29
          0
          0
          0
          0
          0
          0
         88
         63
        244
        109
          0
        255
        218
         47
         77
          0
        187
         29
          0
        101
          0
        208
          0
          0
         98
          0
         24
          0
         84
          0
          0
          0
          0
        255
        127
        255
        230
          0
        255
          0
         52
        160
         94
          0
          0
          0
         93
          0
         78
        254
         17
          0
        255
        165
         11
         70
          0
          0
        212
          0
          0
         85
          0
         19
          0
        255
          0
          0
         79
          0
         29
          0
          0
          0
          0
          0
         70
         51
         33
          0
         10
        112
          0
          0
        255
          0
          0
          0
          0
          0
        159
          0
          1
        158
         75
          0
        226
          0
          0
          0
         30
          0
         68
         30
        158
        140
          0
          0
         18
          0
         64
          0
          0
          4
          0
          0
        109
          0
          0
          0
          0
         52
          0
          0
        107
        152
        162
        213
        255
          0
         33
        215
        109
        255
        166
         59
         90
          0
          0
          0
        100
          0
          0
          0
         34
          0
          0
        136
          0
          0
          0
          0
          0
          0
          0
        222
          0
          0
          0
          0
        214
          0
          0
        240
          0
          0
          0
        179
         95
        164
         49
          0
          0
          0
         63
          0
         66
         82
        201
          0
        255
          0
         10
         54
          0
          0
          0
         37
         47
         24
          0
          0
        255
          0
        128
        255
          0
          0
          0
          0
        102
          0
          0
          0
          0
        193
         13
        103
          6
          0
          0
          0
        137
          0
          0
          0
        249
          0
        149
          0
          0
        152
          0
          0
        255
          0
        114
        255
          0
        255
          0
          0
        107
        209
        181
        225
        255
          0
        124
         91
          1
         51
          0
          0
        255
          0
          0
         73
          0
          0
        212
          0
          0
          0
          0
          0
        255
          0
          0
          0
        218
        255
         59
         38
         97
          0
          0
        202
        146
         12
         90
          0
          0
        157
          0
        158
          0
        255
          0
          0
         17
          0
          0
         39
          9
          0
          0
          0
          0
        255
          0
        255
          0
          0
        100
          0
         76
         54
          0
         70
          0
          0
          0
         52
          0
        192
         75
        255
          0
        255
          0
          0
          0
         39
        138
         43
        115
          0
          0
          4
          0
          0
         65
          0
          0
          0
          0
          0
          0
          0
        198
          0
          0
        120
          0
          0
          0
          0
         48
          0
        214
          0
         39
         45
          0
          0
        136
          0
         64
         89
          9
          0
          0
          0
         67
          0
        147
          0
         84
         42
          0
          0
        139
          0
          0
          0
          0
        159
        145
          0
          0
          0
        255
          0
          0
          0
          0
          0
          0
          0
          0
         46
        164
          0
          0
          0
        119
        255
        113
          0
          0
        139
          0
          0
        172
          0
        121
          0
          0
          0
        200
          0
        178
        153
        120
          0
          0
          0
          0
          0
          0
          2
          0
          0
         42
          0
        255
        255
          0
          0
         68
        255
          0
         76
        255
         42
          0
          0
          0
         88
         46
         45
          0
        179
          0
          0
          0
          0
          0
         16
          0
          0
          0
         94
          0
        101
          0
          0
          0
        255
          0
          0
          0
        255
          0
         87
          0
        210
          0
          0
          0
          0
        137
          0
          0
          0
          0
          0
        255
          0
          0
          0
        207
          0
          0
          0
          0
        112
        201
          0
        177
          0
          0
          0
          0
        255
          0
        171
         62
        102
        130
        173
          0
         33
        139
         85
         52
         28
        148
        118
        255
        255
          0
          0
          0
        101
        187
          0
          1
        117
          0
          0
          0
          0
          0
        255
         79
        255
         88
         18
          0
         83
          0
        193
          0
          0
        137
          0
          0
        172
          0
        215
          0
        213
          0
          0
         82
          0
          0
          0
          8
          0
          0
          0
          0
        255
        135
        101
        223
          0
        238
          0
        255
          0
          0
          0
        117
          0
          0
          0
         22
          0
         28
          0
          0
         78
          0
          0
         15
         26
          0
          0
          0
         42
          0
         26
        255
        255
         26
          0
          0
          0
          0
         36
          0
          0
          9
        255
        134
          0
          0
        100
          0
          0
          0
        227
          0
          0
          0
          0
          0
          0
         28
          0
         19
         40
          0
          0
          0
        255
         13
          0
        229
          0
          0
          0
          0
        141
         29
          0
          0
          0
        130
         83
          0
          0
          6
          0
          0
          0
          0
         33
          0
         10
         20
        143
          0
         53
          0
         73
          0
          0
         61
          0
        224
          0
          0
          0
          0
          0
        106
          0
        222
         21
          0
         90
         45
          0
          0
         52
        255
          0
          0
         45
        204
         85
         13
         58
         93
         97
        185
          0
        255
          0
          0
          0
        149
          0
          0
          0
          0
          0
         49
        249
        255
         23
         25
         23
          0
        141
          0
          0
          0
        255
          0
          0
        158
          0
          0
          0
          0
         93
         69
          0
          0
          0
          0
          0
        108
          0
        234
         31
          0
          0
          0
          0
         80
        171
          0
          0
        175
          0
          0
        255
          0
          0
          0
          0
         86
          0
          0
          0
        123
        143
         78
         59
          0
        133
          0
          0
        132
          0
          0
         78
          0
          0
         38
          0
        133
        132
          0
          0
          0
          4
         40
          0
          0
        255
          0
          0
        144
          0
          9
          0
         34
          7
        230
         37
          0
         39
          0
        255
        188
          0
          0
         46
        255
         55
          0
        255
          0
          0
         99
          0
         35
        145
          0
        122
          0
         57
          0
          0
         84
          0
         43
          0
          0
          0
        163
          0
        255
          0
          0
         66
          0
