         85
          0
          0
        143
        131
          0
          0
        255
         14
          0
         45
        255
         98
         12
          0
          0
        248
          0
        162
         83
         52
          6
          0
          0
          0
        255
          0
        186
         79
          0
          0
        243
        254
        100
        171
          0
         99
          0
        153
        251
        132
          0
        107
        160
          0
          0
        188
         17
        168
          0
        124
        204
          0
        255
         95
          0
          0
         64
          0
        142
          0
         87
         70
        180
         63
          0
          0
          0
         37
          0
          0
        208
          0
          0
        144
          0
        171
        105
        253
         63
          0
          0
          0
          0
        111
          0
        101
         66
          0
          0
        255
         82
         18
        174
        255
        109
        255
         13
         62
          0
        161
          0
          0
        255
         62
        205
          0
        200
          0
        113
        255
        138
          0
         92
        122
          0
         11
          0
          0
         19
          0
         19
          0
         66
          0
          0
          0
          0
        183
         33
        111
         54
         27
          0
          0
        208
        189
          0
         19
        165
          0
         74
        168
          0
        124
          0
        214
          0
          0
          0
          0
         12
        188
          0
          0
         83
          0
        122
        163
          0
        255
          0
          0
        152
        153
          0
          0
        242
        186
         76
          0
         54
          0
          0
        199
         50
         47
          0
        102
        124
         27
          0
         61
        121
          0
          0
        219
         68
          0
          0
          0
          0
          0
        136
        128
          0
        164
          0
          0
          0
          0
        100
          5
        255
          0
         46
        181
        158
        156
        123
          0
        124
          0
        255
        114
          0
          0
          0
          0
        121
          0
        106
        130
          0
          0
          0
          0
          6
        155
          0
         41
         15
        255
          0
          0
          0
        137
          0
        255
          0
          0
         87
          0
        144
          0
          0
          0
        123
          0
          0
          0
          0
          0
          0
        119
        129
        202
          0
        131
        162
        113
        135
        233
        155
        189
          0
          0
        115
         66
          0
         88
          0
        255
          0
         13
          0
         56
          0
        183
         86
          0
          0
          0
         65
        135
          0
          0
        240
         95
          0
          0
          0
        129
        129
         35
        114
         76
          0
         77
          0
         34
          0
          0
          0
          0
          0
          0
         28
          0
        235
         72
         15
          0
          0
          0
        132
        147
        174
          0
        206
          9
          0
        134
        171
        171
        110
          0
        133
        149
          0
          0
          0
          0
         95
        255
          0
         92
          0
          0
        161
          0
          0
          0
        105
        160
          0
         89
         85
        130
          0
        220
          0
          0
         58
        147
          0
          0
          0
          0
        102
          0
          0
        209
          0
        141
         89
        125
          0
        235
          6
        143
        155
        129
        250
         21
          0
          0
        155
          0
         28
         67
          0
         18
         96
          0
        110
        121
        109
         42
          0
          0
         83
        255
        179
          0
         94
        129
         33
         96
         76
          0
          0
        106
        162
          0
          0
         92
          0
          0
         65
          0
          0
         88
        185
         45
        240
        120
          0
        154
         70
        139
          9
          0
        140
        255
          0
        119
          0
         24
          0
          0
          0
        122
        138
        141
        143
         93
        216
         31
         52
          0
          0
        255
          0
         52
          0
          0
          0
        232
         66
         91
          0
        159
         23
        255
        218
          0
        255
         22
          0
        180
          0
          0
          0
        255
          0
         69
         25
          0
          0
          0
          0
         72
          9
          0
         23
         68
        232
          0
          0
        219
        183
          0
          0
          0
        132
         44
          0
        255
        255
         15
          0
         91
          3
        195
          0
          0
        191
         86
        143
          0
          7
          0
         20
        128
         25
        255
         56
          0
         25
         19
        160
        255
         24
        151
          0
        172
         95
        229
        226
        175
          0
          0
          0
         97
          0
        156
          6
          0
          0
         23
          4
          0
          0
        171
         43
          0
        255
          0
         41
          0
        226
        186
        231
         40
          0
        110
          0
        115
          3
          5
        116
        162
        163
        148
        255
         18
        136
        255
        127
          0
          0
          0
          0
          0
          0
         49
          0
         97
         58
          0
          0
        151
          0
          0
          0
        228
         71
        148
         21
         90
        166
          0
        134
        118
         89
         38
        255
          0
         93
          3
          0
        229
          0
        117
          0
          0
          0
        141
         47
          0
         85
        193
          0
          0
        207
         16
          0
        125
          0
        104
         62
        111
         99
         41
         86
        255
          0
          0
          5
          0
        114
          0
        167
          0
          0
          0
        117
         91
          0
        208
          0
          0
          0
          0
         75
          0
        180
          0
          0
          0
        168
        109
         97
        174
        195
          0
         70
          0
        104
        228
          0
         81
          0
          0
         17
         85
          0
        130
          0
         32
          0
         93
          0
          0
        224
          0
          0
         55
          0
        220
        228
        132
          0
        160
        190
          8
        161
          0
        107
        255
          0
          0
        255
        102
          0
        234
         75
          0
          0
         90
          3
          0
          0
          0
          0
        128
          2
          0
          0
         60
          0
          0
          0
         34
         22
         63
        136
        160
          0
          0
         76
        177
        237
        161
        255
        105
          0
        255
         82
          7
          0
        217
         40
          0
          0
          4
         39
          0
         93
        255
         69
          0
          0
        157
        241
        124
          0
          0
          0
        154
        111
          0
        255
        116
        255
          0
          0
         29
          0
         93
          0
         54
        148
          0
        165
          0
          0
        190
          0
          0
          0
        250
          0
          0
        110
        104
        157
        255
         42
          0
          0
         63
        158
        242
        255
         55
        255
         83
          0
          0
          3
         10
          0
        236
          0
         63
         94
          0
        115
        144
          0
          0
          0
          0
         22
          0
        153
         61
        161
          0
         80
        162
          0
        166
        128
        255
        128
        227
        118
          0
        255
         45
         81
         12
          0
        240
          0
          0
         83
         11
        223
        132
          0
        191
         48
          0
         72
         69
          0
         99
          0
        138
        131
          0
         56
        118
         84
         14
        105
          7
        178
         85
          0
         47
        165
          0
          0
         88
          0
         27
          0
         98
        209
          0
          0
          0
        181
          0
          0
         40
          0
          0
        185
        255
        185
        176
        176
         91
         63
          0
        103
        251
          0
        161
         16
        170
         66
          0
          0
         59
          0
        150
          0
          0
        248
          0
          0
          0
        234
          0
          0
          0
          0
        101
        194
          0
          0
         38
          0
        102
         87
          0
        211
          0
          0
          2
        201
         61
        133
          0
        214
          0
          0
          0
        167
         20
        251
        211
         55
        178
        168
        255
        146
          0
         54
        107
          0
          0
         38
         85
         56
         61
          8
          0
        120
          0
         81
          0
        255
        175
        115
        128
          0
          0
          0
          0
         52
         73
        172
          0
          0
        190
          0
          0
         64
        100
          0
          0
        167
         13
          0
          0
        146
         57
        146
          0
        112
        255
          0
        164
         77
         84
          0
        255
          0
          0
          0
         80
         97
          0
        255
         20
          0
          0
          0
          0
         59
          0
         37
          0
          0
        255
         84
          0
         80
         57
         80
          0
        171
         92
          0
          0
          0
         27
          0
          0
          0
          0
         88
        243
          0
         20
          0
        147
          0
          0
        255
        255
         92
          0
         35
         77
         88
        255
          0
          0
        152
         69
          8
          0
        244
        255
          0
          0
          0
          0
        116
          0
        253
          0
          0
        116
          0
          0
         50
        129
          0
          0
        251
          0
          0
         78
        207
        255
        164
        121
          0
         85
         84
         67
          4
          0
        140
         52
         38
          0
        135
          0
          0
          0
          0
          0
        189
         45
          0
         26
          0
          0
         18
        199
        255
        255
          0
         80
          0
        255
        153
          0
        173
          0
          0
         24
          0
        253
         30
        255
          0
          0
        177
         54
         94
        255
          0
        211
          0
          0
         56
          0
          0
        209
          0
          0
          0
          0
          0
         90
          0
         52
        201
          0
          0
        169
          0
          0
         48
          0
          0
        105
         54
         76
        199
         67
        104
          0
         50
        195
          0
         11
         56
          0
          0
          0
          0
        202
          0
          0
          0
        148
        108
         45
          0
         30
          0
          0
        176
        116
         30
        103
        189
        255
          0
          0
         70
        108
          0
        183
        150
        140
        186
          0
        150
          0
          0
        208
          0
          0
          0
        255
          0
          0
         70
          0
          0
        160
         91
        114
          0
          0
         18
         76
        230
          0
        181
          0
         98
        141
          0
          0
         35
        196
        124
          0
        107
        115
          0
         40
          4
          0
          0
        255
          0
         35
          0
        189
          0
          0
        111
        148
        129
          0
        184
        255
        132
          0
        119
          0
          0
        147
          0
          0
          0
         15
          0
         38
         94
          0
         92
          0
         92
          0
        160
          0
          0
        135
          0
          0
          0
          0
         79
          0
          0
        189
         11
        127
        132
        255
          0
          0
          0
         51
         86
        255
        118
        124
        140
         21
          0
         97
          0
          0
          0
          0
          0
        255
          0
          0
         29
         14
        115
        255
        189
          0
         73
        179
          0
          0
        214
        255
        255
         90
          0
         73
          0
          0
         51
        255
        155
         76
          0
          0
        255
         93
         94
          0
        145
          0
          0
          3
        219
          0
          0
        143
         40
         68
         16
         28
         86
         36
        140
         25
         61
         99
         95
         38
          0
        152
        101
        255
          0
        110
        165
          0
         79
         35
          0
        130
          0
        255
          0
          0
          0
          0
          0
        255
        111
          0
         96
        168
          0
          0
        122
        205
          0
          0
        255
         68
        109
        125
         25
        247
          0
         85
        174
          0
        213
          0
         61
          0
        153
        255
         27
          0
          0
         93
          0
        252
          0
         64
        122
        132
         34
         71
        114
        146
        111
          0
        109
        123
        166
         70
        140
        194
         91
         23
        129
          0
        132
          0
          0
          0
        234
        134
         84
         91
          0
        186
          0
        255
         54
          0
         80
         31
         22
          0
        191
        143
        128
        167
          0
         88
          0
          0
        241
        178
          0
         67
        105
         36
          0
          0
         33
          0
        103
          0
          0
          0
          0
          2
          0
        255
          0
         98
          0
         57
         91
        134
        202
        220
          0
        136
        255
        168
         16
          0
         43
        176
        101
         20
        127
          0
          0
        169
          0
          0
         54
        255
         62
          0
          0
        178
        173
        255
        166
        149
        204
        148
        116
        131
         20
          0
        132
        123
          0
          0
         73
          0
          0
        172
        122
          0
         14
        207
          0
         90
          0
         86
          0
          0
          0
         51
          0
          0
          0
        104
        160
          0
          0
        138
         72
        195
        106
         84
          0
         49
         23
         56
         22
         68
          0
         79
         22
        156
         69
        214
          0
          0
          0
        143
         48
        255
          0
          0
         27
         71
         78
          0
          0
          0
          0
         85
         20
        253
        136
        100
        255
          0
        243
        108
          0
         87
          0
        245
          0
          0
          0
         15
          0
        167
         74
        161
          0
          0
        118
          0
        121
        100
        171
         95
          0
          0
         80
          8
        116
          0
         62
          0
         23
          0
         94
        131
        159
          0
          0
        183
         81
          0
          0
          1
          0
        169
          0
        171
          0
        255
        121
         15
        127
          0
          0
        217
          0
          0
         98
         63
          0
        201
         49
        160
          0
         34
          0
          0
         27
          0
          0
        222
         99
        106
        100
          0
        213
         16
          0
          0
          0
        255
        170
         74
        120
        148
          0
         59
          0
          0
         26
        160
          8
        237
         75
        255
        255
          0
        255
         82
        163
          0
        107
        241
          0
          0
        160
          0
        255
         61
         67
        127
          0
         16
        122
          0
         70
          0
          0
        255
        123
         83
        146
         38
          0
         38
        171
          0
          0
          0
         26
        132
          0
        255
        221
          0
          0
          0
        167
          0
         81
         20
         16
          0
          0
          0
          6
         63
         51
        124
          0
        232
          0
        142
        133
        103
          0
        156
        149
          0
         92
          0
        255
          0
          0
         34
        177
          0
          0
         33
          0
          0
          0
        147
         11
          0
          0
          0
          0
         36
        121
          0
          0
        170
          0
        148
          0
          0
         22
         78
        136
        225
          0
          0
          0
        178
          0
          0
        201
          0
          0
          0
          0
          0
          0
         45
          0
          0
         75
        255
          0
          0
        155
          0
          0
         62
        141
          0
          0
         33
        147
          0
        111
        238
          0
         90
          0
         14
         75
         21
          0
        138
        155
         99
         95
          0
          0
        189
          0
        127
        249
          0
          0
          0
          0
        255
        142
        255
          0
        125
        161
          0
        174
          0
        223
          0
          0
          0
         60
         85
          0
        120
          0
          0
        158
          0
          0
          0
          0
          0
          0
         17
          0
         22
          0
         66
          0
          0
        170
         66
          0
        174
        102
         34
          0
          0
        232
          0
         35
          0
        108
         42
          0
        160
        157
         70
        146
          0
         19
        137
          0
         44
          0
         17
        180
          0
          0
        125
          0
          0
          0
        187
          0
         49
        167
         38
         51
          0
        176
        125
          0
         52
          2
          0
        168
          0
        241
        112
        111
          0
         63
         26
        252
        138
         18
         89
          0
          0
          0
        197
          0
          0
        125
          8
        129
          0
         57
         73
        118
        179
        214
        255
        164
         85
         64
        135
          0
        178
          0
          9
         12
          0
         69
         66
          0
        203
        136
         19
         31
          0
          0
         43
          0
          0
          0
        181
        187
        108
          0
          0
         31
         29
        248
        119
          0
        188
        255
          0
        112
         86
          0
         90
        107
          0
          0
         92
          0
        204
          0
        111
          0
          0
         78
        140
          0
        107
         85
        255
         73
         87
          4
          0
        153
         98
        255
        255
        210
          0
        100
         87
        139
        255
          0
         80
         64
          3
          0
          9
        209
        181
          0
          0
        178
          0
         85
        121
          0
          0
         75
        255
        133
         64
         64
         56
         21
         73
        252
         68
          0
          0
          0
         67
          0
          0
        168
        145
          0
          0
          4
        158
          0
        199
         21
          0
          0
          0
         68
        124
          0
         68
          0
        160
        124
          0
          9
         54
         12
        102
          0
        103
          0
        122
          0
          0
        118
          7
        153
         76
        109
          0
         60
        155
          0
          0
        103
        144
        184
          0
          0
          0
         35
          0
         76
