          0
          0
        255
          0
          0
         30
        255
          0
          0
          0
        255
         40
        154
          0
          0
          0
          0
          0
        186
         22
          0
          0
        152
        220
          0
          0
         88
          0
          8
         54
          0
          0
          0
          0
          0
          0
          0
          0
        255
          0
        151
        166
        255
          5
          0
        254
          0
          0
        126
          0
          0
         50
          0
          0
        133
         80
         45
          0
          0
          0
         46
          0
          0
         32
          0
          0
        204
          0
          0
          0
        255
        118
        138
         21
        191
         54
          0
          0
        255
        159
        138
          0
          8
          0
          0
          0
        188
          0
          0
         29
        180
          0
          0
        185
        216
          0
          0
         41
          0
          0
          0
         38
        255
          0
          0
         60
          5
          0
          0
          0
        220
          0
        119
        142
          0
          0
          0
        239
        112
          0
        129
        155
         32
          0
          0
          0
          0
          0
          0
          0
        154
        255
         96
          0
        255
          0
          0
          0
          0
          0
          0
         56
        255
        141
         52
          0
          0
          0
          0
          0
          0
        138
          0
         42
         84
        227
        102
        138
          0
          0
          0
        102
          0
        255
         90
          0
        255
          0
        201
          0
        163
          0
          0
         88
        255
          0
        110
          0
         21
          0
         25
          0
          0
        138
          0
         31
        142
          0
        181
          0
        222
         42
          0
          0
          0
          0
         26
        105
         37
          0
          0
        197
        255
          0
         75
         25
        255
        162
        125
          0
          0
          0
          0
          0
          0
         74
          0
          0
          0
          0
         84
        200
          0
          0
         52
         34
        225
          0
          0
        107
          0
          0
          0
          0
        255
         74
          0
        188
          0
         76
          0
        145
          0
         43
          0
          0
          0
          0
        255
          1
          0
          8
        170
          0
          0
          0
        255
         23
          0
          0
          0
          0
          0
         62
          8
          0
        255
          0
        255
          0
        130
        123
         45
         15
          0
        255
        132
        255
        142
          0
         68
        147
          0
         76
         92
        202
          0
          0
        255
         69
          0
          0
        187
          0
        255
        126
          0
        171
        255
          0
          0
        193
          0
          0
         23
         84
         25
          0
          0
          0
        146
          0
          0
          0
         62
          0
          0
          0
          0
          0
        255
          0
          0
          0
          9
          0
        144
          0
          0
         15
        255
          0
          0
        177
          0
        126
         13
         16
          0
        246
          0
        115
        176
          0
          0
        148
          0
          0
        172
          0
         32
        237
        255
          5
          0
          0
        199
          0
          0
          0
         44
          0
         80
          0
        255
        155
        111
          0
         94
          1
        228
          0
          0
        255
        184
          0
         61
         61
         88
        255
         89
        195
        152
        255
         62
          0
          0
         28
         31
          6
          0
          0
        104
          0
        167
          0
          0
        255
         67
          0
          0
          3
          0
          0
          0
        143
          0
         45
         10
        154
          0
        255
         46
          0
        238
        255
         55
        105
          0
          0
        100
          0
          0
        255
        154
         20
        103
          0
          0
        255
          0
        137
        201
         28
          0
          0
          0
          0
          0
          0
          0
         16
        102
          0
        179
          0
          0
          0
          0
          0
          0
          0
         20
          0
          0
        184
        135
         57
        151
          0
        255
         49
          0
        168
        103
         31
          0
          0
         37
        255
        229
          0
          0
        101
          0
        166
         14
        100
        222
          0
          0
        169
        205
         80
          0
        155
        255
          0
          0
        255
          0
          0
          0
        183
          0
         84
        131
          5
         61
         75
         47
         27
         25
          0
          0
        112
          0
          0
         52
        137
          0
          0
          0
        140
          0
          0
          0
          0
        255
          0
        193
          0
          0
         50
          0
        115
        200
          0
        111
          0
          0
         36
          0
        255
          0
          0
          0
          0
          0
        182
        129
         12
          0
        255
          0
         44
          0
          0
          0
          0
          0
        137
         22
        245
          0
          0
          0
        107
         20
          0
          0
          9
          0
          0
        165
          0
        146
          0
          0
          0
         36
        131
          0
        161
        193
        219
        122
          0
          0
          0
        149
         11
        115
          0
          0
        181
        211
         43
          0
        176
          0
         75
          0
          0
        214
        226
          0
        255
        136
          0
          0
        214
         70
          0
        137
          0
          0
         19
          0
         23
          0
          0
         19
          0
        174
          0
          0
          0
        255
          0
          0
         59
          0
         44
          0
          0
          0
        241
          0
          0
          0
          0
          0
        156
          0
          0
          0
         31
        100
          0
          0
         25
          0
          0
          0
          0
          0
        149
          0
          0
        255
          0
          0
        253
          0
          0
          0
          0
         56
         48
          0
        200
          0
        132
          0
         34
          0
          1
        176
          0
        129
          0
          0
          0
          0
          0
         93
          0
        255
        205
          0
        255
        218
          0
        242
        249
          0
        115
        197
          0
          0
        255
        168
         52
        182
          0
          0
         48
         97
          0
          0
          0
        123
          0
        255
          0
          0
          0
          0
          0
        255
          0
          0
          0
        250
         95
          0
         52
        255
         36
          0
         62
          9
        212
          0
          0
         90
          0
         66
        183
          1
          0
          0
          0
         87
          0
          0
          0
         17
          0
          0
        194
        255
         20
          0
        255
         89
          0
          0
        230
          0
        139
          0
         80
          0
          0
          0
         29
         96
          0
        255
        119
         83
          0
          0
          8
          0
          0
        255
        126
         17
          0
          0
        249
          0
        161
        130
        255
          0
          0
          0
        151
        122
        148
          0
          0
        194
          0
         50
        255
        164
          0
          0
        186
          0
         85
         17
        171
          0
          0
          0
          0
        202
          0
        231
          0
          0
         46
         80
        126
          0
          0
          0
         44
          0
          0
        121
          4
        195
          0
          0
        255
        232
          0
          0
        170
         43
          0
         24
         68
        119
        255
        255
         82
          0
          0
          0
          0
          0
          0
          0
        255
          0
          0
          0
         72
         88
         11
         11
         32
          0
          0
          0
        104
         31
          0
          0
          0
        107
          0
         64
         91
        162
          0
          0
          0
          0
          0
        255
          0
          0
        182
          0
          0
          0
        192
          0
          0
          0
          4
         62
          4
          0
          0
          0
          0
        100
          7
          0
        144
        127
          0
          0
          0
        169
          0
          0
          0
          0
          0
         11
          0
          0
        249
          0
          0
          0
          0
        156
        134
        216
         18
          0
         38
          0
          0
          0
        138
          0
         15
        255
        202
        131
          0
          0
          3
         76
        255
          0
          0
          0
        153
        115
          0
        255
         21
          0
        213
          0
         17
          0
        249
        255
        101
        187
          0
          0
          0
          0
        181
        207
          0
          0
          0
        154
         22
        123
          0
         99
          0
        255
         78
          0
          0
        193
        211
          0
         61
          0
         82
         92
          0
          0
        167
        104
         15
        107
          0
          0
          0
          0
         37
        111
          0
          0
        221
         51
          0
        104
        172
          0
          0
        197
         29
          0
          0
          0
        251
        255
        100
          0
        255
        145
        181
        255
         77
        254
        147
        100
          0
          0
         80
         74
          0
        186
         60
          0
        110
          0
          0
         41
          0
          0
          0
        255
        100
          0
          0
          0
          0
          0
          0
          0
          0
        182
         87
          0
        255
        255
          0
        162
          0
        204
         11
         19
        255
         98
          0
        255
         63
          0
          0
          0
         37
          0
          0
        255
          0
          0
          0
        198
          0
        255
          0
          0
          0
          0
          0
          0
        255
        179
         40
        145
          0
         38
          0
        143
          0
          0
          0
          0
          0
          0
        255
         36
        186
        231
          0
          0
         10
        143
          0
          0
          0
        255
        148
          0
         93
         36
          0
        255
        155
        145
          0
          2
          0
          0
          0
          0
        255
        141
          0
          0
          0
         78
          0
         58
          0
          0
        255
        255
        182
          0
        255
        160
          0
          0
        252
         15
        179
          0
          0
          0
        123
          0
          0
          0
          0
          0
        250
          0
        255
          0
        101
          0
         52
          0
          0
          0
          0
        217
          0
        117
         69
        255
        255
          0
         93
          0
        255
          0
          0
          0
         74
          0
        255
          0
        147
          0
          0
          0
        248
          0
         16
          0
          2
        255
          0
         42
        255
          0
        174
        201
          0
        255
          0
          0
         15
        172
          0
          0
          0
          0
        110
          0
          0
          0
        109
          0
         22
          0
          0
          0
        186
          0
         33
        183
          0
          0
          0
          0
          0
         27
          0
        120
          0
        255
         39
          0
         54
          0
          0
        221
          0
          0
        255
          0
          0
        255
        127
         10
          0
         94
         72
        181
        255
        195
        135
          0
          0
          0
          0
        142
          0
          0
        179
          0
          0
        167
          0
          0
          0
          0
         31
          0
          0
          0
        255
          0
          0
          0
        207
          0
        157
        105
          0
          0
          0
        136
          0
        182
          0
          0
         24
          0
          0
        108
         26
          0
          0
        255
        100
          0
        127
          0
          0
        255
          0
         35
          0
          0
         94
         32
          0
        149
          0
        187
          4
          0
          0
          0
          0
         47
          0
        200
        164
        102
        114
         17
          0
        234
        255
        255
          0
         60
        125
         30
          0
          0
         84
        109
        255
          0
        157
          0
         73
        191
         90
          0
         16
          8
          0
          0
          0
        113
          0
          0
          0
         82
          0
         24
          0
         78
          0
          0
        128
          0
        110
          0
          0
          0
          1
         52
         17
         35
         84
        242
        182
          0
          0
        151
          0
          0
          0
          0
          0
          0
          0
          0
        114
        181
          2
          0
          7
        161
         34
          0
          0
        239
          0
         58
          0
          0
          0
        114
          0
        178
        129
          0
         90
          0
          0
          0
          2
        187
          0
          0
          0
          0
        168
          0
          0
          0
         23
          0
          0
        215
          0
        255
          0
          0
          0
        151
         65
        255
         93
        106
          0
        109
          0
          0
        117
        255
        102
          0
         37
        148
          0
        180
          0
          0
          0
         36
        218
         39
          0
        179
        101
        235
          0
        255
          0
          0
          0
         57
          0
          0
          0
        175
          0
          0
        162
        150
          5
          0
          0
        172
         68
          0
          0
          0
        208
          0
          0
          0
        116
          0
        255
        125
          0
        192
          0
        255
          0
         34
          0
         14
          0
        144
        121
          0
        255
          0
          0
          0
        187
        255
          0
         89
        153
          0
          0
          0
          0
        183
          0
          0
          0
          0
        255
         50
        142
        145
        251
          0
         53
          0
         23
          0
         49
          0
        238
          0
        255
          0
          0
          0
          0
         22
          0
        192
          0
          0
         86
         75
        125
          0
          0
        255
         49
          0
        151
         51
          0
          0
          0
        180
          0
        255
          0
          0
          0
          0
         23
         49
          0
         26
         26
         68
        224
         47
          0
          0
         19
          0
         17
          0
        220
        141
          0
          0
        148
        159
          0
          0
          0
          0
          0
          0
          0
          0
          0
        255
         29
          0
          0
          0
          0
          0
          0
        190
          0
          0
         24
        180
         52
          0
          0
          0
          0
          0
        217
          0
          0
        103
          0
        116
          0
          0
        255
          0
          0
          0
        120
          0
          0
          0
        172
          0
         14
          0
         83
          1
         60
        176
         72
        167
          0
          0
          0
          0
         29
          0
          0
          0
         18
         87
         48
        166
          0
        135
          0
          0
         98
          3
          0
         56
          0
          0
          0
          0
          0
          0
         10
          0
        185
        255
         67
          9
          0
          0
          0
         22
        255
          0
        187
         18
        151
        101
          0
        141
        210
         76
          0
          0
          0
          0
        255
         78
          0
          0
        167
          0
          0
        255
        108
        255
        132
        255
         68
        104
         88
          0
          0
          0
         89
        110
          0
        255
        195
         68
        255
        111
          0
        110
          0
          0
          0
         13
          0
         73
          0
          0
        169
          0
          0
          0
          0
          0
        255
        255
         15
          0
          4
          0
          0
        149
          0
          0
          0
          0
        169
          0
          0
          0
        167
        119
          0
        255
         96
        241
          0
          3
          0
          0
        184
          0
        198
        116
          0
          0
        255
        255
          0
        124
         46
          0
        255
          0
          0
        188
        204
          6
         89
         73
          0
          0
          0
        171
          0
        174
         32
        255
          0
          0
        126
        255
          0
          0
        255
          0
        187
        246
        225
          0
          0
          0
        106
         67
         43
         25
        192
        116
         22
          0
          0
        145
          0
         77
          0
          0
          0
          0
          0
          0
          0
          0
          0
        137
          0
         51
          0
          0
          0
          0
          0
        255
          0
          0
         53
          5
          0
          0
        255
          0
          0
        103
        143
          5
         12
         21
        197
          0
          0
          0
          0
          0
        255
          0
          0
          0
        149
         92
         13
          0
          0
          0
          0
          0
          0
          0
          0
         58
          0
         52
        221
        158
          0
        179
          0
          0
        131
          0
          0
          0
          0
          0
        208
          0
        255
          0
          0
          0
        205
         86
          0
          0
        138
          0
        255
          0
         19
        163
          0
          0
          0
          0
        255
          0
          0
         24
          4
          0
         26
          0
          0
          0
          0
          0
          0
          0
          0
          0
          0
        255
         76
         67
        255
          0
          0
        255
          0
        255
          0
          0
          2
         11
          0
          0
          0
        147
          0
         55
          0
          0
          0
          0
        178
         40
          0
          0
          0
          0
         60
          0
          0
          0
          0
        104
          0
          0
         51
          0
          4
        255
          0
         38
          0
          0
          0
         18
        192
        121
          0
        212
        199
          0
          0
          0
        114
         51
          0
          0
          0
         57
          0
          0
          0
          0
        135
         73
          0
        255
          0
         58
          4
          0
         24
        112
          0
         56
          0
          0
          0
        248
          0
        187
        220
          9
          0
          0
         88
          0
          0
          0
          0
        255
          0
          0
          0
        255
          0
        200
        156
        233
          0
          0
          0
          0
          0
         72
         15
         20
          0
          0
        207
          0
          0
        119
        157
          0
         95
          0
         82
          0
          0
          0
         36
          0
          0
          0
         12
        255
        255
        100
          0
        194
          0
          0
          0
          0
        124
          0
          0
         70
        136
         85
        255
        199
         13
        255
          0
          0
        184
          0
        162
         80
          0
