         36
          0
          0
          0
         79
         75
          0
         84
          0
        151
        188
        230
          0
          0
          0
        255
          0
        134
          0
          0
          0
          0
        234
          0
          0
          0
          0
        109
        255
          0
          0
          0
         56
        238
        149
          0
          0
         64
          0
          0
          0
          0
          0
        110
          0
         13
          0
         54
         45
         19
          0
          0
         55
          0
          9
          0
          0
         36
          8
         99
         20
          0
          0
        255
        113
         79
         54
        228
          0
        108
          0
          0
          0
        108
        192
        150
          0
          0
          0
          0
         61
        163
          0
          0
          0
          4
          0
        255
         30
          0
          0
          0
          0
        123
          0
         52
          0
          0
         57
          0
         48
         18
          0
          0
          0
          0
          0
        190
          0
        133
          0
          0
        110
        250
          1
          9
         36
          0
          0
          0
        105
         84
          0
         36
        255
        255
         36
          0
          0
        255
         19
          0
         94
          0
          0
        130
          0
        255
        151
          0
          0
          0
         27
         99
        174
        255
          0
        255
        255
         20
        217
         98
          0
          0
          0
         30
        255
          0
          0
          0
        109
        219
         69
          0
          0
        209
          0
         44
        115
          0
          0
         22
          0
          0
          0
          0
         53
         97
        100
        126
         22
          0
          0
          0
          0
        103
          0
          0
        255
          0
          0
        141
        119
          0
          0
          0
          0
        236
          0
          0
        190
          0
        168
          0
          0
         64
          0
          0
        115
          0
        176
          0
         81
          0
          0
          0
          0
         87
          0
          0
         87
          0
        121
          0
          0
          0
        123
        203
          7
         15
          0
        148
          0
        255
          0
          0
        255
         87
          0
        255
          0
          0
          0
        227
          0
          0
        163
          0
          0
          8
         35
         19
          0
        255
          0
          0
          0
        255
          0
        184
         45
          0
          0
        136
          0
        255
        171
          0
          0
          0
         96
          0
          0
          0
        136
          0
        186
         25
        207
          3
          0
        108
          0
          0
          0
          0
         26
         49
          0
          0
          0
         80
         58
        108
         16
          0
          0
          0
          0
        145
        151
          0
        128
        255
        155
        135
          0
          0
        255
          0
          0
          0
          0
          0
          0
          0
        195
          0
          0
         72
          0
          0
          0
          0
         57
        152
        121
          0
          7
          0
          0
          0
          0
          0
          0
          0
          0
         25
        255
          0
        141
          0
          0
          0
          0
          0
          0
          0
         44
        255
          0
          0
          0
          0
         74
          0
          1
          0
        142
          0
          4
        255
        195
          0
          0
        117
        154
          0
          0
         90
         41
        114
          0
          0
        215
          0
         30
         33
          0
          0
          0
          0
          0
          0
          0
          0
          0
         96
         18
          0
          0
         80
          0
        255
         25
        117
          0
          0
         90
         37
          0
          0
          0
          0
        118
          0
          0
        255
          0
          0
          0
          0
         85
          0
         64
         27
         98
        223
          0
         22
         20
        248
          0
          2
          0
          0
         44
        183
          0
          0
          0
        113
          0
        255
        255
          0
        132
         84
         62
        255
         39
          0
          0
          0
         34
        251
        168
          0
        172
          0
          0
          0
          0
        183
         56
          0
          4
          0
          0
        136
         27
          0
          0
          0
          0
          0
        112
          0
        186
        132
         99
        255
         24
          0
         43
          0
        118
        255
          0
          0
          0
          0
          0
          0
          0
          0
          0
          0
         12
          0
          0
          0
        255
        103
          0
          0
          0
          0
          0
         79
          0
          0
        103
          0
         26
          8
          0
          0
          0
          0
          0
          0
