          0
          0
          0
          0
        255
          0
         70
         64
          0
          0
          0
          0
        127
          0
        255
         24
        152
          0
          0
          0
         29
         38
          0
        255
        152
          0
          0
          0
          0
          0
         37
          0
          0
          0
        255
          0
        121
          0
         46
         43
          0
          0
          0
          0
         66
          9
          0
          0
         26
          0
          0
          0
          0
          0
         76
        255
         84
          0
        147
          0
          0
          0
         78
        164
          0
          4
        255
          0
          0
          0
         59
        251
        143
          0
         74
          0
         31
         24
        140
          0
          0
          0
         66
          0
        114
          0
         81
        158
          0
        255
          0
          0
          0
          0
         78
          0
          0
          0
          0
          0
          0
         12
          0
        120
          0
          0
         59
          0
         74
          0
          0
          0
         75
          0
          0
          0
          0
          0
          0
          0
         90
          0
          0
          0
        255
          0
          0
        137
         17
         85
        176
         15
          0
          0
         39
        228
          0
         51
         72
          0
        106
         35
        152
         80
          5
         46
          0
          0
         34
          0
        160
        255
         39
          0
          0
          0
        126
          0
        127
        184
          0
          0
        255
         75
          0
         12
          0
         74
          0
          0
          0
        105
         70
          0
          0
         62
          0
          0
        106
          0
         79
          0
          0
          0
         75
          0
          0
          0
          4
          0
          0
        171
         84
          0
        255
          0
          0
          0
         71
         89
          0
          0
         33
          0
         95
         54
        191
          0
         70
        255
          0
          6
        108
        191
         10
         77
        166
          0
          0
          0
        138
          0
          0
        102
          0
          0
        248
        124
          0
         44
          0
        216
          0
          0
         38
        249
          0
         57
          0
         42
          0
          0
         56
          0
        160
          0
        103
          0
        196
          0
        136
          0
        126
          0
         84
          0
        112
          0
        255
          0
          0
          0
          0
        210
          0
         43
          0
        111
          0
        114
        255
         21
          0
        187
          0
          0
        250
          0
          0
        255
          0
          0
          0
        249
        255
          0
        106
          0
          0
          0
          0
          0
          7
          0
        107
         61
         23
        193
          0
        179
         75
          0
          0
          0
          0
          0
         38
          0
         91
          0
          0
          0
        173
         74
          0
        171
          0
          0
          0
          0
          0
          0
        255
          0
          0
          0
          0
         80
         71
         79
          0
        120
         76
          0
          0
          0
          0
          0
          0
          0
          0
         13
          0
          0
         39
         47
          0
          0
          0
          0
         35
          0
          0
          0
        244
          0
          0
          0
          0
          0
          0
          0
         43
         34
          0
          0
          0
          0
          0
          0
         76
        156
        143
          0
        120
        255
          0
          0
          0
        215
          0
          0
          0
        185
        190
          0
          0
          0
        120
        255
          0
        183
          0
          0
         58
          0
          0
          0
          0
        154
          0
          0
         24
          0
        254
        158
        242
          0
          0
          0
         77
          9
        248
          2
          0
        219
        242
          0
        255
          0
         84
          0
          0
         39
        100
        104
          0
          0
        199
          0
          0
          0
          0
          0
         27
          0
        229
          0
        213
          0
          0
          0
          0
          0
         10
          0
        141
          0
          0
          0
        255
          0
          0
        255
          0
          0
         73
        115
          7
        248
          0
          0
          0
          0
         90
        255
          0
        139
          0
         91
         93
        246
          0
          0
        117
          0
          0
          0
        166
          0
          0
          0
        224
        161
        204
        255
        112
          0
          0
          0
         43
          0
          0
          0
          0
          0
          0
        102
          0
          0
        178
          0
        244
          0
        153
        255
          0
         21
          0
          0
        184
          3
         19
          0
        255
          0
        208
          0
          0
         58
        142
         66
          0
        242
        158
          0
          0
          0
          0
          0
         95
          0
        236
          0
        200
          0
          0
          0
          0
          0
        255
          0
         79
          0
          0
          0
         35
          0
         22
        255
          0
          0
          0
          0
          0
          0
          0
          0
          0
          0
          0
        233
         80
        206
        255
          0
          0
          0
         12
          0
          0
          0
          0
          0
         81
        225
          0
        174
          0
          0
          0
          0
         28
        143
        121
        215
          0
        195
        101
         36
        224
          0
          0
         85
          0
          0
          0
          0
        219
          0
         12
         31
          0
          0
          0
          0
        198
          0
        219
          0
         12
          0
          0
        255
          8
        196
        121
         90
         26
          0
        195
          0
        255
         67
          0
        112
          0
         68
        233
          0
          0
        255
        103
          0
          0
          0
        107
          0
          0
        158
         93
          0
        255
        162
          0
          0
          0
        237
          0
        205
         21
          0
          0
          0
          4
         39
          0
        255
          0
        130
        207
        122
          0
        255
          0
          0
        107
          0
          0
          0
         74
        240
          0
          0
        255
         94
         66
        255
          0
         89
        149
          0
          0
        200
          0
         30
          0
          0
        111
        226
          0
          0
        100
        128
          0
        255
          0
          0
          0
        207
        229
          0
        144
          0
        224
          0
        166
          0
          0
        255
          0
          0
         94
          0
          0
          0
        147
          0
         92
          0
          0
         25
          0
          0
        137
        134
          0
        255
        196
        238
          0
          0
         12
          0
          5
        208
          0
         41
        255
        112
          0
         18
          0
        175
          6
          0
          0
          0
          0
         58
          0
          0
        223
          0
         35
          0
         11
        191
         77
          0
        154
          0
          5
         78
        225
        179
        135
          4
          0
          0
        255
        143
          0
        157
          0
          0
        136
         79
          0
        247
        119
          0
        154
          0
          0
        255
          0
         41
        172
        123
          0
          0
          0
          0
          0
          0
          0
         93
          0
          0
          0
          0
        255
          0
         62
         93
          1
         72
          0
          0
          0
        240
          0
          0
        157
        188
        100
        109
          0
          0
        175
          0
         77
        121
          0
        255
          0
        105
          0
          0
        121
          0
        197
          0
          0
        120
          0
        255
        108
          0
          0
        187
          0
        114
        201
          0
          0
        136
          0
        152
          0
          0
        227
          0
          0
          0
        160
         65
        139
         83
         31
          0
         61
          0
        188
          0
        255
          0
          0
        255
          0
         20
          0
         96
          0
          0
          0
          0
          0
        117
          0
        173
          0
          0
          0
         82
          0
          0
          0
          0
          0
          0
          0
         77
        181
          0
          0
        137
          0
          0
          0
          0
          0
        228
        151
        219
         72
          0
          0
         96
          0
        201
         85
          0
          0
          0
          0
         99
         59
        255
          0
          0
         67
        185
          0
         42
          1
          0
        141
         76
          0
          0
         78
          0
          0
         83
         57
          0
         17
          9
          0
          0
          0
          0
          0
          0
          0
          0
          0
        105
          0
         20
          0
          0
         90
          0
         52
          0
        204
          0
         11
          0
         85
          0
         64
          0
          0
          0
          0
        165
         51
          0
         75
          0
          0
        147
          0
          0
          0
          0
        255
          0
         84
          0
        155
          0
        135
          0
          0
          0
        155
          0
         72
          0
          0
        140
          0
        199
          0
          0
         31
          3
          0
         76
          0
          0
          0
        205
          0
          0
         36
          0
          0
          0
          0
        255
          0
        251
          0
         46
          0
          0
         23
          0
         77
          0
        255
          0
        255
        255
         67
         85
          0
          0
         66
          0
         25
          0
          0
         26
          0
          0
          0
          0
          0
        170
          0
          0
          0
          0
          0
          0
        255
         30
          0
          0
          0
          0
          0
          0
        106
          0
          5
        179
        129
         24
          0
        227
          0
        113
          0
          0
          0
          0
          0
          0
         58
        163
          0
          0
          0
        214
          0
          0
        238
          0
        115
        225
          0
         16
          6
         25
          0
        255
          0
          0
         89
         68
         58
        178
        155
          0
          0
          0
          0
          0
          0
          0
         52
          0
          0
          0
        167
          0
        142
          0
          0
          0
        164
          0
          0
         87
        255
          0
          0
        240
          0
         22
        154
          0
         60
        125
          0
          0
          0
        199
          0
          0
          0
          0
          0
          0
          0
        255
        150
          0
          0
          0
         73
          0
        166
          0
        217
          0
          0
        172
          0
          0
          0
          0
        161
          0
          0
          0
          0
         22
          0
          0
          0
         29
          0
          0
          0
          0
          0
         29
          0
          0
          0
          0
          0
         34
         38
          0
          0
          0
          0
          0
        130
          0
          0
        119
          0
        169
         85
          0
          0
          0
          0
          0
          0
        124
         29
        218
         42
          0
          8
          0
          0
          0
          0
          0
          0
        135
        140
        148
          0
          0
        255
         18
        116
        255
          0
          0
          0
          0
          0
        180
        154
        102
        101
          0
          0
          0
         64
          0
          0
         82
        255
          0
          0
          0
          0
          0
          0
         93
         82
        189
         52
          0
        255
        162
        145
        255
          0
         72
          5
        213
          0
          0
          0
          0
          0
          0
          0
         73
          0
          0
         22
         59
        255
          0
        220
        187
          0
         98
         47
          0
        137
          0
          0
          5
        255
        121
        134
          0
         44
          0
        154
        146
         84
          0
          1
          0
          0
          0
          0
        175
          0
          0
          0
          0
         30
        255
        127
          0
          0
          0
          0
        102
        190
          0
          0
          0
         31
          0
         89
        227
         80
        138
          0
          1
          0
        195
          0
         40
          0
          0
         48
        255
         18
         26
          0
         76
          0
         60
          0
          0
          0
         88
          0
          0
         38
        171
          0
          0
          0
          4
          0
        255
          0
          0
          0
          0
          0
          0
          0
          0
          0
          0
          4
        145
          0
          0
          0
        186
          0
          0
        201
          0
         35
          0
          0
          0
        192
        248
         67
          0
        255
          0
          0
        255
          0
        123
         72
          0
         49
         85
         45
         70
          0
        201
          0
        155
          0
         43
        255
          0
        129
        255
        121
         16
          0
          0
          0
        178
         10
        176
        255
          0
        255
         78
          0
          0
          3
        204
        157
         18
         49
          0
          0
          0
        117
          0
        162
         34
          0
         20
          0
          0
         36
        255
          0
          0
          0
          8
        255
          0
          0
          0
        239
         87
          0
        179
        255
        255
          0
         20
        142
          0
         51
          0
          0
          0
          0
          0
          0
          0
          0
          0
          0
          0
          0
         52
          0
          0
          0
          0
          5
         32
        113
        110
          0
         12
         54
          0
          0
        255
         11
        134
         54
          0
          0
        225
        151
          0
        201
        191
        213
          0
         17
        193
          0
         52
         70
          0
          0
          0
          0
          0
          0
          0
        111
          0
          0
          0
        255
        177
          0
        155
        114
          0
         20
          0
          0
          0
         89
         11
          0
         18
          0
          0
          0
          0
         15
         85
        210
          0
          0
        255
        109
        126
        149
          0
         22
          0
         56
          0
          0
        184
          0
        184
          0
         64
          0
          0
          0
          0
          0
          0
        255
          0
          0
         25
          0
          0
          0
          0
        115
        233
         71
          0
          0
          0
          2
          0
        121
          0
         59
          0
          0
          0
         80
        255
          0
        190
          0
          0
         84
          0
          0
          0
          0
          0
          0
          0
          0
          0
        213
          0
        143
        255
          0
          0
         46
          0
        169
         18
        125
          0
          0
          0
          0
         62
          0
         67
          0
         44
          0
        132
         70
        147
        182
          0
          0
          0
         24
          0
          0
         19
          0
          0
          0
         41
        192
          0
          0
          0
          0
          0
          0
        206
        122
          0
        255
          0
         15
        255
          0
        154
          0
          0
         79
        183
        164
        129
        124
          0
          0
          0
          9
          0
        255
          0
        223
        173
        175
          0
          0
          0
          0
          0
        201
          0
          3
          0
        255
          0
          0
        255
         47
        126
         35
          0
         79
          0
          0
          0
          0
          0
          0
          0
         76
          0
        198
          0
          0
        255
         50
          0
          0
          0
          0
        176
          0
          0
          0
          0
         63
        101
          0
        231
          0
        205
          0
        116
         40
          0
         88
          0
          0
        213
         28
        142
          0
         71
        231
          0
          0
        255
          0
          0
         42
          0
          0
        144
          0
          0
          0
          0
         69
        163
          1
        255
          0
          0
          0
          0
         58
          0
        193
        107
          0
          0
          0
         31
          0
          0
          0
        190
          0
         93
          0
          0
          0
        168
          0
          0
         36
          0
         44
         37
         36
        147
          0
        215
         21
        212
         13
          0
         74
         45
         38
          0
          0
        174
          0
         81
          0
          0
         77
          0
        192
          0
          0
          0
          0
          0
          0
          0
         68
          0
         82
          4
        255
        153
        174
          0
          0
          0
          0
          0
          0
        122
        171
         89
          0
          0
         46
          0
          0
         71
          0
        138
        221
          0
         58
          0
          0
          0
          0
        132
        115
          0
        140
          0
          0
          0
          0
          0
          0
          0
          0
         40
          0
         94
          0
        125
          0
          0
          0
         64
          0
          0
          0
        155
          0
          0
          0
        255
          0
          0
         38
         73
        152
          4
         94
          0
        255
          0
         13
        255
          0
          0
          0
          0
          0
         32
          0
          0
          0
          0
          0
         91
          0
         44
          0
          0
         73
          0
        105
          0
          0
         57
          0
         56
         94
         34
         37
         33
          0
          0
          0
          0
          0
          0
          1
          0
          0
          0
        172
          0
          0
          0
          0
        166
         54
          0
          0
          1
          0
          0
        127
          0
          0
          0
          0
          0
        188
         43
        220
         52
          0
          0
          0
          0
         97
         38
        126
         78
          0
          0
        190
          0
        255
          0
         56
        130
          0
          0
        148
          0
        255
          0
         91
          0
          0
          0
          0
         53
        132
         57
        255
          0
          0
          0
        107
          0
          0
          0
         35
          0
          0
        139
        150
        132
        255
          0
          0
          0
          0
          0
          0
          0
          0
        255
          0
        147
          0
         50
        255
         46
          3
         64
         77
          0
          0
         86
         72
          0
         28
          0
          0
          0
         11
        154
          2
          0
          0
         56
          0
         24
          0
        150
        229
          0
          0
          0
          0
          0
          0
          0
          0
         74
         49
         29
        151
          0
          0
          0
          0
        255
         85
        186
         25
         82
          0
        232
          0
          0
          0
        100
          0
          0
          0
          0
          0
         52
          0
        255
          0
         92
        156
         19
          0
         93
          0
         38
