        234
         36
         38
        149
        162
        109
         55
        190
        222
        218
        142
         50
        150
        203
        184
         13
         63
        136
        198
        131
         18
        131
        173
         78
         64
        222
        253
        215
        214
         52
         87
         13
        204
         94
        250
         78
        145
        132
        251
        129
        193
        247
        109
         22
         15
        217
         18
         64
        123
        144
         28
        104
        217
        181
         29
          9
        187
         65
        159
         43
        166
         97
         36
        105
        193
        161
         13
          9
         35
         39
        105
         94
         46
        189
        168
         36
        214
         78
         49
        112
        169
        254
         77
        200
        224
        205
         40
         40
         94
         97
        111
         55
        202
         57
         68
        247
         40
        248
         68
        101
        172
        204
        143
        172
        218
        221
         20
         75
        166
        174
         86
         98
        131
        203
        128
        146
        227
        113
        245
        138
        218
        190
        143
        218
         52
        188
         26
         29
        194
        168
         68
        198
         12
        107
        103
        221
        144
        121
         27
        212
         82
         13
        208
        225
        161
        170
         99
        195
        156
        131
        124
        188
         70
        124
         49
         71
        227
         42
         40
         83
         75
        140
         51
        176
        203
        118
        128
         22
        213
        243
        196
         22
        105
        205
         33
         25
         45
        232
         87
        102
        242
        126
        121
         61
        139
         14
        150
        162
        179
        116
         17
          9
        185
        187
        197
        195
         51
        191
        231
        220
         29
        209
        186
        192
        130
        188
        222
        123
        247
        250
         24
          6
        104
         15
        202
        126
        201
         37
          1
         10
        143
        150
        189
         49
        106
         72
         45
        253
        123
        155
         12
        125
         60
        207
         61
         78
        252
        219
        137
          2
         87
         89
        224
         62
        254
        114
         21
         23
         45
         71
        215
         52
         24
        139
         39
        212
        226
        205
         10
          1
         31
         92
         83
        255
        161
         26
        205
         15
        116
        148
        102
         91
        245
        215
         10
          6
          9
         43
        152
        140
        196
        186
        239
        173
        107
          4
        136
        231
        134
        155
         40
        250
         69
         64
         73
        102
        250
        225
        149
         79
        236
         25
        207
        212
         20
        241
        143
        150
         30
        138
        254
        236
        120
        186
         81
        214
         36
        226
         25
        103
         29
         25
        105
        191
         52
        119
         44
        225
        203
        228
        208
         66
         57
        223
         17
        205
        215
         50
        202
        175
        105
         18
        239
         90
        181
         86
        160
        220
        225
        196
         95
         69
        213
        134
        212
        141
        147
        139
         99
         63
        171
        114
        131
        121
        247
        194
        169
        109
        152
        247
         37
         68
         88
        103
        219
         60
        221
        200
        201
        122
        120
        222
        185
        101
         75
         64
        250
        198
        142
         34
         30
        160
        153
        197
         81
        110
         97
         40
        118
         72
         59
         67
         33
        120
         58
        215
         81
         47
         96
         40
          7
         43
        135
         51
         25
         93
        247
        189
        149
         49
        144
         44
        109
        155
        169
         92
        174
         69
        250
        120
        126
         21
        131
        107
        193
        103
         39
         21
         71
         78
        175
        250
         69
        202
         51
         35
        252
        242
         35
         27
        177
        172
        228
        255
        193
         32
        106
         40
         29
         93
        165
        124
         76
        138
         52
          0
        206
        227
        239
        140
         45
         47
        196
        224
        218
        246
        246
         55
         31
        165
         47
         39
        166
        253
        143
         86
        201
         25
         65
          3
         66
         25
        190
        153
        148
         84
         74
        219
         17
        181
         29
        252
        185
        158
        243
        196
        210
         30
        121
         16
        209
         90
        102
        113
         53
         42
        128
        201
        207
         48
        164
        121
        163
         16
         91
        145
        225
        206
        252
        108
        111
         84
        147
        151
         79
        109
        128
        206
        248
        126
        134
        251
        192
         24
         35
        149
         94
         79
        156
         58
         86
        193
        199
         63
         64
         95
        251
        112
        234
         75
        171
        141
        241
         16
        238
         77
        200
         36
        217
        108
        252
         75
        219
        171
        112
         25
        137
         91
        158
         71
        134
        217
        165
        109
        114
         29
         14
         79
         48
         94
        123
        127
         43
         38
         98
        236
        118
        210
        186
        130
         22
        243
        241
         75
         40
        226
        138
          8
         63
        160
         11
        108
        235
        134
        246
        106
         83
        199
        132
        111
        152
        162
        104
        103
         65
        146
        158
        240
        132
        137
         85
          2
        251
        195
        122
        204
        201
        179
        116
        162
         88
         16
        138
        213
        178
         97
         46
         71
         77
        237
         93
         90
        126
        223
         59
         16
        157
        170
        107
        193
        229
        134
        244
        238
         33
         21
         16
        227
        230
         85
        111
        175
        146
        218
         28
        158
         12
        142
        149
        124
        255
         33
        138
        242
         90
         96
        146
        119
        196
         22
         83
         51
        139
         88
        164
        181
        252
         82
         51
        220
        116
         94
        101
        110
         85
         82
        168
         75
        142
         67
        212
        198
         52
        210
        219
        162
        170
         56
        127
        196
        120
        226
         95
        226
        104
         51
         50
        105
        203
        161
         35
         28
        161
         13
        160
         52
         22
        218
         51
        173
         41
         63
        138
         76
         81
        251
         28
        130
        118
         85
        212
         84
         58
         85
        166
        212
        116
         51
        206
        224
        137
          8
         59
        139
         31
         13
        244
        178
        147
        202
        144
         55
        195
         20
         53
         39
        233
         33
         81
         77
        169
         50
        126
        216
        184
        180
        166
        143
          8
         99
        165
        113
        198
        212
        244
         13
         28
         59
          8
        220
         16
        174
        179
        149
         83
        129
         91
         43
         14
        199
        120
         40
         18
        248
        173
        107
        109
        124
        172
        144
        244
        146
        185
        139
         84
        212
        226
        214
         67
         70
         59
        110
        236
         75
        109
        128
        186
         62
        235
        188
        123
        228
        112
        124
        223
        107
        173
        211
        134
         49
        165
         55
        175
        140
        190
         49
        173
        142
        208
        127
        252
        250
         14
          0
        161
        108
        117
        238
        197
        161
         24
        119
        191
        255
        251
        126
        231
        208
        187
         22
         50
        161
        165
         99
        196
        206
         14
        195
        236
        209
        182
         28
        104
         49
         64
        213
        227
        197
        253
        252
          3
          8
        137
        207
        107
        142
        103
        225
          1
        144
         96
         40
         14
        235
         72
        110
         74
        153
         71
        229
        127
         71
        120
        182
        151
        120
        202
        186
        126
        142
        124
        246
        226
         37
        252
        174
        247
        188
        172
         25
        105
        174
        183
        251
        152
        237
        208
        186
        179
        204
         70
         18
        174
         78
        198
        252
         59
        233
        117
         55
        241
        102
         32
        163
         77
         95
        151
          8
         61
         46
        248
        150
         76
         84
        205
        172
         62
        172
         62
         97
         52
         15
         43
        214
         55
        219
         98
         23
         52
        202
        146
        216
        223
          8
          3
        130
         39
        171
         89
        240
        162
        174
        186
         65
        253
         54
        101
        101
        184
        209
        253
        225
         90
        175
        227
        235
        235
         82
         33
        157
        103
         26
         64
         81
        120
         98
        223
        253
        159
        103
        103
        185
        129
         55
        199
        229
         17
        202
        250
         51
        248
         65
        155
         59
         69
        154
        151
         44
        249
        141
         17
         26
        173
        165
         51
        154
        122
         86
         14
        163
        227
        167
         98
        182
         53
         14
        159
        214
        119
        138
         49
         62
        246
         93
        252
         75
         51
        238
          5
        251
         36
        214
         12
        127
          3
        224
         59
          7
         81
        255
         53
         17
        156
         16
        207
        106
         15
        207
         82
        182
        228
         32
         57
        141
        175
        246
         60
         73
         44
        173
         22
         27
        217
         53
         10
        147
        241
        213
         83
        179
          2
        107
        209
         88
         83
         36
        149
         39
        101
        207
        122
         59
         43
         82
          5
        171
        174
         82
        174
         93
        135
        191
         31
        151
          6
        251
        157
        116
         67
        117
         41
         74
        154
        131
        211
        173
         14
         61
        132
        193
         94
         29
         99
        129
         71
         48
         51
         57
          6
          4
         38
         39
         90
         84
        177
        129
        102
        117
        201
        127
        254
        110
        204
        100
         63
         80
        209
         66
         38
        230
        144
        122
        184
        105
        108
        241
        191
         26
        155
        208
        235
        236
         58
        157
         30
        243
          7
         29
        114
        253
         80
         67
         97
          7
        166
         83
        251
        218
         98
        223
        158
        197
         37
        107
        210
         97
        109
        121
        238
        188
        179
        192
         77
        232
         55
        126
        164
         99
        196
        231
        157
         88
         21
         30
         97
         24
         73
        231
         88
        129
        228
        247
          4
         96
        184
         78
        144
         82
         31
        169
        134
        241
        202
         31
        223
         41
        132
         18
         48
        244
        146
         39
         98
        150
        202
         12
         84
         15
        246
         76
         43
        210
        106
         28
        251
        114
        119
         58
         43
        129
        255
         43
        207
        203
        175
        208
        209
        164
         51
        183
         69
        178
        197
        243
         62
        115
         20
        159
        154
        125
        226
        254
        222
        191
        201
        143
        122
        179
         64
        136
         86
        122
        185
        171
        124
         56
         15
        211
        202
        158
         78
        194
        245
        108
          8
        115
        246
         24
        241
         19
         50
         57
        245
         50
        152
         36
         68
        209
        223
        221
        231
          4
        163
        129
        229
        242
        114
         68
         65
        221
        204
         59
        213
        216
        201
          8
         27
        238
        113
        104
          9
        199
         19
        108
         76
         87
         80
          0
        122
        253
        219
         48
        152
        184
          5
        235
         36
        188
        120
         72
        225
         88
        167
        248
        120
        133
        170
         77
        209
         62
         45
         34
        108
        183
        253
         96
         72
        165
        230
         94
        220
        121
        105
        186
        107
        124
         63
        207
        244
        225
        188
        110
         36
        148
        211
        196
        222
         63
         20
        209
        153
         92
        206
         65
        146
        179
         60
        239
         45
        242
         19
        107
        247
        130
         36
         45
         37
        249
        159
        158
        121
         75
        184
         51
        236
        254
        242
        226
        251
        195
        173
        202
         97
         91
        247
        184
        144
        247
        172
        192
         39
        130
        133
        243
        103
        205
        147
         17
         60
         50
        157
        207
        210
        234
        166
        230
         93
        236
        231
        165
        116
        206
         94
        229
         27
        158
         54
        159
         84
         50
         88
        239
         81
         36
        212
         43
        227
         97
        238
        207
        162
        247
         35
        233
        251
        179
         20
         55
         97
        166
        231
        119
         21
        180
          4
        221
        121
         13
         30
        206
        180
         81
        108
         24
        137
        168
        145
         30
        196
         27
        160
        219
        166
         84
        241
         83
        102
         91
        104
         74
         62
        149
        160
        123
        117
         32
         38
        113
        163
         26
        170
        105
         17
         29
         30
        129
         18
        244
         94
        150
        160
        135
        178
        153
         18
        211
        157
        124
        120
        251
        122
        150
         64
        241
        235
        181
        229
         77
        183
        187
         73
        113
        174
         72
        168
        167
        250
        239
         24
        148
        171
        249
        210
         12
        146
        101
         31
         65
          6
        188
        105
        122
        190
        112
         42
          3
         61
        238
        113
        110
         32
        139
        100
          1
         89
        165
        171
        176
        127
        105
         56
        136
        251
        241
         54
        223
        140
        244
         81
         23
        187
        170
        187
         10
        180
        161
          7
        223
        105
        186
        132
         38
        196
        215
        136
        211
        242
         83
          5
         10
         30
         76
         12
        108
         99
        151
         24
         52
         28
         30
        170
        183
        187
         77
        243
         78
        132
        117
         86
        209
         24
        116
          2
         10
        180
         77
        241
        103
         49
        195
        159
         25
         60
        231
         88
        242
         73
         79
        208
         88
         87
        170
        224
         79
         12
        208
          1
        106
        221
        203
        205
         28
        112
        197
        151
         15
         14
        232
         82
        129
        173
        153
        187
         20
        138
        233
        117
         45
        217
        200
        164
         25
         53
        140
         69
        105
        164
         54
         30
        107
         77
         44
        196
         35
         78
        239
        146
          7
          6
        187
        133
        198
        124
         94
         49
        244
        142
        227
         61
        152
         42
        147
        143
        146
        207
        174
        155
         48
          6
         94
        240
        252
         37
         86
         44
         89
        212
        117
         40
        252
        110
        253
        235
        143
         37
        133
        119
        230
        125
        192
         29
         43
        182
        212
        194
         74
         82
        118
        158
         77
        137
        103
        187
        150
        215
         18
        144
         15
        183
        142
        190
         52
         81
         32
         30
        113
         81
        106
        253
        202
        140
        121
        198
        153
        141
         53
        176
        217
         50
        232
         91
          4
        239
         88
        148
        187
        226
        250
         80
        179
        146
        147
         16
        161
        146
        102
        143
        173
         10
         60
         80
        193
        233
         79
         33
        117
        240
        171
        118
         66
         34
        235
         21
        129
        138
        244
        201
        242
        173
        133
        174
        100
        146
        201
        131
        156
        236
        151
         93
        125
        228
        151
         86
         80
        168
         33
         97
         63
        205
          9
        190
        203
         64
        185
          3
         79
          7
        137
        117
         51
        152
         14
        122
        177
         43
         23
        247
        100
         90
         34
        202
        192
        112
        140
         94
        205
         18
         74
         25
        232
         90
         22
        196
        172
        104
          8
        109
        212
          9
         78
         92
        226
         75
        253
         73
         14
         86
         49
        234
         75
        140
         29
         10
        242
        255
        190
         40
        175
        103
        224
        129
        180
        148
        200
         36
        254
        222
        112
         87
         50
        139
        244
        186
        238
        136
        242
        151
         59
         97
        144
        173
        160
         66
         69
        215
          0
        164
        250
         14
         87
         82
         51
         46
        225
        187
         34
         12
         68
        225
         66
         48
        239
         58
        187
        199
        152
         46
        200
         37
        202
        112
        111
        193
         93
        167
         32
         52
        197
         86
        233
        197
         11
         55
         52
        196
        137
        109
         92
        244
        129
        101
        241
         20
        188
        135
         79
        175
         73
        153
        211
         98
         26
        237
        108
        253
        114
        204
        181
         51
        169
         44
         18
        157
        170
        142
        113
         23
         87
        153
         18
        126
         18
         89
        130
        205
        175
         22
         23
          2
        113
        211
        171
         95
         87
        225
         12
         20
         35
         37
         55
         37
        179
        156
        187
         85
        253
         44
         41
        185
          4
          2
        219
        201
        209
        185
        217
        200
         19
        182
         50
        154
        198
         60
        196
        208
        217
         31
        214
        103
        253
         15
        232
        211
         38
         24
        115
        177
         43
         16
        214
        223
         55
         57
        122
         26
        242
        185
          5
         19
        205
         63
         49
        157
        168
        145
        177
         40
         47
          1
         77
        209
         21
         10
        183
        207
        169
        122
         38
        177
         33
          5
        180
         61
         44
        244
        171
        128
        218
        242
        105
        113
          6
        104
         92
         50
        216
        176
         31
        105
        159
        193
          2
         47
         63
        128
        138
         64
         90
        171
        123
        125
         81
         50
        204
         48
        169
         22
        206
        213
        203
         76
        211
        175
         45
         71
         99
        238
        227
         68
        145
        167
          1
        136
        136
         32
         75
        224
         76
         99
        254
          8
         81
        200
          1
         73
         71
         19
         90
        181
        115
        165
         34
        129
         98
         67
        196
        124
        143
        135
        170
         13
        137
        198
        211
        180
         88
        109
         54
        238
        192
        143
         75
        233
        250
         56
        119
         64
         46
         32
         15
        143
         88
        108
         36
        197
        143
         10
         54
         15
        219
        156
        124
        112
         33
         57
         20
         82
        197
        172
        244
         82
        235
        106
        139
        166
        195
        104
         56
        231
        184
        167
         28
         52
        254
        141
        210
         75
         30
        125
         86
        165
        128
          0
        150
        216
         78
        162
        144
         86
         36
         35
         79
         12
        243
         56
        131
        107
        192
         10
        131
        197
        175
         30
         25
        170
        246
         65
         76
        243
        140
         89
         11
        237
        137
        117
         79
         27
         98
         89
        120
         65
        184
        189
         69
        206
        151
        202
         57
        207
         75
         67
        231
        185
        125
        118
        203
        220
        199
        248
        238
        255
        122
        232
        244
         93
        111
        153
        192
        102
        211
        161
        111
        202
        198
        134
        192
        175
        133
         48
        156
        216
         33
         25
        126
        148
        228
         75
         32
        255
         45
        178
          3
        128
        208
        138
        125
         49
        225
        231
          4
        155
        248
        102
        248
        203
        239
        118
        177
        238
         85
        244
         90
        130
         36
        232
         97
         84
         94
        159
        144
        128
         25
        125
         65
        138
        165
         53
        255
         66
         59
         59
        140
         88
        154
        224
        193
        115
        150
        122
        132
        253
        157
        174
        121
        243
        141
        102
          0
        166
         13
          3
        158
         31
        130
         49
        195
         55
         26
        209
        100
        106
        171
        183
         13
         36
         61
        204
         82
        226
         11
         42
        207
        124
         27
         19
        118
        236
        187
        195
        135
         85
        171
        206
        203
        157
         75
        229
         78
        177
        179
        210
         48
        115
          8
         30
        169
        162
         48
        134
        245
        144
        213
        132
         12
        169
        153
        252
        161
        223
        150
        101
         24
         69
         69
         67
         20
        250
        181
         11
         70
        161
        115
        185
        234
         77
        149
         87
         47
         78
         64
        158
        134
         18
        195
        152
        233
         56
         65
        158
        185
        241
        242
        165
         81
        134
         41
         89
         70
         89
         12
        150
        113
        116
        121
        172
        197
        225
        120
         36
        167
        110
        174
         44
         53
        221
        158
        254
        161
        159
        197
        170
        205
        183
        106
          8
        159
        168
         82
        203
        184
         28
          0
          7
          0
          0
          2
          6
          0
          0
          0
          7
          9
          0
          1
          0
         10
          0
         15
          0
          0
          0
          0
          0
          0
          0
          0
          1
          0
          4
          0
          0
          5
         11
         17
         25
          0
         19
          0
          0
         21
          0
          0
         11
          1
          0
          0
          0
          0
          0
          0
          0
          0
          0
          0
          0
          0
          0
         13
         10
          0
          4
          0
          4
          0
         10
          3
          1
         16
         14
          0
          0
          0
         19
         20
          0
          0
         17
          0
          5
         22
          0
          0
          0
          7
          0
          0
          0
          0
          0
          0
          0
          0
          0
         10
          0
          0
          0
          0
          0
          0
          2
         14
          0
          0
         10
         17
          0
          0
         16
         15
          0
          0
          0
          0
          0
         24
          0
          0
         11
          4
          0
          9
         26
         12
          0
          9
          0
          0
         18
          4
          0
         28
         21
         22
          1
          0
         31
         14
         16
          0
          0
         15
          0
          5
          1
          0
          0
         18
          2
          0
          0
         13
         21
          0
          1
          0
          0
         17
          0
          0
          5
          0
          0
          0
          0
          0
          0
          0
          6
          0
          0
          0
          0
          0
          0
         15
         13
          0
          0
          0
          0
         22
          0
          0
          0
         16
          0
          0
         16
          0
          0
          0
          0
          3
          0
          0
         16
          0
          0
          0
          6
          0
         13
          9
          0
         22
          0
          0
          0
          0
          0
          0
          0
         13
          5
         23
          0
          0
         20
          0
          0
          0
          0
          0
          0
          0
          0
          0
          0
          0
          3
          0
          0
          0
         25
         13
          0
          0
          0
         16
          0
          0
         18
          0
          0
         30
          0
         10
          0
          0
          0
          0
          9
         34
         14
          0
         28
          0
          7
          0
          0
          2
          6
          0
          0
          0
          7
          9
          0
          1
          0
         10
          0
         15
          0
          0
          0
          0
          0
          0
          0
          0
          1
          0
          4
          0
          0
          5
         11
         17
         25
          0
         19
          0
          0
         21
          0
          0
         11
          1
          0
          0
          0
          0
          0
          0
          0
          0
          0
          0
          0
          0
          0
         13
         10
          0
          4
          0
          4
          0
         10
          3
          1
         16
         14
          0
          0
          0
         19
         20
          0
          0
         17
          0
          5
         22
          0
          0
          0
          7
          0
          0
          0
          0
          0
          0
          0
          0
          0
         10
          0
          0
          0
          0
          0
          0
          2
         14
          0
          0
         10
         17
          0
          0
         16
         15
          0
          0
          0
          0
          0
         24
          0
          0
         11
          4
          0
          9
         26
         12
          0
          9
          0
          0
         18
          4
          0
         28
         21
         22
          1
          0
         31
         14
         16
          0
          0
         15
          0
          5
          1
          0
          0
         18
          2
          0
          0
         13
         21
          0
          1
          0
          0
         17
          0
          0
          5
          0
          0
          0
          0
          0
          0
          0
          6
          0
          0
          0
          0
          0
          0
         15
         13
          0
          0
          0
          0
         22
          0
          0
          0
         16
          0
          0
         16
          0
          0
          0
          0
          3
          0
          0
         16
          0
          0
          0
          6
          0
         13
          9
          0
         22
          0
          0
          0
          0
          0
          0
          0
         13
          5
         23
          0
          0
         20
          0
          0
          0
          0
          0
          0
          0
          0
          0
          0
          0
          3
          0
          0
          0
         25
         13
          0
          0
          0
         16
          0
          0
         18
          0
          0
         30
          0
         10
          0
          0
          0
          0
          9
         34
         14
          0
         28
          0
          7
          0
          0
          2
          6
          0
          0
          0
          7
          9
          0
          1
          0
         10
          0
         15
          0
          0
          0
          0
          0
          0
          0
          0
          1
          0
          4
          0
          0
          5
         11
         17
         25
          0
         19
          0
          0
         21
          0
          0
         11
          1
          0
          0
          0
          0
          0
          0
          0
          0
          0
          0
          0
          0
          0
         13
         10
          0
          4
          0
          4
          0
         10
          3
          1
         16
         14
          0
          0
          0
         19
         20
          0
          0
         17
          0
          5
         22
          0
          0
          0
          7
          0
          0
          0
          0
          0
          0
          0
          0
          0
         10
          0
          0
          0
          0
          0
          0
          2
         14
          0
          0
         10
         17
          0
          0
         16
         15
          0
          0
          0
          0
          0
         24
          0
          0
         11
          4
          0
          9
         26
         12
          0
          9
          0
          0
         18
          4
          0
         28
         21
         22
          1
          0
         31
         14
         16
          0
          0
         15
          0
          5
          1
          0
          0
         18
          2
          0
          0
         13
         21
          0
          1
          0
          0
         17
          0
          0
          5
          0
          0
          0
          0
          0
          0
          0
          6
          0
          0
          0
          0
          0
          0
         15
         13
          0
          0
          0
          0
         22
          0
          0
          0
         16
          0
          0
         16
          0
          0
          0
          0
          3
          0
          0
         16
          0
          0
          0
          6
          0
         13
          9
          0
         22
          0
          0
          0
          0
          0
          0
          0
         13
          5
         23
          0
          0
         20
          0
          0
          0
          0
          0
          0
          0
          0
          0
          0
          0
          3
          0
          0
          0
         25
         13
          0
          0
          0
         16
          0
          0
         18
          0
          0
         30
          0
         10
          0
          0
          0
          0
          9
         34
         14
          0
         28
          0
          7
          0
          0
          2
          6
          0
          0
          0
          7
          9
          0
          1
          0
         10
          0
         15
          0
          0
          0
          0
          0
          0
          0
          0
          1
          0
          4
          0
          0
          5
         11
         17
         25
          0
         19
          0
          0
         21
          0
          0
         11
          1
          0
          0
          0
          0
          0
          0
          0
          0
          0
          0
          0
          0
          0
         13
         10
          0
          4
          0
          4
          0
         10
          3
          1
         16
         14
          0
          0
          0
         19
         20
          0
          0
         17
          0
          5
         22
          0
          0
          0
          7
          0
          0
          0
          0
          0
          0
          0
          0
          0
         10
          0
          0
          0
          0
          0
          0
          2
         14
          0
          0
         10
         17
          0
          0
         16
         15
          0
          0
          0
          0
          0
         24
          0
          0
         11
          4
          0
          9
         26
         12
          0
          9
          0
          0
         18
          4
          0
         28
         21
         22
          1
          0
         31
         14
         16
          0
          0
         15
          0
          5
          1
          0
          0
         18
          2
          0
          0
         13
         21
          0
          1
          0
          0
         17
          0
          0
          5
          0
          0
          0
          0
          0
          0
          0
          6
          0
          0
          0
          0
          0
          0
         15
         13
          0
          0
          0
          0
         22
          0
          0
          0
         16
          0
          0
         16
          0
          0
          0
          0
          3
          0
          0
         16
          0
          0
          0
          6
          0
         13
          9
          0
         22
          0
          0
          0
          0
          0
          0
          0
         13
          5
         23
          0
          0
         20
          0
          0
          0
          0
          0
          0
          0
          0
          0
          0
          0
          3
          0
          0
          0
         25
         13
          0
          0
          0
         16
          0
          0
         18
          0
          0
         30
          0
         10
          0
          0
          0
          0
          9
         34
         14
          0
         28
          0
          7
          0
          0
          2
          6
          0
          0
          0
          7
          9
          0
          1
          0
         10
          0
         15
          0
          0
          0
          0
          0
          0
          0
          0
          1
          0
          4
          0
          0
          5
         11
         17
         25
          0
         19
          0
          0
         21
          0
          0
         11
          1
          0
          0
          0
          0
          0
          0
          0
          0
          0
          0
          0
          0
          0
         13
         10
          0
          4
          0
          4
          0
         10
          3
          1
         16
         14
          0
          0
          0
         19
         20
          0
          0
         17
          0
          5
         22
          0
          0
          0
          7
          0
          0
          0
          0
          0
          0
          0
          0
          0
         10
          0
          0
          0
          0
          0
          0
          2
         14
          0
          0
         10
         17
          0
          0
         16
         15
          0
          0
          0
          0
          0
         24
          0
          0
         11
          4
          0
          9
         26
         12
          0
          9
          0
          0
         18
          4
          0
         28
         21
         22
          1
          0
         31
         14
         16
          0
          0
         15
          0
          5
          1
          0
          0
         18
          2
          0
          0
         13
         21
          0
          1
          0
          0
         17
          0
          0
          5
          0
          0
          0
          0
          0
          0
          0
          6
          0
          0
          0
          0
          0
          0
         15
         13
          0
          0
          0
          0
         22
          0
          0
          0
         16
          0
          0
         16
          0
          0
          0
          0
          3
          0
          0
         16
          0
          0
          0
          6
          0
         13
          9
          0
         22
          0
          0
          0
          0
          0
          0
          0
         13
          5
         23
          0
          0
         20
          0
          0
          0
          0
          0
          0
          0
          0
          0
          0
          0
          3
          0
          0
          0
         25
         13
          0
          0
          0
         16
          0
          0
         18
          0
          0
         30
          0
         10
          0
          0
          0
          0
          9
         34
         14
          0
         28
          0
          7
          0
          0
          2
          6
          0
          0
          0
          7
          9
          0
          1
          0
         10
          0
         15
          0
          0
          0
          0
          0
          0
          0
          0
          1
          0
          4
          0
          0
          5
         11
         17
         25
          0
         19
          0
          0
         21
          0
          0
         11
          1
          0
          0
          0
          0
          0
          0
          0
          0
          0
          0
          0
          0
          0
         13
         10
          0
          4
          0
          4
          0
         10
          3
          1
         16
         14
          0
          0
          0
         19
         20
          0
          0
         17
          0
          5
         22
          0
          0
          0
          7
          0
          0
          0
          0
          0
          0
          0
          0
          0
         10
          0
          0
          0
          0
          0
          0
          2
         14
          0
          0
         10
         17
          0
          0
         16
         15
          0
          0
          0
          0
          0
         24
          0
          0
         11
          4
          0
          9
         26
         12
          0
          9
          0
          0
         18
          4
          0
         28
         21
         22
          1
          0
         31
         14
         16
          0
          0
         15
          0
          5
          1
          0
          0
         18
          2
          0
          0
         13
         21
          0
          1
          0
          0
         17
          0
          0
          5
          0
          0
          0
          0
          0
          0
          0
          6
          0
          0
          0
          0
          0
          0
         15
         13
          0
          0
          0
          0
         22
          0
          0
          0
         16
          0
          0
         16
          0
          0
          0
          0
          3
          0
          0
         16
          0
          0
          0
          6
          0
         13
          9
          0
         22
          0
          0
          0
          0
          0
          0
          0
         13
          5
         23
          0
          0
         20
          0
          0
          0
          0
          0
          0
          0
          0
          0
          0
          0
          3
          0
          0
          0
         25
         13
          0
          0
          0
         16
          0
          0
         18
          0
          0
         30
          0
         10
          0
          0
          0
          0
          9
         34
         14
          0
