         59
        255
         28
         87
          0
        255
          0
          0
        111
        188
          0
          0
          0
          0
          0
        137
          0
         88
         22
          0
        255
        142
          0
          0
        152
        148
        142
          0
          0
         32
        180
        255
         76
        255
        255
        189
         13
        255
         85
        233
          0
        255
          0
          0
         40
          0
          0
        119
          0
          0
        165
          0
        255
        255
          0
          0
          0
         32
          0
          0
          0
          0
          0
          0
        255
        255
        162
          0
          0
        255
         95
         29
          0
         17
        173
          0
        133
          0
          0
         52
         54
          0
          0
          0
        255
          0
          0
          0
        125
        106
         30
         35
          0
          0
          0
          0
        203
        255
          0
          0
          0
          0
          0
        255
          0
        255
        185
         52
          0
          0
          0
          0
          0
        234
          0
        255
        255
          0
          0
         28
          0
        243
         66
          0
          0
          0
          0
        255
        228
        255
        255
          0
          0
        255
          0
          0
          0
        255
          0
         19
         11
          0
        182
         83
          0
        198
        119
        255
        255
        167
          0
          0
          0
        107
          0
          0
          0
          0
        255
        255
        255
        255
        255
          0
          0
        255
          0
          0
          0
        255
          0
          0
         62
          0
        166
          0
        255
        219
         71
        255
          0
          0
          0
          0
          0
         54
          0
         39
        255
          0
        178
        158
        239
        255
        255
        242
          0
        255
        116
          0
          0
        226
          0
          0
        118
          0
        200
        143
          0
          0
        111
          0
          0
          0
          0
        165
          0
        223
        155
          0
          0
          0
        255
          0
        179
        255
          0
        184
          0
          0
          0
          0
          0
        255
          0
        110
         32
          0
          0
          0
          0
          0
          0
        255
          0
          0
         31
          0
          0
        125
          0
         71
        255
          0
          0
          0
        255
          0
        255
          0
          0
        255
          0
          0
          0
        255
          0
          0
          0
          0
         51
          0
          0
        114
         71
         52
          0
        142
          0
          0
         79
        113
        114
        170
        255
          0
          0
        255
          0
         26
        195
        149
          0
        255
          0
        238
          0
          0
          0
        255
         37
         71
         22
          0
          0
          0
          0
          0
          0
        113
        138
          0
          0
          0
          0
          0
          0
          0
         99
          0
          0
        255
          0
          0
          0
        255
         45
         36
          3
        255
         60
        255
          0
          0
        193
          0
          0
         67
          0
          0
         79
         52
         19
          0
        255
         68
          0
        196
        255
         57
          0
          0
          0
        255
         61
          0
          0
          0
          0
          0
        143
          0
          0
        255
          0
        140
        108
          0
          0
         68
        167
          0
        183
        149
          0
          0
        255
          0
        219
        172
          0
          0
        255
        255
          0
        255
        255
          0
        196
        255
          0
          0
          0
          0
          0
        163
         62
          0
        166
        146
          0
         84
          0
        255
          0
         99
         13
          0
        122
         59
          0
          0
        118
          0
          0
          0
          0
        122
          0
        248
          0
        255
         90
         23
          0
          0
          0
          0
          0
          0
          0
          0
          0
        114
          0
        255
         33
          0
          0
        159
        100
        127
          0
          0
        255
          3
          0
          0
          0
          0
        255
        158
        246
          0
        122
          0
          0
        238
        109
        255
        126
        139
          0
          0
         61
         69
          0
          0
        255
          8
          0
          0
          0
         36
          0
        169
          0
          0
        255
          0
        255
        197
          0
          0
        236
          0
          0
          0
          0
        255
          0
        172
          0
         88
        186
          0
          0
         87
          0
        255
          0
        128
          0
          0
        158
         88
          0
        138
        209
         72
          0
          0
        255
         69
        255
          0
          0
          0
          0
         99
          0
        172
          0
        255
          0
          0
          0
          0
          0
        188
         92
          0
          0
          0
          0
          3
          0
          0
         92
          0
          0
          0
        187
        255
          0
          0
        255
          0
        142
        111
          0
          2
        190
          0
          0
        255
        132
          0
          0
          0
          0
         50
          0
        255
        229
         45
        243
          0
        202
          0
          0
          0
          0
          0
          0
         23
          0
          0
        255
          0
          0
        255
          0
         61
         80
          0
          0
        210
         64
         25
          0
          0
        146
         96
          0
          0
        172
        101
         28
        161
        255
          0
        209
        173
          0
          0
          0
        168
          0
        255
        175
          0
          0
          0
          0
          0
        153
        255
          0
        196
         66
          0
          0
          0
        196
          0
        102
          0
        161
         40
          0
          0
        201
        110
        207
        236
          0
          6
          0
        233
          0
          0
        255
        255
          0
          0
          0
          0
        163
          0
        254
        217
        123
          2
          0
          0
         85
         13
          0
          0
        155
        192
          0
          0
          0
          7
          0
        194
          0
          0
          0
        255
          0
          0
        255
        128
          0
        255
          0
         83
          0
          0
         42
        255
        128
          0
          6
          0
         37
          0
         24
        255
        103
         92
         25
         16
          0
          0
        239
        183
        231
          0
          0
        107
          0
          0
        255
          0
         39
          0
         51
        249
        151
        255
         66
          0
        151
          0
          0
          0
          0
         99
          0
        255
          0
          0
          0
          0
          0
          0
        147
        144
        159
          0
        255
        255
        255
        191
          0
          0
          0
        255
          0
          0
         23
        255
          0
         16
          0
          0
          0
         28
          0
          0
        104
          0
          0
         23
          0
         14
        206
         63
          0
        179
        255
        151
          0
          0
        203
          0
        255
         27
          0
          0
          0
          0
        129
        101
          0
        255
          0
          0
         84
          0
        112
          0
        112
        255
         36
         91
          0
          0
        255
          0
         78
          0
          0
         77
          0
        248
        109
          0
        255
          0
          0
          0
          0
        182
         71
          0
        137
        227
        106
          0
         14
          0
          0
          0
          0
          0
         66
         63
          0
        136
          0
         70
         74
         58
        255
          0
          0
          0
          0
          0
        255
        160
          0
          0
          0
        255
         48
        255
        190
        244
          0
          0
          0
          0
        175
         87
          0
          0
         85
        198
          0
          0
          0
          0
          0
        109
          0
          0
          0
          4
         44
        255
        255
         41
         63
          0
        116
        125
         12
        255
        216
          8
        109
          0
        166
          0
        221
          0
          0
          0
        206
          0
          0
          0
          0
          0
          0
        200
          0
          0
        230
        144
          0
          0
        162
          0
          0
        255
          0
        199
        118
        255
        162
        255
        127
        156
        122
        255
          0
          0
          0
          0
        148
          0
          0
          0
        179
         52
        203
        155
        255
          0
          0
        224
          0
          0
        255
        172
         37
        255
          0
          0
          0
          0
          0
        255
        128
          0
          0
         23
        255
          0
          0
          0
        142
          0
          0
          0
        255
          0
          0
          0
          0
          0
          0
         41
          0
          0
        255
          0
          0
          0
          0
         59
          0
          0
          0
        255
          0
          0
          0
        241
          0
         81
         16
        255
         83
        120
        177
         53
          0
          0
          0
          0
         31
          0
          0
          0
        255
          0
          4
          0
        255
          0
        108
        255
         38
          0
          0
         26
          0
        110
          0
         39
         62
        162
         12
        255
        255
         31
         25
          0
          0
        203
          0
          0
        255
          0
          0
          0
        195
         17
        238
          0
          0
          0
        104
          0
          0
        118
          0
        255
        174
         67
          0
         40
        157
        208
        106
          0
          0
        189
          0
          3
         42
          0
          0
          0
          0
         29
         88
        255
          0
          0
        255
        249
        127
          0
          0
          0
        161
        255
         87
          5
        118
          0
          0
          0
        217
        112
          0
          0
          0
        255
        236
         10
        255
          0
          0
        148
          0
        176
          0
         43
          0
          0
        255
          5
          0
          0
          0
        188
        155
        255
         81
        255
         16
         92
          0
          0
          3
          0
        169
          0
          0
        255
         48
        108
        255
          0
          0
        224
          0
          0
          0
          0
          0
          0
        255
        255
          0
          0
         97
         67
          0
         60
          0
        255
         20
          0
         23
          0
        107
          0
          0
          0
          0
         49
          0
        166
          0
        175
         20
        135
          0
        198
          0
          0
        190
        168
        255
          0
          0
        255
          0
        134
          0
        255
        108
        255
        156
         49
         49
          0
         83
        235
          0
          0
          0
         96
        227
          0
          0
         52
          0
        231
        255
          0
         33
        197
          0
         10
          0
         11
          0
          0
          0
        150
        181
          0
        154
        255
        126
         14
        152
        255
          0
          0
          0
          0
         29
         83
          0
          0
        123
         44
          0
        125
          0
          0
          0
          0
          0
          0
          0
          0
          0
        200
        138
          0
         69
          0
          0
          0
        128
          0
        189
        117
         27
         24
          0
        255
          0
        165
          0
          0
        231
          0
          0
        205
          0
        217
          0
          0
          0
          0
        201
        138
          0
        255
          0
        255
          0
          0
        108
          0
          0
          0
          0
          0
          0
        195
          0
        121
          0
         21
        105
          0
        101
          0
          0
        197
          0
          0
          0
          0
        244
          0
        255
          0
          0
          0
          0
          0
        152
        255
          0
        255
         48
         32
         43
        139
          0
          0
        156
        255
        255
          0
          0
        102
          0
         43
          0
        102
        255
         34
        200
        105
          0
          0
        255
        252
          0
        255
          0
          0
        132
          0
          0
         60
         55
          0
          0
          0
          0
        165
          0
          0
          0
        246
        225
         38
          0
          0
          0
        209
        255
          0
          0
          0
          0
          0
        255
          0
          0
          0
        119
        194
        109
          0
          0
        197
          0
         79
          0
          0
          0
        121
         33
          0
          0
          0
          0
          0
        111
        161
          0
          0
        255
        255
        255
        255
          0
          0
          0
        103
          0
          0
        139
          0
        102
        255
         66
          0
         72
          0
        197
        255
          9
        130
        189
        255
          0
          0
          0
        144
        192
        159
          0
        237
          0
          0
          0
        105
          0
          0
        255
          0
          0
        255
        141
        164
         68
          0
          0
        255
          0
          0
          0
         96
          0
        230
          0
        255
          0
          0
        120
          0
          0
         84
         10
          0
          0
        110
          0
          0
          0
          0
        255
        177
         26
          0
          0
        255
        165
          0
         77
        127
          0
         11
          0
          0
          0
        215
          0
          0
          0
          0
          7
          0
         72
        142
         77
          0
          0
        186
          0
        204
        255
          0
        255
          0
          0
         97
         84
          0
        121
          0
        140
         21
          0
          0
          0
          0
          0
        161
          0
          0
        166
          0
        173
          0
          0
         20
        151
        183
        206
          0
          0
          0
          0
          0
        255
         62
        255
          0
        141
          0
          0
          0
          0
          0
          0
          0
          0
         14
          0
          0
        123
          0
          0
        186
        144
          0
        164
          0
          0
        217
        255
         80
        255
          0
          0
          0
        255
          0
          0
          0
          0
          0
          0
        255
          0
        255
          0
         20
          0
          0
        136
        105
        170
          0
        134
        121
          0
          0
          0
          0
         76
        160
        255
         42
          0
          0
          0
          0
        255
          0
          0
          0
          0
          0
        131
          0
          0
        255
          3
          0
        120
          0
        115
          0
         75
        255
          0
        243
          0
        115
          0
         86
          0
          0
         37
        229
        207
          0
        255
          0
        255
          0
          0
        255
         54
        250
          0
          0
          0
        255
        149
        108
          0
        123
          0
         51
          0
          0
        226
        226
          0
        103
        113
        208
         55
        205
        255
          0
          0
          0
          0
          0
        255
          0
          0
          0
          0
          0
          0
          0
          0
          0
         67
        139
          0
          0
          0
         63
          0
          0
          0
         19
          0
          0
          0
          0
        221
          0
          0
          0
          0
          0
          0
          0
        255
          0
          0
          0
         95
          0
          0
          0
        216
        255
          0
          0
          0
          0
         61
         18
          0
        255
          9
         24
        223
         53
          0
          0
         15
        241
          0
        255
          0
          0
          0
          0
          0
          0
         83
        255
        129
        143
          0
        255
        124
        255
          0
          0
          0
          0
          0
          0
        181
        255
         14
         59
          0
          0
        184
        143
          0
          0
        156
          0
          0
        158
          0
          0
          0
          0
        164
        255
         66
          0
        163
          0
        123
        255
         68
          0
        199
          8
          0
          0
        171
          0
        126
         76
          0
          0
        185
        100
          0
        230
          0
         38
          0
        168
          0
        151
          0
         65
        105
        255
         66
        255
          0
          0
          0
         42
          0
          0
          0
         36
          0
        169
          0
          0
        255
         50
        162
          8
         18
          0
          0
        136
        255
          0
          0
          0
        144
          0
          0
          0
        102
        255
          0
          0
        117
        255
        215
        255
        137
         35
         86
        188
          0
        189
        118
         11
          0
          0
          0
          0
         13
          0
         11
         34
          0
        255
          0
         69
        177
        255
          0
          0
          0
        255
          0
          0
         44
          0
          0
        255
          0
          0
        112
          0
          0
          0
        133
         96
          0
          0
          0
          0
        104
          0
          0
          0
          0
          0
          0
          0
        255
          0
          0
          0
          0
        255
          0
        162
         72
        255
          0
          0
        125
          0
        155
          0
          0
          0
          0
        176
          0
          0
         16
          0
         96
          0
          0
        209
          0
        151
          0
          0
          0
        255
        241
          0
         74
        255
          0
        145
         34
          0
         41
          0
         33
          0
         57
          0
          0
          0
          0
        255
          0
          6
         62
          0
         80
          0
        191
          0
          0
          0
          0
          0
          0
        255
          0
          0
        234
        255
          0
          0
          0
          0
          0
          0
         28
          1
         20
          0
          0
          4
          0
         76
          0
        105
          0
          0
          0
          0
          0
         89
          0
          0
          0
          0
          0
        255
          0
          0
        255
        118
        148
        207
          0
          0
          0
        255
         18
        101
         86
          0
        255
         56
        133
          0
          0
          0
         23
        121
          0
          0
          0
         63
          0
          0
         85
         65
          0
          0
        196
        109
          0
        255
        148
          0
          0
        255
          0
        255
         27
         21
        133
          0
          0
         67
          0
          0
          0
          0
          0
          0
          9
        102
        232
          0
        255
          0
          0
          0
          0
          0
          0
        156
         45
        255
          0
        229
          0
          0
          0
          0
          0
          0
         19
          0
          0
         48
          0
        255
          0
          0
         35
          0
          7
         58
          0
        224
        255
          0
          0
          0
