          0
          0
          0
          0
          0
          0
         38
        190
          0
         90
         53
          0
        136
          0
         40
        213
          3
         45
          0
          0
          0
        198
        238
         67
         23
          0
        118
          0
        255
          0
         44
        163
        255
         68
          0
          0
          0
          0
         83
        255
          0
          0
          0
          0
          0
         62
        154
         19
          0
         78
          0
        166
          0
          0
        255
        106
          0
          0
          0
          0
          0
        104
         35
          0
          0
          0
          0
          0
         99
          0
         95
          0
          0
          0
          0
        162
        226
          0
          0
         81
          0
          0
          0
          0
          0
          0
        104
          0
          0
        110
        199
          0
        116
          0
         53
          0
         12
         14
         35
          0
          0
        142
         53
         62
          0
          0
         39
          0
          0
          0
         17
         41
        175
        121
        169
         79
          0
          0
        111
          0
        255
          0
        252
          0
          0
          0
         42
          0
          0
          0
         26
          0
          0
          0
        119
         99
          2
          0
         22
        255
        219
          0
         59
          0
        192
          0
          0
         65
          0
        171
          0
         27
          0
        255
          0
          0
          0
          0
         45
          0
        147
         48
         20
         15
          0
          0
        146
        169
          0
         37
          0
        189
        107
          0
         51
         29
        178
        148
        199
         58
         82
         18
        242
         76
          0
          0
        216
        180
        107
        217
         36
         19
          0
        107
          0
          0
          0
          0
        123
          0
         24
         45
          0
          0
          0
         49
         41
         15
         63
          0
         14
         15
         96
         88
        172
          0
          0
         45
          0
        253
        228
        208
          0
         46
          0
          0
          0
          0
          0
          0
        152
        219
          0
          0
          0
          0
         64
        137
          0
          0
         19
          0
          0
          6
         87
        163
          0
          0
          0
          0
          0
        235
        255
          0
         85
        243
          0
          0
         60
          0
          0
          0
         90
        205
         69
        110
          0
          0
          0
          0
        147
         78
          0
          0
        207
        255
        177
          0
        232
        110
         46
          0
         35
         85
        207
        150
        136
          0
        131
         65
          0
         48
          0
          0
          0
          0
         86
        146
         70
          0
          0
          0
         10
        127
          0
         39
          0
          0
          0
        211
         82
        114
          0
          0
        117
          2
         52
          0
         11
          0
          0
          0
          0
          0
         67
          0
         46
        229
         38
          0
          0
          0
          0
          0
         83
          0
          0
         92
          0
        255
          0
          0
          0
          0
        238
          0
          8
          0
        133
          0
          7
        125
          0
         23
         19
          0
          0
         31
         35
        151
         29
          0
          0
          0
        255
         43
         28
          0
         11
          0
          0
        255
        183
          0
          0
          0
        117
        255
          0
          0
         52
          0
         40
         71
         44
          2
          0
         84
         35
         58
         58
        236
          3
          0
         54
        119
         72
        120
        137
         27
          0
          0
          0
          0
          0
        172
        135
         69
          0
          0
          0
          0
        255
          0
          0
          0
        102
         43
         59
          0
          0
          0
         25
        108
          0
          0
         97
        138
        178
          0
          0
        202
          0
        158
          0
          0
          0
        165
        255
          0
        255
         84
          0
          0
         34
          0
          0
          0
          0
         70
          0
          0
          0
          0
         46
         59
          0
          0
         67
         41
        158
          0
          8
          0
        231
          0
          0
        255
         38
          0
          0
         61
          0
         26
          0
          0
          0
        155
          0
          0
          0
          0
         43
          0
          0
          0
          0
         42
          0
        132
         32
         51
          0
        209
        141
        115
        100
          0
         70
          0
         84
         24
        129
         26
        167
          0
         37
          0
        239
        218
         25
        210
        210
          0
         16
          6
        121
          0
         25
          0
          0
          0
          0
          0
        142
          0
          0
          0
        218
          0
          0
          0
        127
          0
        255
        126
          0
         88
          0
          0
        171
          0
          0
          0
        170
        114
         40
         68
         74
          0
          0
          0
        156
          0
        197
        112
        115
        188
         98
          1
        110
          0
        255
          0
         28
          0
          0
          0
          0
          0
          0
        162
        148
          6
          0
         99
         13
          6
         38
        136
          0
         21
         22
          0
        159
          0
         44
          0
         77
          0
         79
         28
          0
        120
          0
          0
          0
          0
          0
          0
          0
         85
          0
          0
        104
        255
          0
         71
          0
          0
         13
          0
          0
         95
          0
          0
          0
         56
          0
        155
         88
          0
         34
         40
        125
          0
          0
          0
         16
          0
          0
          0
         19
        255
         55
          0
        147
         58
          0
        132
        255
          8
          0
          8
          0
        103
         65
         86
          0
        154
          0
        255
         60
        152
          0
         19
         85
        130
          0
          0
         58
         36
          0
         52
          0
          0
         35
          0
        104
         39
          0
          0
          0
         18
          0
        148
         33
         18
          0
        109
        103
          0
          0
        255
          0
          0
          0
          0
        158
        155
          0
          0
        205
         66
          0
          0
          0
         12
        101
          0
         28
        146
         18
        135
          0
         67
          0
          0
         93
         28
        160
         25
          0
          0
         46
         86
        255
        105
         82
          0
          0
         58
        115
          0
          0
          7
          0
          0
        255
          0
          0
          0
          0
         12
          0
        178
          0
          0
          0
          0
          0
         18
        155
          0
          0
         54
         23
         74
        255
         82
         63
          8
          0
        143
          0
          0
         48
          0
        255
        103
        112
          0
          0
          0
         35
         33
          0
          0
        231
          0
          0
          0
        141
          0
          0
          0
          0
        100
          0
        131
        139
          0
          0
          0
        247
          0
          0
        255
        112
         75
          0
          0
          0
          0
        133
          0
          0
        118
          0
        105
          0
        106
          0
          6
          0
          0
         32
          7
          0
         32
        163
        255
          0
        104
         91
          0
        160
          0
        255
        178
         44
        111
          0
          0
          0
          0
          0
          0
        140
          0
         91
        104
        177
        107
          0
          0
          0
          0
          0
          0
         29
          0
        167
         58
          4
          0
         73
         63
        185
          0
          0
          0
        108
          0
         22
          0
          0
          0
          0
         51
        109
        255
          0
         53
          0
         20
          0
          0
         87
          0
          0
          0
         13
          0
         69
         26
         82
          0
        125
          0
          0
          0
          0
        255
          0
         50
        129
         24
          0
          0
          0
          0
         89
        195
        104
         84
          0
          0
          0
          0
          0
          0
          0
          0
          0
          0
         67
        211
         84
        119
         53
          0
          0
        124
        215
        255
          0
        190
          0
         39
        176
        255
          0
          0
         16
          0
        154
         79
        194
          0
          0
         83
          0
          0
         79
          0
          0
        127
          0
        106
        197
         17
         90
          0
        153
         13
          0
          0
        202
        100
        155
          0
          0
          0
        164
          0
          0
          0
          0
        105
          0
         35
         33
          0
         67
          1
        163
          0
         37
          0
          0
         11
          0
          0
         56
          0
        152
        139
          0
          0
        196
         83
         94
         17
          0
          0
          0
          0
          0
        119
         63
          0
          0
          0
          0
         26
          0
          0
          0
          0
          0
          0
          0
        116
         18
        168
         13
        191
         68
          0
          0
          0
         69
        115
        181
         24
        190
          0
        255
          0
        101
        255
          0
        105
        169
        112
         62
          0
        117
          0
        108
          0
          0
          0
          0
          0
         63
        213
         13
          0
         26
         70
          0
        169
          0
          0
          0
        117
        255
        255
         68
          0
        106
        255
         94
         42
        255
         25
          0
          0
          6
         45
          0
          0
         34
          0
          0
        255
          0
        119
          0
         16
          0
          0
          0
        210
         68
          0
          0
          0
          0
          0
          0
        229
        163
          0
          0
          9
        255
          0
          0
         31
          0
          0
          0
          0
          0
        153
         89
          0
          0
          0
         12
          0
          0
        102
        250
          0
         98
        124
          0
          0
        187
          0
          0
          0
         68
          0
         16
        138
        106
         96
         56
          0
          0
         64
          0
         31
        152
         53
        156
        223
          0
          0
        105
          0
        134
        142
        255
          0
        125
          0
          0
         24
          0
        173
        110
          7
          0
          0
          0
          0
        255
          0
          0
        105
          0
          0
        151
         79
         92
          0
        118
         97
          0
        167
          0
         77
         57
        134
          0
         73
          0
          0
          0
         91
        128
          0
          0
          9
          0
        142
          0
        198
          0
          0
         60
         31
          0
          0
        117
          0
          0
        149
        196
          0
         84
        152
          0
          0
        107
          0
        232
          0
        204
         22
          0
         45
          0
          0
          0
          0
        255
        191
          0
        121
        173
          0
          0
         75
         39
          0
          0
          0
          0
          0
        115
          0
        127
          0
        156
        184
          0
         87
          0
          0
          0
         68
          0
          0
         36
          0
        148
         95
        188
          0
         36
          0
          0
          0
         25
          0
          0
        134
         28
          0
          0
         66
          0
          0
         64
         40
         98
          0
         17
         58
          0
          0
        135
        117
          0
         16
        187
          0
         48
        249
          0
        137
         55
          3
        184
        100
          0
          0
         61
          0
         94
         92
          0
         38
          6
         72
          0
          0
         36
        154
        234
         15
        171
        255
        120
        229
          0
         78
        112
          0
        236
          0
         79
        147
        102
        117
          0
          0
          0
        159
         48
         38
          0
          0
          0
        139
         57
          0
          0
          0
         89
          0
          0
         82
        115
          0
         97
          0
          0
          0
        255
          0
          0
          0
          0
        193
          4
          0
        202
         82
          0
          0
          0
          0
          0
         17
          0
         64
          0
        182
        160
         86
         55
          0
          0
         51
          0
        255
         69
          0
          0
          0
          0
          0
          0
          0
         96
         15
          0
         57
        246
        111
         38
         65
          0
         85
        160
          0
          0
          0
         25
        255
        136
         38
        102
         49
        114
         81
          0
        103
         74
         84
          0
         75
        209
          0
          0
         44
        133
        208
         21
        110
          0
         50
         45
          0
          0
          0
          0
          0
         59
          0
         77
          0
          0
         31
         87
         79
          0
        148
          0
          0
         85
         29
          0
         35
         29
          0
        125
        132
          0
         90
         29
         87
          0
          0
         48
        165
         48
          0
          0
          0
         39
          0
         84
        208
         13
        119
          0
        220
        177
          0
        164
         22
         76
          0
          0
         27
         63
          0
        248
          5
        163
        184
          2
         69
          0
          0
          0
          0
          0
          0
         93
          0
          0
          0
         41
        230
         35
          0
         18
         45
        228
          0
          0
          0
        137
          0
          0
          0
          0
         71
          0
         50
          0
         31
          0
          0
          0
          0
          0
          0
          0
          0
          0
          0
          0
          0
         58
          0
          0
         73
          0
         91
          0
          0
        109
          0
         55
          8
        156
         63
         47
         14
         37
          0
         61
          0
         10
        105
        253
          0
          6
          0
         56
          0
          0
          0
          4
          0
         56
        206
        185
          0
         51
         21
         53
         42
          0
          0
          0
        131
        201
         79
        106
          0
        248
          0
        255
          0
        136
          0
         84
         12
          0
          2
          8
          0
          0
        118
          0
          0
        174
         11
          0
         19
         44
          0
          0
          0
          0
          0
          0
          0
        255
          0
          0
          0
          0
          3
          0
          0
          0
        162
          9
          0
          0
        165
         64
         94
          0
          0
        141
          0
          0
        203
          0
          0
         13
        154
          0
          0
        255
        255
        152
          0
          0
          0
         43
          0
         21
          0
          0
        243
          0
        100
          8
         95
          0
          0
          0
         24
          0
         77
          0
          0
          5
          0
          0
          0
          0
          8
          0
         54
        255
          0
        155
         21
         65
          0
          0
          0
        171
          0
          0
        255
          0
          0
         82
         99
          0
          0
          0
         47
         19
         82
          0
          0
          0
        255
         58
          5
        129
          0
          0
         68
          0
        255
         90
        165
          0
         33
          0
          0
         40
          0
         43
        202
         13
          0
          0
          0
          0
        171
          0
          7
         65
         27
          0
          0
          0
        202
          0
          0
         32
          0
          0
         23
          0
          0
         42
        186
          0
          0
          0
        255
        101
         26
          0
         43
         73
          0
        255
          0
          0
         51
          0
         46
          0
        251
          0
        158
        194
          0
         47
          0
         35
        113
          3
          0
         19
          0
         85
         99
          0
          0
          0
          0
         14
          0
         57
        128
         70
          0
          0
          0
          0
          0
         25
          0
          0
        134
          0
          0
         12
         73
         56
        186
        158
        168
        133
          0
          0
         89
         62
         17
          1
         75
         61
          0
          0
        236
        255
        194
          5
         83
        112
          0
          0
         15
          1
          0
          0
        165
        162
          0
        175
        232
          0
          0
          0
         86
         94
         24
          0
        255
          0
          0
          0
        108
        176
          0
        227
          0
         57
          0
        113
          0
          0
         41
          4
          0
          0
          0
        139
         90
        149
        179
        145
        228
          0
          0
         25
        176
          0
         92
          0
        113
          0
          0
          0
         25
         16
          0
         52
          0
          0
         44
          0
          0
          0
          0
          0
         42
         88
        127
        101
        255
          0
          0
          0
        229
          0
          0
         12
         34
          0
          0
          0
        237
          0
        144
          0
          0
        131
        245
          0
          0
          0
          0
          0
        172
          0
          0
         31
        138
        118
         19
          0
          0
          0
          0
         86
        225
          0
          0
          0
          0
         69
         30
          0
        145
          0
        141
         74
         45
          0
        207
          0
        147
          0
          0
         84
        201
         27
         63
          0
        153
          0
         70
          0
          0
        155
         62
        186
          0
          0
          6
          0
          0
          0
         36
          0
        255
          0
        152
          0
          0
          0
         53
          0
        164
          0
          0
          0
         68
          0
          0
          0
          0
          0
         43
        153
          0
         82
          0
          0
          0
          0
        169
          0
        159
         68
        146
         33
        255
          0
          0
        195
          0
          0
          0
          0
          0
          0
         62
        131
         79
          0
          0
         45
        147
          0
          0
        124
          0
        167
          0
         59
         98
          0
         17
         22
          0
          0
        112
          0
          0
          0
        188
          0
          0
        115
          0
        213
          0
          0
         18
          0
         85
         49
         52
         41
         42
          0
         87
          0
          0
          0
          0
        143
         71
          0
         28
          3
         79
          0
          0
          6
         21
          0
          0
        255
          0
          0
         91
          0
        195
          0
        202
        153
        156
