          0
        188
         80
        100
          0
         57
         53
          0
         58
         54
          0
          0
          0
          0
         61
          0
         91
        107
          0
          0
         19
          0
          0
        167
          0
          0
        139
         26
          0
        255
        157
          0
         41
          0
         12
         82
         92
         80
        181
          0
          0
          0
          0
          0
         13
         14
          0
        125
         98
         88
         63
          0
          0
         99
          0
        176
          0
          6
          0
          0
          0
        255
          0
         42
          4
          0
         66
          0
         89
          0
         35
          0
          0
          0
          0
        210
        155
         24
          0
        139
         77
          0
          0
        162
         52
        102
         65
          0
        184
          0
          0
          0
         26
          0
          0
          0
         95
          0
          0
          0
         53
          0
          0
          0
          0
          0
        138
          0
          0
          0
         97
          0
         92
        137
          0
          0
          0
         16
         54
        208
        211
          0
        158
         12
          0
          0
         31
          0
         99
        191
          0
          0
          0
        129
          0
          0
          4
          0
         31
          0
        180
          0
          0
          0
          0
          0
        130
          0
          0
        150
         13
         51
          0
          0
          0
          0
         22
          0
          0
          0
          0
          0
          0
          0
         61
         24
          0
         22
         18
          0
         28
        232
          0
          0
          0
          0
          0
          3
          0
        118
          0
         26
         41
         20
          0
          0
        175
        104
          0
          0
        134
         29
          0
         82
          0
          0
          0
          0
          0
          0
          0
          0
         48
        186
         49
         53
          0
          0
         34
         90
         55
          0
          0
        110
          0
         58
          0
         22
          0
          0
          0
          0
          0
          0
         29
        138
          0
          0
         63
          0
          0
          0
         45
          0
          0
        214
          0
          0
         82
          0
        102
         39
         23
         28
          0
         97
          0
        115
        190
         12
          0
        196
          0
          0
        170
          0
         10
          0
          0
          0
         89
          0
          0
          0
         39
         33
         41
        214
          0
          0
          0
          0
          1
          2
         82
        126
          0
        149
          0
        159
          0
          0
         99
          0
          0
          0
          0
         78
         55
         77
          0
          0
          0
          0
          0
          0
          1
          0
        124
         33
          0
          0
          0
          0
         94
         56
          0
          0
          0
         94
          0
          0
        255
          9
          0
        174
          0
          0
          0
          0
          0
        144
          0
          0
          0
          0
          0
          0
          0
          0
        112
          0
         29
          0
          0
          0
          7
         88
          0
          0
          7
        103
          0
         12
        255
         26
        191
          0
          0
          0
        148
          0
         73
          9
          0
          0
         46
         49
        140
         85
         53
          0
          0
         48
        127
          0
        105
          0
         49
          1
          0
         85
         46
         10
          0
        180
        255
         41
        215
        164
          0
        255
          0
          4
          0
         69
          0
          0
         56
         72
          0
          0
         34
         90
        110
        154
        120
          0
          0
          0
        118
          0
          0
        108
          0
          0
          0
        189
        255
         37
          0
         41
          0
          0
          0
          0
         26
         19
          0
          0
         61
          1
          0
          0
          0
         28
          0
        180
          0
          0
         56
          0
         45
          0
          0
         41
         58
          0
          0
        214
          0
          0
         31
        138
          0
          0
          0
          0
         16
        168
        107
          0
         90
          0
          0
          0
          0
         42
          0
          0
          0
          0
          0
          0
         20
         78
         14
         89
          0
        141
          0
        108
          0
         44
        108
          0
          4
          0
        112
         17
         20
        175
          0
         34
          9
        125
          0
          0
          8
         44
          0
         14
          0
          0
        108
          0
         41
        104
          0
        130
         54
        129
          0
        207
          0
          0
        185
         93
          0
          0
          0
          0
