          0
          0
         87
         67
          0
          0
          5
          0
          0
          0
          0
         50
          0
          0
         81
          0
          0
          0
          0
          0
          5
          8
         91
         17
        172
         24
        252
         34
          0
          0
        121
        109
          0
          8
          0
          0
          0
        114
        122
          5
        113
          0
        141
         65
          0
         12
         48
         54
        142
          0
          0
        101
          0
          0
         86
          2
          0
         36
        244
        120
        186
        118
          0
          8
          0
          0
          0
          0
          0
          0
         17
         98
          0
          0
        255
        187
          0
          0
         16
          0
        146
         40
         82
        118
          0
          0
          0
          0
          0
         64
          0
          0
          0
         25
        110
         43
          0
          0
          0
          0
         30
          0
          0
         83
        206
          0
        208
          0
          0
          0
        100
        148
          0
         45
         76
         15
          0
          0
          0
          0
          0
          0
        254
         84
          0
         15
          0
         98
          0
          0
          0
         19
          0
          0
          0
          0
          0
         31
          0
        178
          0
          0
          0
          0
        254
          0
          0
        160
        101
          0
          0
          0
         43
         45
        193
         35
        146
         67
         82
        110
         13
          0
          0
          0
          0
        108
         93
         20
          0
          0
         48
        183
          0
          0
          0
         84
         69
          1
          0
          0
        121
          0
          0
          0
        232
          0
        177
         12
          0
         69
          0
         25
          8
          0
          0
         33
          0
         95
          0
          0
         45
          0
          0
        177
          0
         23
         56
          9
          0
         80
          0
          0
         84
          0
          0
          0
          0
         59
        121
         24
          0
          0
        103
         45
          0
          0
         81
          0
          0
         98
        101
          0
          0
        124
        255
        172
        120
          0
        146
        132
        242
          0
          0
        116
        101
         60
          0
        255
          0
        117
        161
          0
          0
        128
          0
         10
         12
         74
        102
          0
          0
          0
          0
          0
          0
         17
        255
        208
          0
          8
        135
          0
          0
         89
          0
          0
        151
         28
          0
          0
        255
        145
         80
         23
          0
          0
         46
          0
          0
         89
         17
          0
          0
          0
        144
          0
         79
        147
          0
        133
          0
          0
        177
          0
         94
          0
          0
          0
          0
         46
         49
          0
        119
          0
        183
         27
        117
          0
          0
         68
          0
          0
          0
         19
          0
          0
         68
         28
          0
          0
          0
          0
         29
          0
          2
         45
        143
          0
          0
        161
         83
          0
          3
        255
          0
          0
        129
          0
          0
        147
          0
        113
         24
          0
          0
         40
          0
          0
         88
         88
          0
          0
          0
          0
          0
          0
        141
          0
         22
          0
          4
         88
          0
          0
          0
          0
          0
          0
         29
          0
        111
         15
         58
          0
          0
         96
          0
          0
         33
          0
          0
          0
        207
        153
        255
         64
          0
          0
          0
          0
        169
          0
         78
         63
        119
          0
         43
          0
          0
          0
        153
         24
         90
          0
         57
         95
          0
          0
          0
          7
          0
        110
         72
         53
          0
          0
          0
        200
          0
          0
          0
        121
        121
          0
          0
         57
          0
         78
        122
        176
          0
         21
        227
          0
          0
         24
          8
         23
          0
          9
         58
          0
          0
          0
         60
          0
          0
         11
          0
        149
         31
         15
        165
        138
         10
         71
          0
        136
        123
          0
          0
          0
        111
          0
          0
          0
         88
          0
          0
         34
          0
          0
          0
          0
          0
          0
        160
          0
          0
          0
         92
        165
         42
          0
          0
         70
          0
          0
          0
        100
          0
          0
          0
          0
          0
          0
        159
          0
          0
         58
          0
         87
