        140
          0
        121
         62
          0
          0
         58
        178
        243
          0
          0
          0
         80
          0
          0
        103
         19
        226
        185
         27
          0
          0
          0
          0
          0
          0
        136
        165
          0
        168
        135
        114
        254
        108
        143
          0
          0
          0
          0
          0
          0
          0
          0
          3
         81
          0
          0
         67
         50
        255
        255
        252
        233
          0
          0
          0
         64
        241
        107
         67
          0
         34
         28
        143
        169
          0
        203
         33
          0
          0
         96
          0
         65
        200
          0
          0
          4
          0
        255
          0
         96
        151
        186
          0
        255
          0
          0
         72
          0
          0
        151
         97
          0
        169
          0
         77
        109
         11
        202
          8
          0
          0
         95
        159
          0
          0
          0
         17
        138
          0
          0
          0
         66
        153
        190
        115
          0
          0
          0
          1
         13
          0
         64
        160
         71
        105
         65
         31
        150
         71
        178
        212
          0
          0
         78
        124
        131
          0
          0
          0
         97
         88
        191
         47
        113
         76
        102
          0
          0
         16
          0
          0
         81
          0
        110
          0
         71
        149
        106
        125
         69
         19
         72
        179
         15
         41
          0
          0
          0
          0
          0
          0
        109
         34
        140
          0
          0
          2
         62
         85
          0
          0
         78
          0
          0
        200
        162
        123
         89
         86
          0
        117
         19
         72
        208
        139
          0
          0
         52
        101
        118
        153
          0
         25
         95
        146
          0
         75
          0
         51
         92
        209
          0
          0
        174
         59
          0
        232
        174
         17
          0
         56
         65
        126
        150
         39
        203
        180
         91
          0
         77
          0
         95
        133
          0
          8
        134
        141
        146
          0
        115
         59
        241
          0
        126
          0
          0
         23
          0
        168
         75
        140
          0
        115
        127
         78
          0
        102
        105
        101
          0
         38
          0
        178
          0
          0
          0
          0
         83
        189
        255
         99
         86
        245
        157
          0
        223
          0
          0
          0
        255
        178
         34
          0
         42
          0
        123
         10
         78
          0
         15
          0
          0
          0
          0
        152
          0
          0
          0
         19
         54
          0
          0
         43
         54
         18
        175
          0
          0
          0
         38
         32
          0
        238
        124
          0
         54
        198
         45
         17
        109
          0
          0
        168
          0
         19
          0
        147
         64
          0
          0
          0
         32
          0
          0
          0
          0
         27
         39
          0
        255
          0
          0
          0
        116
        155
        117
          0
          0
        217
          0
        162
          0
         22
         61
         94
         65
         56
          0
        147
        109
          0
          0
         94
         49
        182
         33
         11
         59
         27
         10
        198
          0
          0
        159
          0
         32
          0
          5
          0
         22
          0
          0
        114
          0
         73
         74
         49
         74
         44
         26
          0
        196
         11
         27
        130
         12
          0
          0
         75
        100
        199
         52
         49
         78
         33
        138
          0
         91
          0
        159
          0
         56
        255
          0
          0
        159
         41
          0
         20
         75
         35
          0
        181
          4
         56
          0
         12
          0
        119
          0
         32
          0
          0
         41
          0
         93
          0
         76
         30
        235
          0
         71
        103
          0
        105
         42
          0
        163
          0
          0
         49
         59
          0
          0
          0
          0
         54
          0
          0
         50
          0
         61
         23
          0
        151
         50
          0
        101
          1
          0
         16
          0
        111
         88
          0
         97
          0
         92
         67
          0
         31
         65
         57
          0
          0
         37
        175
          1
         68
          0
         88
          0
          0
          0
          0
         44
         53
        221
          0
          0
          0
          0
          8
          0
         20
         44
          0
         66
        190
         71
        155
        104
         82
        145
        121
          0
          0
          0
        113
        111
          0
         16
          0
         97
         21
          0
        140
         17
        123
        156
         17
          0
          0
          0
          0
          0
          0
         50
          0
          0
        124
          0
          0
        168
         62
         45
          0
         15
         14
         17
          0
        152
         21
          0
          0
        157
          0
          0
          0
        121
        123
        101
        126
          0
          0
          0
         49
        208
        180
        129
          0
          0
          0
          6
         25
          0
         66
          0
        143
          0
         35
          0
          0
          0
         74
        125
          0
         98
         50
          0
          0
          0
          0
          0
         20
        162
          0
        120
          0
        152
          0
         41
        126
          0
        241
        157
        103
        105
         73
         53
         87
         20
         28
          0
        115
        105
        129
          0
          0
        114
        117
          0
          0
         52
          6
         11
        191
          0
          0
          0
          0
          0
          0
        168
         56
          0
          0
         39
        104
          0
         61
         30
        104
         82
          0
          7
          0
          0
          0
          0
         26
         49
        168
          0
          0
          0
         34
         41
          0
         73
          0
         69
         60
        217
          0
         94
         88
         56
         63
         58
        185
         19
          0
          0
          0
         58
          0
          0
          0
          0
          0
          5
         54
        121
          0
          0
          0
          0
         54
        116
          0
          0
          0
          0
          0
        163
         33
         93
          0
          0
         25
         12
        132
        183
         14
         45
          0
         89
         35
          0
        148
         43
         44
         17
          0
         28
        112
         12
          0
          0
        197
        128
          0
         26
          0
          0
         60
         69
          0
        135
          0
         72
         73
        123
        154
         87
         79
        215
          0
         77
         32
          0
        175
          0
         95
          0
        104
          0
          0
          0
         11
         60
        108
        216
          0
          0
          0
          0
          3
         64
         32
        156
         70
          0
        161
          0
          0
          0
         62
         63
         62
          0
          0
          0
          0
          0
          0
          0
         44
        169
         20
          0
          0
          0
        207
         50
          0
        148
          0
          0
          0
         80
        105
         66
        168
         44
         72
        139
          0
          0
          9
         53
          0
         38
         99
          0
        151
          0
          0
          0
          0
        117
        146
          0
          0
         83
          0
        218
        255
         13
          0
          0
         15
         71
          0
         23
        196
          0
          2
         31
        140
          0
          1
        105
        217
         24
         79
          0
        159
        116
          0
          0
          0
        145
        114
        255
          0
        124
          0
         78
        255
         14
          0
          0
          0
          0
        129
         39
          0
          0
        206
         55
         96
          0
         75
        126
         54
          0
          0
          0
        121
          0
          0
          0
         11
         19
          0
        133
         90
          0
          0
         92
          0
         21
          0
          0
         55
          0
          0
        141
         69
         88
         44
         88
         78
         88
          0
        154
         43
         37
          0
          0
          0
        131
          0
          0
         41
        125
        138
        187
          0
          0
         75
         23
        200
        255
          0
         82
         24
          0
          0
        142
         41
         67
          0
         68
        110
         30
          0
          0
          0
          0
          0
          0
        170
          0
          0
          0
          0
        138
         13
        255
         48
          0
         85
         41
          0
        241
          0
          0
         44
         92
          8
        154
          0
          0
        118
          0
        115
        121
         99
         97
         76
          0
          0
          0
        132
          0
          0
         57
         67
        149
          0
          0
          0
          0
         74
          0
         43
        255
          0
         26
         52
        142
         12
        149
          0
          0
          0
         39
        139
        116
         23
        235
         88
         79
          0
          0
          0
          0
        196
          1
          0
         72
          0
          0
        127
          3
         16
         76
          0
         67
          0
         25
          0
        138
         76
          0
          0
          0
         36
        106
        166
         58
         83
        102
        241
          0
          0
          0
          0
        248
          0
          0
          0
         20
         60
        255
          0
          0
        216
        158
          0
        210
          0
          0
         23
          0
         76
        125
        144
         49
        255
          0
         29
         13
         88
         53
         99
         72
          0
          0
         85
          0
          0
          0
         31
        173
        170
          0
          0
          0
         15
         95
          0
        243
          0
         51
          1
        176
        238
          0
          0
         96
        153
         33
         52
         20
          0
         43
          0
         21
         41
          0
        165
        150
         27
          0
        119
         60
          0
         37
          0
         79
          0
        118
          0
         15
          0
          9
          0
        255
        205
        156
         21
          0
        103
         11
        149
         43
          0
        223
          6
          0
         38
          0
          0
          0
         57
         39
         43
        160
        154
         48
          0
         48
          0
         47
         20
        142
          0
          0
         22
        119
          0
        122
          0
         96
        183
         53
        122
        189
         98
         12
         28
          0
         70
         19
          0
         17
         87
          0
        104
         67
          0
          0
          0
          0
         24
          0
          0
        151
          7
          0
          0
          0
         15
          0
          8
          0
        150
         47
        184
         95
          3
         34
         82
         51
         98
          0
        157
          2
          0
          0
         66
        116
        165
        100
         71
          0
          2
         28
          0
        255
         37
         38
          0
          0
        217
         27
         24
         86
        153
         96
         73
        121
          0
         46
          0
         54
         34
          0
        114
          0
          0
          0
         87
          0
        202
          0
          0
          0
          0
          4
          5
         46
         74
          0
          0
         76
        121
         11
          0
          0
          0
         38
        173
        121
         43
          0
          0
         34
        109
          0
        174
        147
          0
          0
         59
          0
        192
          0
         34
          0
         33
         73
          0
         14
         60
          0
         52
        112
         42
          0
          0
         52
        153
         53
         79
        125
         74
         86
         71
          0
          0
          0
        141
          0
          0
          0
         17
         33
          0
          0
          0
          0
        133
        103
          0
          0
          0
          0
         22
          0
        217
        153
        101
          0
          9
        159
         47
          0
          0
         71
         19
         75
         63
         12
        160
          0
          0
          0
         23
          0
        141
          0
          0
          0
          0
         17
         22
          0
          0
          0
          0
        169
         62
        104
        123
          0
        223
        113
        183
        100
         95
          0
        228
         48
         14
         80
        164
          2
         66
          0
         51
          0
          0
         87
         77
        138
        158
        162
          0
        178
          9
          0
          0
         14
         96
        116
          0
          0
          3
         33
         72
         84
         95
         23
          0
         43
          0
          0
         89
          0
         46
         15
         67
        145
          0
          0
          0
         49
          0
        123
          0
        255
         54
        144
         59
        161
        222
          0
          0
          0
        255
          0
        121
         78
          0
         71
         98
          0
        109
          0
         79
          0
          0
         27
        106
          0
         20
          0
         53
          0
          0
        179
         60
          0
          0
         88
          0
         65
          0
        178
          0
          0
         19
          0
        127
        101
         69
         75
          0
         30
          0
          0
         83
        135
          0
          0
          0
         92
        180
          0
         31
        137
          0
         76
          0
          0
          0
          0
          0
        152
         98
         60
          0
         42
         69
         59
        167
         22
          0
         63
        137
          0
         57
         52
         62
         64
          0
          0
         90
         88
        194
         96
          0
          0
          0
         55
          0
        143
          0
          0
         33
          0
          0
         22
         23
          0
          0
          0
        137
        131
         71
         47
          0
          0
         32
          0
        160
          0
          0
          0
          4
          0
          0
          0
          0
          0
         28
          0
          0
         92
         48
        157
         50
          0
         21
         48
          0
         39
          0
         34
         44
        247
         74
        119
        173
         27
          0
          0
          0
          0
          0
          0
        116
         92
          0
        255
        123
          0
          0
        104
          0
         50
          0
          0
          0
         84
         88
          0
          0
          0
        229
        138
         50
         24
        108
        124
        166
         61
         73
          0
        156
         34
          0
          0
          0
          0
          0
          0
         31
          0
        119
         76
          0
          0
         11
          0
          0
        255
        205
         54
         91
          0
        159
         68
         99
         33
         86
         81
          2
          0
         18
          0
        123
          0
        137
          0
          8
          0
          0
          0
         27
          0
        116
          0
          0
        253
         51
          0
          0
          0
          0
        172
          0
         56
         28
        114
          0
        221
         94
          0
         98
          0
         98
          4
        152
          0
          0
          0
         49
          0
          0
        255
          0
         54
          0
        248
          0
        204
         10
          0
         37
         10
          0
          0
         31
          0
         13
        141
        137
        225
         57
        114
        176
          0
          0
          0
         95
          0
          0
          0
          0
        119
        143
          0
          0
          0
         33
         61
          0
        212
         30
          0
          0
        245
          0
        132
          0
         75
        250
         54
        147
         26
          0
         26
        191
        102
          0
          0
        140
         27
          0
          0
         78
        186
          0
          0
          0
         33
         57
        146
          0
        109
          0
          0
          0
        255
          0
        173
          0
         76
        220
          0
        123
         27
          0
        131
          0
          0
         88
          0
        130
        186
          0
          0
         20
         21
          0
         47
          0
         71
        231
        229
        127
         41
          0
          0
         52
        208
          0
         49
          0
          0
          0
         14
        144
         61
          0
        109
        206
         71
        106
          8
          0
        154
          0
          0
          0
        189
        109
          0
          0
         79
          0
         70
          3
        132
          0
          0
          0
        225
          0
         95
         91
          0
        126
         84
         19
        205
         94
         48
         70
         25
          0
          0
        115
          0
        255
        117
          0
         25
          0
        255
        132
         24
         59
        121
        253
          0
          0
          0
         15
         27
          0
         64
          0
          0
         84
          0
         25
          0
        109
         62
        184
         89
         81
         32
         80
          0
          0
          5
          0
         88
          0
         30
          0
         11
          0
          0
          0
        217
         44
          0
          0
          0
        193
         72
          0
          0
          0
          4
         29
          0
         81
        112
        205
          0
         42
          0
        171
        164
          0
          0
          0
          0
        196
         81
          7
        117
        235
          0
          0
          0
          0
          0
          0
        104
          0
        165
         43
          0
         13
        121
          0
          0
          0
         62
          0
         88
          0
          0
        146
          0
         30
         26
        118
         49
          0
          0
          0
        119
        255
         11
        191
        255
          0
          0
         73
        221
          0
        125
         90
          0
         30
         77
         80
          0
         12
        168
          0
         52
          0
          0
          0
          0
        201
          0
         96
        104
        201
          0
        127
          0
          0
        116
          0
        196
          0
          0
         40
          0
          0
         73
          0
         15
          4
         85
         86
         78
         99
          9
          0
         44
          0
         27
        131
         25
          5
          0
          0
         29
        158
          0
          0
         19
         87
        252
          0
         45
          0
          0
         54
        199
        252
         55
          0
         24
          0
         75
         91
          0
          0
          0
        124
          0
          5
          0
        120
         37
          0
          0
         49
        148
          0
          0
         85
         72
          0
         31
          0
         66
          0
          0
          0
         69
        144
         45
         44
          0
          0
         60
        173
        137
          0
        196
         49
          0
          0
          5
        161
          0
          0
          0
         87
          0
        157
        255
          8
          9
         84
         87
          0
        255
         66
          0
         39
          0
          0
         81
          0
          0
         85
        161
        127
