          0
          0
          0
          0
        127
          0
        171
         63
          3
         93
        206
          0
         76
          0
        112
        115
          0
         23
          0
         55
         16
          0
          5
          0
        255
          0
        248
          0
          0
        116
          0
        255
          0
          8
        109
          0
        202
        144
         34
          8
          0
        115
          0
        255
        115
        102
        255
         16
        226
          0
          0
          0
        109
          0
          0
        210
          0
        147
          0
         72
          0
         41
          0
          0
          0
         60
        165
          0
         41
          0
        113
          0
         35
          0
        191
        157
         99
          0
        255
          0
        204
        113
          0
        150
         89
          0
          0
          0
          0
        174
         76
          0
          0
        115
          0
          0
          0
         37
        139
          0
         34
          0
          0
         27
          0
          2
          0
          0
          0
          0
        230
          0
          0
          0
          0
         57
         53
          0
         60
          0
          0
          0
        255
          0
          0
        129
         68
         46
         55
          0
         14
         22
          0
         16
        206
         72
          0
         59
          0
        255
         11
          0
          0
          0
          0
        115
          0
          0
        235
          0
        161
          0
        255
          0
        227
          0
          0
        114
        255
          0
          0
        132
          0
          0
          0
        121
          0
         37
        255
        239
        255
          0
          0
         36
          0
          0
          0
        145
          0
         77
         24
        233
         87
         96
          0
          0
          0
          0
         34
          0
          0
        219
          0
          0
          0
         14
         95
        119
          0
         37
          0
          0
          0
          0
          0
        107
        255
         85
          0
          0
          0
          0
         32
          0
        126
         33
          0
          0
          0
          0
         13
          3
          0
        255
          0
          0
          0
          0
        120
          0
        180
          0
          0
          0
          0
         68
         63
         25
        217
          0
          0
          0
          0
        119
          0
          0
          0
          0
          0
         52
        255
          0
          7
         69
          0
        255
          0
          0
         30
          0
         36
          0
        171
          0
          0
         90
          0
          0
         42
          0
          0
        225
        255
         72
        111
         70
         44
         35
          0
          0
        255
          9
        255
          0
          0
          0
        248
          0
          0
          0
          6
         81
        153
         15
          0
          0
        156
        188
          0
          0
          1
         45
          0
          0
          0
         23
          0
        161
         36
          0
          0
          1
          0
          0
          0
          0
         56
         21
          0
          0
         24
        133
        223
          0
         44
         30
          0
         15
        255
          0
          0
          0
          0
          0
          0
          0
          0
          0
        143
          0
        127
          0
          0
        255
          0
        127
        103
          0
         49
          0
        255
          0
         24
          0
          0
          7
         20
          0
          0
          0
          0
          0
          0
          0
         48
          0
        105
          0
          0
          0
        125
          0
          0
        175
          0
        252
        255
          0
          0
         58
          0
         80
         89
          0
         26
        129
         61
         38
          0
         62
         96
          0
          0
          0
          0
          0
          0
          0
          0
        230
         14
        136
          0
         99
         31
        141
          0
         30
        246
          1
          0
          0
          0
          0
        255
          0
          0
         82
         96
          0
          0
        149
          0
          0
        255
          0
        222
        238
        187
          0
          0
          0
          0
        107
          0
          0
        213
          0
         29
          0
          0
         32
          0
          0
         60
        150
         97
          0
         27
          0
        244
          3
          0
          0
        163
         82
          0
          0
          0
        255
         74
          0
          0
          0
          0
          0
          0
          0
         23
          0
          0
          0
          0
         46
          0
          0
         47
         47
        255
        255
          0
          0
          0
         11
          0
          0
          0
          0
         71
          2
          0
          0
        172
        121
          0
         10
        152
         43
          0
        168
          0
          0
        117
          0
        255
          6
        255
          4
          0
         99
        209
          0
