          0
        239
          0
          0
         24
        120
         87
          0
          0
          0
        185
          0
          0
         26
          0
          0
        143
        255
          2
          0
        191
        162
          0
         32
        254
        255
          0
          0
         20
         87
         77
          0
        178
          0
        255
          0
          0
         29
          0
          0
          0
          0
          0
          0
         36
          0
        255
          0
          0
          0
          0
          0
          0
        190
          0
        112
        222
         41
          0
         66
        255
          0
        187
        102
         90
          0
         53
         91
        117
          0
          0
          0
          0
        152
          0
          0
         77
          0
        255
          0
          0
        149
         24
        255
          0
          0
          0
         82
         73
        135
          0
        164
        230
          0
         36
        161
          0
          0
          0
          0
          0
          0
          0
          0
          0
          0
          0
          0
         85
          0
          0
          0
          0
          0
          0
        236
          0
         52
         74
         86
        153
        152
          0
          9
          0
          0
        160
        228
        166
          0
          0
         28
        107
          0
         51
          0
         26
          0
          0
          0
        111
          0
          0
          0
          0
         49
        125
        255
         37
          3
          0
        118
        193
         20
          0
          0
          0
         41
          0
        255
        144
          0
          0
          0
         24
          9
          0
          0
          0
          0
          0
        125
          0
        118
          0
        148
          0
          0
          0
          0
          0
         57
          0
         98
        255
          0
          0
          0
          0
          0
        201
          0
          0
        221
        159
          0
          0
         86
          0
        255
        149
          5
         13
          0
          0
        128
          0
          0
          0
          0
         24
          0
         58
         43
          0
         88
          0
         18
          0
          0
        171
          0
        166
        168
          0
        241
        187
         46
         77
          0
         82
          0
          0
         39
         55
          0
          0
          0
         46
          0
        148
         30
          0
          0
          0
          0
          0
        144
        110
          0
          0
          0
         18
          0
          0
          0
          0
          0
          0
          0
          0
        127
          0
        145
          0
        147
          0
          0
         69
         27
        255
        225
          0
        173
          0
          0
        194
          0
          0
        151
          0
        255
          0
          0
          0
          0
          0
        217
        207
         49
        208
          0
         11
          0
          0
          0
          0
        101
        174
          0
        107
          0
          0
          0
        116
        255
        133
        255
          0
        144
         40
          0
          0
          0
          0
        255
        255
          0
          0
          9
          0
          0
          0
        113
          0
          0
         95
         83
        118
        114
         20
        255
        119
          0
          0
          0
         17
          0
        141
        186
        166
          0
        156
          0
        108
          0
          0
        255
          0
          0
        188
          0
        106
          0
          0
          0
          0
          0
          0
        183
        136
          0
          0
          0
         41
          0
          0
          0
        196
          0
         85
          0
          0
          0
          0
        113
          0
        230
          0
          0
          0
          0
        227
         68
        184
          0
        196
          0
          0
         82
         18
         63
        121
          0
          0
        255
         61
          0
        143
         82
          0
        255
         14
          0
         68
        187
        128
        145
          0
         42
        207
          0
          0
         10
        219
         17
        127
          0
          0
          0
          0
          0
          0
         76
        109
          0
          0
          0
          0
        113
          0
          0
          0
          0
          0
         49
          0
          0
          0
         93
          0
          0
          0
        255
        255
         50
          0
        201
          0
          0
          0
          0
        111
          0
          0
          0
        167
          0
          0
          0
          0
        128
          0
         74
          0
          0
          0
        135
          7
         25
          0
          0
          0
          0
          0
        248
        107
        112
        176
          0
          0
          0
        122
         91
         18
         68
         93
        255
        128
         66
         27
          0
          0
          0
          0
          7
         43
          0
        129
        255
          0
          0
          0
         41
          0
          0
          0
          0
         36
          0
         67
        255
          0
         70
          0
          0
          0
          0
         48
        223
        152
          0
        143
        255
          0
         46
        220
        202
         46
        255
          0
        255
          0
          0
          0
          0
          0
        249
          0
        122
        228
        174
         18
          0
         89
          0
        126
         51
        178
          0
          0
         21
          0
          0
          0
         68
          0
        175
          0
        103
         96
          0
         84
        237
         29
        136
         20
        128
         15
          0
          0
         80
        255
          0
          0
          0
         98
          0
         77
          0
          0
         88
          0
         40
          0
        165
          0
          0
          0
        173
          0
        170
        173
          0
         39
        255
        105
         12
          0
        121
         81
        165
          0
          0
        255
          0
          0
         80
          0
        255
          0
         81
          0
        123
        207
         49
          0
          0
        122
          0
         77
        167
         97
          0
        200
          0
        138
          0
          0
          0
         24
          0
         53
        140
         73
        126
        255
          0
          0
         23
        140
          0
          0
          0
        104
         65
          0
          0
          0
        149
        108
         19
         34
          0
          0
          0
        168
        255
          0
         46
         16
         30
          0
         27
          0
        128
          0
         81
          0
         59
          0
          0
          0
          0
          0
          0
        104
          0
         81
          0
        142
          0
          0
          0
          0
        178
          0
        199
          0
         22
         46
          5
         30
          0
         32
          0
         44
         59
          0
          0
          0
        101
         28
          0
          0
        141
          0
         36
          0
        148
          0
          0
         86
         36
        190
         41
          0
          0
          0
          0
          0
          0
          4
          0
          0
          0
          0
          0
         92
          0
        214
          0
          0
          0
        116
          0
          1
          0
         62
        185
          0
          0
          0
        141
          0
         64
         14
         43
          0
         96
          0
        184
        199
        134
         52
         45
          0
          0
          0
          0
          0
          0
          0
          0
        255
          0
          0
          0
          0
         19
          0
          0
          0
          0
          0
        112
         84
          0
          0
        213
          0
         86
          0
        188
         89
        190
          0
          0
         79
          0
        155
          0
        129
        255
         57
         49
          0
        129
          0
          0
         57
         14
          0
          0
          0
        136
        253
          0
         35
          0
        171
          0
         72
        138
        255
          0
          0
          0
        115
        224
          0
        255
          0
          0
          0
          0
          0
        242
        233
          0
        106
          0
          0
         72
          0
          0
          0
          0
          0
          0
        109
          0
          0
         22
        111
          0
         37
        142
        189
          0
         91
         15
          0
        221
          0
         90
          0
          0
        163
        255
          0
          0
        188
         15
        177
        255
          0
          0
          0
          0
          0
        131
          0
          0
          0
        255
          0
        141
          0
          0
          0
          0
         88
        156
          0
        214
          0
        155
        112
        243
          0
        200
        255
          0
         74
        255
          0
        255
          0
          0
          0
        131
          0
        207
         89
        109
          0
        206
         96
        177
          0
          0
          0
          0
          0
          0
          0
        167
         52
        156
        179
        102
          0
          0
        255
          0
          0
          0
          0
          0
         59
          0
        108
         63
          0
          0
          0
          0
          0
        244
        115
         68
          0
          0
          0
        255
          0
          0
          8
        219
          0
          0
         56
          0
          0
          0
        206
          0
          0
        230
         92
          0
          6
        131
          3
         87
          8
        132
         74
         14
          0
        121
          0
          0
          0
         80
         20
          0
         69
        205
          0
          0
          0
          0
          0
          0
        197
        218
        217
          0
         42
        131
        220
          0
          7
         70
         33
          0
          0
          0
          0
         23
        115
        167
          0
          0
          0
          0
        181
        152
        103
        255
          0
          0
          0
          0
        243
          0
          0
          0
          0
          0
          0
          0
          0
        164
          0
          0
          0
        159
          0
        111
        162
        161
          0
          0
         48
         40
        255
          0
          0
          0
        128
        255
        144
          0
          0
          0
        197
        176
          0
        235
          0
         79
         52
          2
          0
        166
          0
          0
          0
        130
          0
          0
         77
         32
         82
          0
         11
          0
          0
         78
          0
          0
         66
        237
          0
          0
         43
         23
         29
        255
          0
         46
        241
         65
          0
         47
          0
          0
          0
          0
          0
          0
          0
         52
        145
          0
          2
          0
         61
          0
          0
         82
          0
          0
          0
          0
          0
          0
          0
          0
         60
          0
          0
        255
         33
         62
        218
         87
        148
        107
        172
          0
          0
        150
          0
         31
         59
        168
          0
        255
         45
        151
          0
        156
          0
        255
          0
        204
        118
         37
        162
          0
         16
        188
        210
        255
         65
          0
          0
         94
        192
         47
          0
          0
          0
         95
         56
         28
        143
        119
         68
        239
         97
          0
          0
        196
          0
          2
        125
         23
          0
          0
          0
          0
        183
         44
         82
          0
          0
          0
          0
          0
         20
          0
          0
         80
        130
         78
          0
          0
         96
         21
          0
        255
        124
          0
          0
          0
          0
          0
          0
          0
          4
          0
         70
          0
          0
         19
          0
          0
          0
         84
        122
          0
          0
          0
          0
          0
        116
        125
          0
         31
          0
         56
         52
        255
         74
          0
          0
          0
          0
          0
         71
        204
          0
          0
          0
          0
          0
          0
          0
          0
          0
          0
         99
        209
          0
        255
         63
          0
        119
        144
          0
         65
          0
         96
          0
         81
        103
        178
          0
          0
          0
         80
          0
          0
         20
         26
        177
         21
          0
          0
         39
        255
        151
        132
        104
          0
          0
        255
          0
          0
          0
          0
          0
          0
          0
          0
          0
        255
         59
        110
          0
          0
          0
          0
          0
        255
         48
          0
          0
          0
          0
         56
         23
          0
          0
        174
        201
          0
          0
          0
          0
          1
        141
          0
         36
          0
          0
         24
        138
        255
         90
        140
        255
        211
          0
          0
          0
          0
         74
         40
        148
         47
        221
         50
          7
          0
        255
          0
        205
        178
        134
        255
          0
          9
        127
        114
          0
          0
        169
        162
        173
          0
          0
          0
          0
        138
        201
        106
         74
        143
          0
          0
         53
          0
          0
          0
          0
        221
        255
          0
        178
        255
        154
          0
          0
          0
        150
          0
          0
        127
          0
          0
        125
          0
        119
          0
        166
         46
        209
          0
         78
          0
        138
        160
          0
        154
         54
          0
          0
          0
        255
          0
        200
          0
          0
         65
          0
          0
          0
          0
          0
        165
        153
          0
          0
        131
         51
          0
         56
         68
          0
          0
        128
         16
          0
        245
        184
        145
          0
        239
          0
          0
        255
          0
         79
          0
         81
        255
          0
         21
        149
          0
          0
          0
        114
          0
          0
          0
          0
          0
        255
          0
          0
        255
         94
          0
          0
          0
          0
          0
         57
         87
          0
          0
          0
          6
          0
        232
          0
          0
          0
          0
         66
          0
          0
        105
        157
         43
         49
          0
          0
          0
        255
        190
        172
         75
         40
         90
          0
         72
         49
        143
        148
        142
         71
        122
        255
          0
          0
          0
         51
        255
         49
          0
          0
          0
          0
        164
          0
         45
         21
         33
        115
        147
          0
        219
          0
          0
         66
        255
          0
          0
        163
          0
          0
          0
          0
          0
          0
          0
        146
          0
          0
        218
          0
          0
         14
          0
          4
        195
          0
          0
          0
        178
         50
         30
          0
          0
         67
          0
        102
          0
          9
        206
          0
         66
          0
        255
          0
          0
         50
         89
        122
          0
          0
          0
          0
          0
        169
          0
          0
          2
        153
          0
          0
          0
         92
          0
          0
        139
          0
         18
         11
         72
          0
          0
          0
         57
          0
          0
        146
          0
          0
          0
          0
        249
          0
          0
         16
         95
          0
        166
        103
          0
          0
          0
          6
        242
          0
          0
          0
          0
          0
          0
         61
         41
          0
        198
          0
          0
         28
          0
          0
          0
        211
          4
        197
          0
         63
          0
          0
          0
          0
        167
          0
          0
        116
        122
          0
        255
          0
        128
          0
        208
         96
        100
         43
        152
          0
          0
          0
          0
        141
        113
          0
        255
         62
          0
          0
          0
          0
          0
          0
          0
          0
          0
          0
        133
          9
          0
          3
        255
         46
          0
          0
          0
          0
          0
        122
        155
         59
          0
         19
          0
          0
        255
          9
          0
          0
        119
          0
        199
          0
          0
         80
          0
        148
          0
          0
         85
         68
          0
          0
        191
          0
          0
          0
        219
          0
          0
          0
          0
          0
        202
          0
          0
          0
          0
          0
        255
        255
        182
          0
          0
          0
          0
          0
         89
        100
          0
        255
         12
        127
          0
          0
        255
          0
          0
        187
          0
          0
        177
        109
        203
          0
         28
          0
          0
        114
          0
          0
          0
        255
         80
          0
        188
          0
        255
          0
         21
         22
         36
        127
          0
          0
        103
        113
          0
        130
         85
          0
         32
          0
          0
         98
          0
          0
        169
          0
          0
         75
          0
         73
          0
          0
          0
         81
          0
         88
        128
          0
          0
          0
         43
          0
          0
          0
          0
          0
          0
         17
         64
          0
          0
          0
         32
         30
          0
          0
          0
          5
          0
          0
        110
        145
        196
          0
          0
        205
          0
        128
        183
          0
          0
          0
         43
          0
          0
        141
          0
         42
          0
          0
          0
          0
        101
         95
          0
          0
          0
          0
          0
          0
          0
          0
         88
          0
        168
        255
         37
         12
          0
        154
         70
          0
          0
          0
         90
          0
          0
        118
          0
          0
          0
          3
          0
        255
         47
          0
          0
          0
        242
         83
        117
         27
        141
          0
          0
         56
        241
          0
        129
        108
          0
          0
          0
        131
          0
          0
          0
          0
          0
         95
          0
         96
          0
          0
          0
        255
          0
         14
          0
         36
        191
          0
          0
         54
          0
          0
         28
          0
          2
          0
         56
         26
          0
        214
         18
         81
          0
          0
         73
        255
         76
          0
        158
         51
          0
          0
         14
          0
         71
          0
          0
         62
        255
          3
          0
          0
         68
          0
        126
          0
          0
          0
         66
        128
          0
         46
          0
         87
          0
          0
         50
          0
         75
         44
        160
          0
        255
        119
        166
          0
         24
         72
          0
         85
        255
          7
        115
          8
        111
          0
          0
          0
          0
          0
        108
         36
          0
         54
         38
          0
          7
        162
         42
          0
          0
        135
          0
          0
        149
         19
          0
          0
        214
         39
          0
         63
          0
          0
        134
         47
        157
          0
          0
          0
          0
          0
          0
         91
          0
          0
          0
          0
          0
          0
        124
         25
          5
          0
         85
          0
        236
          0
          0
        255
          0
        111
          0
        117
          0
          0
          6
          0
          0
          0
          0
          0
        255
          0
          0
         30
          0
