         53
          0
         74
         67
          0
         23
         64
          0
        221
        145
          0
          0
        255
        225
          0
        158
         65
         68
          0
        197
        255
        255
          0
          0
          0
         81
        255
          0
        255
        255
          0
          0
         28
        255
         80
        118
          0
          0
          0
        255
        209
          0
          0
          0
          0
          0
        179
        136
          0
          0
          0
          0
         77
        255
        144
         50
         88
          0
        122
         64
        188
          0
          0
        255
          0
        255
          0
          0
          0
          0
         59
        236
          0
          0
          0
          0
          0
          0
          0
        149
          0
          0
          0
          0
          0
         36
        164
        151
          0
          0
          0
          0
          0
          0
          0
        153
          0
          0
          0
          0
          0
          0
        144
        255
         65
          0
          0
          0
        247
          0
          0
        255
          0
          0
          8
          0
         55
        255
        136
        124
          0
          0
         67
        148
        255
          0
          0
        188
          0
          0
          0
          0
        255
          0
          0
          8
          0
          0
        255
          0
          0
         30
          0
          0
          0
          0
         52
        180
          0
        203
        194
          0
          0
          0
          0
        163
        145
          0
          0
        255
          0
          0
         46
        100
          0
        206
         38
          0
          0
          0
         96
         79
        230
          0
         34
        255
          0
          0
          0
        155
          0
        255
        137
          0
          0
          0
        194
          0
          0
        135
          0
          0
         50
          0
         89
          0
        255
          0
        149
          0
          0
        109
        133
          0
          0
        230
        160
          0
          0
          0
          0
        195
        119
        255
        199
        111
          0
        132
        198
          0
        176
        255
          0
          0
         23
        255
          0
          0
         12
          0
        255
          0
        111
          0
          0
         58
          0
          0
         71
          0
          0
          0
          0
         54
          0
         23
        159
          0
          0
        120
        187
          0
        205
          0
          0
          0
          0
          0
          0
        255
        255
         62
          0
          0
        108
          1
         96
          0
          0
         11
         94
         69
          0
        139
          0
        151
        255
         52
         84
          0
          0
         17
          1
          0
          0
          0
         46
          0
          0
        255
         79
         67
        250
         27
          0
        255
          0
          0
          0
          0
          6
         65
          0
        255
          0
          0
          0
          0
        112
          0
          0
        210
         88
         45
          0
          0
          0
         23
         13
        130
          0
          0
         30
          0
        255
        200
          0
        255
         73
          0
          0
         64
          0
          1
         74
          7
          0
          0
        129
          0
          0
          0
         60
          0
         14
         32
          0
          0
          0
          0
          0
          0
        145
          0
          0
         86
          0
          0
        223
        160
          0
          0
        119
          9
          0
         84
          0
          0
          2
         52
          0
        137
        255
        255
        157
          5
          0
        153
          0
          0
          0
          0
          0
          0
          0
          0
          0
        243
        255
         60
        187
        255
          0
          0
         29
         91
          0
          0
          0
        119
        124
          0
         43
         65
        120
        189
        198
        140
          0
         65
          0
        125
        255
          0
         37
        181
        232
        255
          0
        205
        171
          0
         39
        255
          0
        104
          0
        128
          0
          0
          0
        255
        255
          0
         65
         60
          0
          0
         36
          0
          0
        131
          0
          0
        255
        218
         89
          0
          0
        255
          0
        167
        112
          0
         41
          0
          0
         28
          0
         66
        117
        173
         92
          0
        255
          0
        137
         72
          0
        185
        159
        165
         48
         70
          0
          0
          0
        132
        106
        255
          0
        160
          0
          0
          0
          0
        255
         88
         73
          0
          0
        100
          0
        124
         41
        255
          0
          0
          0
         24
          0
        255
          0
          0
          0
          0
        129
        127
        112
          0
          0
        112
        141
          0
          0
          0
          0
          0
        117
        255
        127
         20
         71
         62
        255
         47
        169
        131
        244
        233
        121
        193
        230
          0
          0
          0
        104
         85
          0
          0
          0
        146
         78
          0
          0
        255
          0
        208
        255
         28
          0
          0
          0
         82
          0
         48
         92
          0
          9
        231
          0
          0
          0
        105
          0
          0
          0
          0
         88
         28
          8
         74
        255
          0
         88
          0
         47
          0
          0
          0
        173
          0
         30
          0
          0
         36
          0
        134
          2
         43
         24
          0
        255
        196
          0
         65
          0
        232
          0
          0
          0
        157
          0
          0
          0
          0
          0
          0
          0
          0
          0
        255
         59
          0
         13
          0
          0
         42
          0
         96
          0
         50
          0
         26
        255
         63
         21
        137
        255
          0
         67
         70
          0
          0
          0
          0
          0
          0
          0
          0
        132
        255
          0
         94
        255
          0
         57
        237
          0
          0
          0
        157
          0
          0
          0
        220
          0
          0
          0
          0
          0
        255
        153
          0
          0
         70
          0
          0
        255
          0
         16
          0
          0
        255
          0
          0
        222
        117
          0
          0
          0
         58
        251
          8
        255
         84
          0
          0
          0
          0
        104
        183
          0
        246
          0
        115
         81
        132
          0
          0
        255
          0
         85
          0
        175
          0
         21
        191
        255
          0
          0
        166
          0
        140
          0
         22
          0
         24
          0
          0
          4
        139
          0
         74
        255
        176
          0
          0
          0
          7
          0
          0
        255
         31
         96
          0
        221
        255
         76
          0
          0
         63
        166
          0
         86
          6
          0
          0
          0
         17
        105
          0
        126
          0
          0
         18
          0
        118
        166
          0
          0
        100
          0
        120
        149
          0
          0
          0
        171
        255
         46
        255
        255
        120
        167
        179
        162
          0
          0
         21
          0
          0
        177
        255
        200
        101
          0
          0
        255
         82
          0
          0
         95
          0
         42
        127
        255
        255
          0
        158
         80
        255
         53
        219
        231
          0
          0
          0
          0
          0
          0
         32
          0
          0
          0
          0
          0
          0
          0
        171
        141
          0
          0
          0
          0
          0
          0
         20
          0
          0
          0
          0
        167
          0
          0
          0
        255
          0
          0
          0
          0
        114
         66
        191
          0
        127
         72
          0
        213
          0
        111
        136
          0
        255
          0
          0
          0
          0
          0
        191
          0
          0
         16
          0
        189
        255
          0
          0
        162
         87
          0
          3
          0
         61
          0
        148
        250
          0
          0
        158
          0
         15
          0
        113
        255
          0
          0
        168
          0
        130
         94
         50
          0
          0
         15
        195
          0
        255
         30
         31
        255
         15
          0
          0
          0
         38
          0
          0
         38
          0
          0
          0
        255
          0
        109
        140
        255
         24
         78
        143
         54
        120
          0
          0
        255
         80
        101
        255
          0
        255
         50
        137
        255
         95
        255
          0
        210
          0
          0
         86
          0
          0
         78
          0
        252
          0
          0
        154
        255
          0
          0
        112
          0
        130
         91
          0
        255
          0
         69
        252
          0
          0
          0
         75
        177
          0
         24
          0
          0
          0
          0
          0
          0
          0
          0
        129
          0
         10
          0
          0
          0
          0
          0
        168
          0
         26
          0
        146
          0
          0
          0
        255
        153
        255
          0
          0
          0
          0
        232
        113
        162
          0
          0
          0
          0
        139
         36
          0
          0
          0
          3
         89
          1
          0
        175
        180
          0
        157
          0
          0
        255
          0
         77
        219
        113
          0
         46
          0
        255
          0
        216
        255
        193
          0
          0
          0
         88
          0
          0
         21
          0
        204
          0
          0
        255
         96
        157
          0
          0
         67
         88
        201
          0
        148
          0
        255
        214
          0
          0
        170
        255
          0
         19
          0
          0
         91
          0
        156
          0
          0
          0
        255
          0
          0
          0
        181
         52
        255
        184
        173
          0
         86
          0
          0
          0
          0
          0
          0
        237
          0
          0
          0
         99
          0
         14
          0
          0
          0
         70
          0
          0
          0
          0
        255
          0
          0
        140
        147
          0
         36
        100
         82
        124
         74
        106
        129
          0
          0
         68
        255
          0
        255
          0
        167
          0
        135
          0
        255
          4
          0
         50
          0
          0
          0
          0
         48
        190
          0
          0
        112
        255
        255
          0
          0
        119
        155
          0
         43
          0
          0
          0
        255
        233
        255
          8
          0
        223
         64
         62
        131
          0
         14
          0
        223
        215
          0
          0
          0
        102
        223
          0
          2
          0
          0
         34
          8
          0
          0
          0
          0
        246
        100
         39
          0
        122
          0
          0
          0
        111
         36
          0
          0
          0
          0
          0
         70
          8
        107
          0
          0
         47
          0
          0
        152
          0
          0
         86
        163
         36
         95
          0
          0
          0
         95
         94
          0
         62
          0
         60
        104
        147
          0
          0
        255
          0
          0
         39
         54
         32
        250
         12
          0
        255
          0
          0
          0
          0
        255
          0
        244
         74
        114
          0
         92
          0
          0
         33
          3
          0
          0
          3
         39
          0
          0
        101
          0
         69
         19
         15
          0
         99
        117
         51
          0
        127
          0
          0
         89
          0
        195
          0
        142
         69
          0
          0
        140
          0
          0
          0
          0
         67
          0
          0
        242
          0
        144
        255
          0
          0
          0
          0
         77
        255
          0
        153
          0
        138
        143
         59
          0
        255
        136
         63
          0
          0
         18
        220
        210
        144
        144
          0
          0
        130
          0
          0
         11
        232
          0
          0
          0
         98
         76
        255
          0
          0
          0
         30
          7
        151
          0
          0
        182
        206
        255
          0
         89
          0
          0
          0
         22
        255
          0
          0
        136
        116
          0
         93
         95
        255
          0
        193
          0
          0
          0
          0
          0
          0
        149
          0
        125
          0
          5
          0
          0
        167
        255
         53
         78
         29
         62
        151
         73
          0
         55
          4
        255
        208
        255
          8
         10
        255
          0
          0
          0
          0
          0
          0
        231
         83
          0
         25
         58
          0
          6
          0
         31
        166
        228
         53
        199
        227
        109
          0
         83
          0
          0
         79
          0
        134
        255
         62
        217
        169
          0
         64
        255
          0
          0
          0
         38
          0
          0
          0
        195
          0
        170
          0
         21
        255
        255
        142
        205
          0
          0
          0
        228
        255
          0
         73
        255
          0
        255
          0
        255
        193
          0
          0
          0
          0
          0
          0
         76
          0
        153
          0
          0
          0
          0
          1
        133
          0
         79
         86
         74
        207
         12
          0
          0
          0
          0
         96
          0
         32
         48
          0
        119
        125
          0
          0
          0
          0
          0
          4
        100
          0
          0
        125
          0
          0
          0
          0
          7
          0
        128
          0
         50
          0
          0
          0
        155
          0
          0
          4
          0
        170
        137
          0
          0
          0
         39
        103
          0
        170
         66
          0
        124
         27
          0
        124
          0
        143
          0
          0
          0
          0
          0
          0
        153
          0
        125
        139
        198
        227
          0
          0
        255
        208
        255
         59
          0
          0
         77
         66
        255
        225
          4
          0
          0
         65
          0
        163
         84
          0
        163
         20
        149
        239
        145
         52
          0
        121
         97
          0
          0
          0
         72
         76
          0
          0
        255
         58
        173
        255
          0
          0
          0
        183
         35
        255
          0
          0
         82
         70
        175
        146
          0
          0
         27
          0
         57
          0
        255
          0
          0
          0
         17
          0
        255
         32
          0
        123
        255
          0
         93
        255
          0
        101
          0
        188
          0
          0
        222
        255
        153
         38
         90
          0
          0
          0
        183
          0
        138
         25
          0
         16
        116
         94
          0
        255
        255
          0
          0
         50
        255
         38
        255
        255
          0
          0
        255
          0
          0
          0
          0
         49
        255
          0
         66
         64
          0
         59
        170
          0
          0
          0
        105
          0
          0
        255
        141
        255
        184
         24
        102
          0
        219
          0
         49
        195
          0
          0
        184
          0
          0
          0
        113
          0
          0
          0
          0
        129
        241
          0
         34
          0
          0
         58
          0
        212
         59
          0
          0
          0
          0
         23
        156
        107
        255
          0
         20
        194
         12
          0
        170
          0
          0
        239
        163
          0
          0
          0
          0
        255
         34
          0
         94
         95
          0
          0
         88
        148
        103
          0
        200
          0
         31
         59
          0
          0
        255
          0
        253
        255
        197
          0
          0
         42
          0
          0
        110
          0
          0
         97
          0
        151
          0
         68
        109
         45
          0
          0
          0
        217
          0
          0
        154
        255
          0
         19
        250
         18
         61
          0
          0
          0
          0
         46
          0
        112
        117
         84
          0
         91
         24
        128
          0
          0
          0
         66
          2
         93
          0
          0
        188
         49
        158
        255
          0
        255
          0
          0
        255
          0
        198
         62
         11
          0
          0
          0
        147
          0
          7
          0
          0
        218
          0
          0
          0
        133
        118
          0
          0
         68
          0
         68
          7
         53
         13
          0
          0
         97
        255
         66
          0
        102
          0
          0
        178
          0
          0
        255
          0
          3
         44
        178
        239
          0
          0
          0
          0
          0
          0
          0
          0
         76
          0
          0
        169
          0
          0
        255
          0
         82
          0
         56
          0
          0
        167
          0
         61
          0
          0
          0
        255
          0
         74
        116
        255
        144
        118
        108
          0
          0
          0
          0
          0
          0
        255
          0
          0
         38
          0
          0
          0
        108
        203
         55
          0
          0
          0
         56
          0
          0
         59
        255
          0
          0
        159
        255
        162
          0
         28
          0
          0
         82
          0
          0
          0
          0
        255
          0
         76
        144
          0
        255
          0
        146
        255
         58
          0
          0
        255
          0
          0
        255
         21
          0
          0
          0
         75
        171
        255
         26
        159
         11
          0
        174
          0
          0
          0
        177
          0
          0
        214
          0
          0
          0
          0
        200
          0
         87
         38
         85
        123
          5
          0
          0
          0
        234
        255
          0
         37
        249
        201
          0
          8
          0
        167
         39
         40
         45
          0
          0
          0
          0
          0
          0
        125
          0
        179
        186
          0
          0
          0
          0
          0
          0
          0
        255
          0
        255
        176
        105
         33
        122
         91
          0
        255
         11
          0
          0
          0
          0
          0
          0
          0
        209
          0
        240
         36
          0
          0
        124
        255
          0
          0
         60
          0
          8
          0
          0
         90
        255
        255
        183
          0
         76
        116
          0
        136
         63
        210
          0
          0
         87
          0
        255
          0
         23
        172
          0
        119
          0
        158
         44
        255
         28
        133
