        116
         10
          0
          6
          0
         25
        245
        200
        255
          0
          0
          0
         13
        255
          0
         21
         69
          0
          0
          0
          0
        254
         66
         45
          0
          0
          0
          0
        200
          0
          0
         32
          0
         15
        179
          0
          0
          0
        255
        206
        255
          0
          0
          0
          0
          0
          0
          0
          0
          0
          0
         23
          0
          0
        162
          0
          0
          0
        115
          0
          0
          1
          0
          0
          0
          0
         46
          0
        225
          0
        255
        176
        236
        113
          0
        185
         44
          0
         16
          0
         77
          0
        255
         40
          0
         76
        254
          0
        137
        255
        101
        171
          0
          0
          0
        255
         30
         10
        192
          0
        121
          0
        151
          0
          0
         15
         33
          0
          0
          0
          0
          0
        103
          0
          0
         17
        255
          0
         86
          0
          0
          0
          0
          0
         35
        170
          0
        255
         46
          0
        189
          0
          0
          0
        209
          0
        255
        145
        255
        255
         31
        255
        219
         23
          0
         15
          0
          0
          0
          0
          0
        192
          0
        202
        102
          0
         31
         71
        184
          0
          0
         87
         87
        174
          0
         12
         58
        225
        255
          0
          0
          0
        144
        145
        255
          0
          0
          0
          0
        147
        255
          0
        218
          0
         94
         96
         68
          0
          0
          0
        149
         30
          0
          0
          0
          4
          4
          0
         54
          0
        230
         63
        255
          0
          0
        255
        255
          0
         26
          0
          0
        125
        106
        255
          0
        191
        184
          0
          0
          0
        255
        179
        122
          0
         72
         73
          0
        185
        255
        255
          0
         22
        255
         27
          0
         61
          0
        255
          0
          0
        235
          0
          0
         41
          0
          0
          0
          0
          0
          0
        161
          0
         50
         52
          0
        213
        129
          0
          0
          0
          0
          0
        177
          0
          0
          0
          0
         91
         80
        255
          0
         37
         22
          0
          0
          0
          0
         55
        109
          0
        255
          0
          0
          0
        179
        124
          0
          0
          0
         28
          0
        127
          0
          0
        143
        235
        255
          0
          0
        255
          0
        100
          0
        115
        250
         98
         67
        136
          0
         52
        213
          0
          0
         55
         68
        138
          0
          0
        191
         91
          0
         91
          0
          0
         62
          0
          0
          0
          0
        115
        204
          0
          0
        255
        142
         25
          0
        138
          0
        152
          0
        197
        109
          0
          0
         82
          0
        191
         38
        158
          0
         51
          0
         39
        206
        161
          0
          0
          0
          0
          0
         26
          6
          0
          0
        230
        255
          0
          0
          0
          0
          0
          0
          0
         10
          0
          0
        230
          0
          0
          0
         43
          0
        193
         20
         80
         96
          0
          0
          0
          0
         85
          0
          0
          0
          0
          0
          0
         70
          8
        255
        190
          1
          0
          0
          0
         22
        190
          0
          0
          0
         18
          0
        131
        138
        255
          0
          0
         63
          0
          1
        107
          0
        255
          0
         20
          0
          0
        118
        255
          0
          0
          0
         65
         23
          0
        238
          0
          0
        183
          0
          6
          0
          0
        202
         12
        148
        151
          0
          0
          0
        156
          0
          0
          0
          0
          0
         94
          0
        187
          0
          0
          0
          0
         93
        158
        188
          0
          0
        255
        167
          0
          0
        169
          0
         10
          0
          0
        120
          0
          2
          0
        140
          0
          0
          0
          0
          4
         47
          0
          0
        159
          0
          0
          0
          0
          0
          0
         16
         34
         11
          0
         25
          0
          0
          0
          0
          0
         93
        148
        191
          0
