        107
          0
          0
        255
          0
        114
        180
          0
         29
          0
        255
          0
         34
         45
          0
         12
        255
         46
          0
          0
          0
          0
          0
          5
          0
        140
         21
        255
        107
         59
          0
        144
          0
        255
         89
        255
          0
        102
         21
        126
          0
        153
        188
          0
         50
          0
          0
         81
        255
        197
        255
         46
        197
          0
        255
         66
          0
        106
          0
        255
          0
          0
          0
          0
          0
        255
         28
          0
          0
          0
          0
          0
        227
          0
        128
          0
        194
         64
          0
          0
        255
          0
        255
         67
          0
          0
          0
         47
          0
         84
          0
        255
          0
         56
        152
          0
          0
        214
          0
          0
          0
          0
          0
          0
        148
         16
         92
          0
          0
        114
          0
         72
        255
         36
        255
          0
         79
        255
          0
         21
          0
         28
          0
          0
        152
          0
          0
          0
        101
        255
        114
          0
          0
         10
          0
          0
        255
         66
          0
         34
        195
        132
          0
        109
        255
          0
        194
         77
        133
          0
          0
          7
         76
         43
          0
          0
        198
          0
          0
          0
         35
        255
          0
          0
          0
          0
        140
          0
          0
        120
        159
        171
         91
          0
          0
         23
        255
        164
        149
         94
          0
          0
          0
         11
          0
        144
          0
        255
          0
        104
          0
          0
         75
        113
          0
        242
          0
        157
          0
          0
        187
          8
        178
          0
          0
         61
          0
         66
         45
          0
          0
          0
          0
          0
        219
          0
          0
         77
          0
        255
          0
          0
          0
         46
          0
        130
          0
        255
          0
          0
        127
          0
        255
        100
         22
        131
          0
          0
          0
          0
          0
          0
        255
        186
          0
          0
        255
        110
         28
          0
          0
          0
        255
          0
          0
         39
         70
          0
        154
          0
          0
        192
        135
          0
          0
          0
        213
          0
          0
          0
        250
        187
          0
          0
        145
        173
          0
          0
          0
          0
          0
         43
        255
         94
         72
          0
         84
          0
          0
        255
          6
        255
          0
          0
        204
         64
        255
        163
        120
          0
        189
        203
         20
          0
          0
          0
          0
          0
          0
          0
        211
          0
         47
          0
          0
        255
        121
          0
          0
         31
         54
          0
          0
        223
         64
          0
        120
         19
        255
         36
          0
         30
        212
          0
         41
          0
          0
          0
          0
          0
          0
          0
        129
          0
          0
          0
        255
          0
          0
         95
        105
          0
        102
        255
          0
        255
          0
         67
        156
        198
          0
        176
          0
         68
        144
          0
          0
          0
        100
          0
        255
          6
        121
         34
          0
        139
          0
          0
          0
          0
        172
          0
         70
          0
        151
          0
         78
          0
          0
          0
          0
         73
        255
        151
        242
         22
        210
         36
          0
          0
          0
        210
        255
         90
        190
          0
          0
          0
          0
          0
        146
          0
        255
         29
         51
          0
          0
        255
          0
        255
          0
          0
        128
          0
          0
         28
          0
        132
        205
         92
          0
          0
          0
          0
        255
         37
         54
          0
        110
          0
          0
        138
         44
          0
        100
          9
         18
         64
         38
        255
          0
          0
         49
          0
          0
          0
          0
         48
        113
          0
        200
         16
          0
        130
          0
        255
          0
        202
          0
          0
          0
         12
         40
         82
        255
          0
        177
          0
         77
         48
          0
          0
        146
        255
          7
          0
          0
          0
        255
          0
         39
          0
          0
          0
        222
          0
          0
          0
          0
         53
          0
        255
        255
         93
        181
         28
        244
          0
        255
         13
          0
         12
         58
          0
          0
          0
          0
        136
         45
         34
         97
         73
        226
          0
        161
          0
          0
          0
        255
          0
         19
         31
          0
          0
        104
         26
          0
          0
        255
        255
          0
          0
          0
          0
         47
          0
          0
        255
          0
          0
        114
        124
         45
          0
         47
          0
          0
        110
          0
          0
         11
          0
        255
        237
          1
          0
          0
          0
          0
          0
          0
        255
          0
          0
         59
          0
          0
          0
        100
        165
          0
          0
         31
         41
          0
          0
          0
          0
        209
          0
          0
          0
         89
        156
          0
          0
          0
         26
          0
         84
          0
          0
          0
          0
        250
        110
         78
          0
          0
          0
         45
        255
         26
        173
         83
          0
         44
         27
        133
          0
          0
         28
         35
          0
        255
        197
          0
          0
          0
          0
        180
        125
          0
          0
        132
          0
        255
         19
          0
         13
         67
        163
          0
        255
        110
        255
          0
         10
          0
        173
          0
          0
        195
          0
          0
        158
        255
        255
          0
        195
          0
          0
          0
          0
          0
          0
        160
          0
        255
         24
          0
          0
          0
        151
          0
        255
          0
          0
         70
         37
          3
          0
          0
          0
          0
        131
          0
          0
          0
        255
          0
          0
          0
        182
          0
          0
        120
        110
        141
        255
        206
        164
          0
          0
          0
          0
          0
          0
          0
          0
          0
          0
        255
        102
          0
          0
          0
          0
          0
          0
          0
          0
        255
          0
        134
        192
          0
        140
          0
        110
        255
        255
          0
          0
          0
        105
          0
          0
         74
        255
          4
         37
        193
        165
        160
        157
          0
        145
          0
          0
          0
          0
          0
        168
          0
        104
         64
        166
        255
        129
        110
          0
        255
          0
        255
         89
          0
          0
        100
          0
        159
         90
          0
          0
          0
          0
          0
          0
        212
          0
          0
        112
          0
         21
          0
         27
          0
          0
          0
          0
         78
          0
          0
        149
        255
        181
         96
          0
         50
         77
         77
        255
          0
          0
          0
          0
          0
          0
         19
          0
          0
          0
         24
          0
        185
          0
          0
          0
          0
        179
          0
          0
          0
         32
        255
          0
        213
        255
         47
          0
         57
          0
        166
          0
         85
          0
          0
          0
        124
         81
          0
        157
          0
          0
         84
        119
        207
          0
          0
        153
          0
        180
          0
        211
         59
          3
          0
          0
        255
          0
        178
         61
          0
         13
          0
          0
          0
        255
          0
          0
         88
         57
        255
         57
          0
        168
        160
          0
        127
         61
        255
         53
        136
        206
        115
        160
        243
          0
          0
        100
        255
          0
        228
        136
          0
          0
        136
          0
          0
        255
         14
          0
          0
          0
        185
         28
         67
         14
         38
        105
          0
         71
        132
         17
          0
          0
          0
        255
         17
          0
        249
         94
        255
          0
         34
        159
        167
         15
          0
          0
         77
        255
        114
          0
         69
          0
        255
         73
        124
          0
        168
          0
          0
          0
         16
          0
          0
          0
        115
         28
          0
         55
         23
         61
        217
          0
        255
          0
          0
         12
          0
        255
         55
        255
          0
          0
          0
         84
        255
         92
          0
         76
        187
          0
          0
          0
          0
        225
         38
         75
          0
          0
        187
          0
        255
          0
        218
        255
        255
        189
         11
          0
          0
          0
          0
        255
          0
          0
          0
          0
         27
        196
        255
        148
         48
          0
         58
         75
          0
        255
          0
        164
          0
        136
        255
          0
        255
          0
          0
        255
          0
          0
          0
          0
          8
        255
        163
          0
         12
          0
          0
          0
          0
          0
        255
          0
          0
          0
          0
         17
          0
          0
          0
         64
          0
          0
         92
          0
        176
          0
        201
        255
          0
          5
         22
          0
        116
          0
        129
          0
         42
         32
          0
        183
        184
          0
        111
          0
          0
         64
          0
          0
        255
          0
          0
          0
          0
          0
        232
          0
         25
         73
        255
        255
          0
          0
          0
          0
          0
        255
          6
        255
          0
          0
          0
        182
        255
        157
          0
         51
        165
        131
          0
          0
          0
          0
          0
        224
        211
          0
        255
         64
          0
        123
        249
        255
        126
        229
         63
         25
        146
          0
          0
          0
          0
          0
         86
        184
        255
          0
          0
          0
        115
          0
         45
          0
          0
         65
          0
          0
        222
          0
          0
          0
         63
        147
        255
          0
          0
          0
          3
          0
          0
         55
         54
          0
          0
          0
         38
        148
         51
          0
          0
         19
        143
        160
          0
          0
          0
          0
          0
        159
          0
          0
          0
        135
        187
         14
          0
          0
          0
          0
          0
          0
          0
        255
         37
        255
          0
          0
         85
        147
          0
          0
          0
          0
          0
          0
         99
          0
          0
         56
        255
          0
          0
          0
        142
          0
          0
          0
          0
        255
        255
          0
         73
         26
         73
         97
          0
          0
          0
         58
          0
         76
          0
          0
          0
         14
          0
        180
        100
         51
          0
         40
          0
          0
        141
          0
          0
          0
          0
          0
        255
        255
          0
        158
        115
         62
          0
          0
         28
        255
         21
          0
        106
         19
          0
        118
          0
         69
         32
          0
        245
          0
          0
         76
        255
        201
         56
          0
          0
         76
          0
          0
        255
          0
        255
          0
         11
        107
         63
          0
          0
          0
         12
        255
         36
          0
        255
          5
        146
          0
        136
          0
          0
          0
          0
        118
        254
        139
          0
          0
          0
          0
          0
          0
        185
          0
         49
          0
        146
          0
         48
         46
          0
        255
         27
          0
          0
          0
        231
         46
        167
          0
        110
        110
        172
          0
          0
          0
        246
          0
        203
          0
         59
         24
        204
          0
        255
        255
        211
          0
         37
          0
          0
          0
          0
          1
          0
          0
        126
          7
          0
         57
          0
         26
        107
          0
          0
          0
          0
        143
          0
          0
          0
          0
        255
         85
          0
          0
          0
          0
        255
          0
         50
          0
         73
        255
         39
        255
          0
          0
          0
          0
          0
        160
          0
          0
        191
        111
          0
          0
        109
         48
        203
          0
         84
        107
          0
         18
          0
         93
        255
          0
          0
          0
         87
         48
          0
        255
         62
          0
          0
          0
          0
          0
          0
         72
          0
          0
        204
          0
          0
          0
          0
        255
        255
        163
         47
          0
          0
        129
         37
         28
          0
          0
        230
          0
          0
          0
          0
        255
          0
          0
          0
          0
        101
          0
        255
        145
          0
         14
          0
        150
          0
          0
        115
          0
        255
        154
          0
        238
          0
        153
        126
          0
          0
          0
        255
        137
        119
          0
          0
          0
          0
        255
          0
          0
        123
          0
          0
          0
          0
          0
        151
          0
          0
          0
          0
          6
        255
        210
          0
        192
        164
         62
          0
          0
        255
          0
        234
          0
         31
          0
        121
        255
         68
        255
         10
          0
          0
          0
          0
          0
          0
         80
         21
          0
          0
          0
          0
        172
        255
        127
          8
        255
          0
          0
        255
          0
        255
          0
        233
          0
         24
          0
        159
        255
          0
        214
          0
        154
         69
         33
          0
          0
        235
          0
          0
          0
          0
         14
          0
          0
          0
         55
          0
          0
         83
         34
          0
          7
         60
          0
          0
         10
        108
          0
          0
          0
          2
          0
          0
          0
          0
        172
          0
         40
          3
          0
        104
         31
          0
        160
          0
        180
         13
        253
          0
          0
          0
        109
        246
          0
        125
        255
         47
        132
          0
          0
         72
          0
          0
        255
         40
         26
        104
          0
        255
        127
          0
         13
          0
          0
          0
         52
          0
          0
          0
         27
          0
          3
        199
          0
          0
          0
        189
          0
          0
          0
         95
          0
        136
          0
          0
        255
          0
        255
        117
          0
        255
          0
        255
          0
        213
        113
          0
          1
        255
        215
        255
          0
          0
          0
          0
        144
          0
        126
         85
          0
        170
          0
         72
          0
         40
        255
         42
        255
          0
          0
         68
         46
        226
         77
          0
        133
         75
          0
         18
          0
          0
          0
          0
         41
          0
        255
          0
        149
         15
          0
        204
          0
          0
        106
          0
          0
         59
          0
        128
        210
          0
          0
         99
        198
          0
         84
         26
         65
        113
          0
          0
          0
        133
          0
          0
          0
         56
          0
          0
        117
        118
          0
        255
        255
          0
          0
         95
         11
          0
         85
          0
        120
          0
          0
        168
          0
          0
         17
          0
          0
        153
          0
          0
          0
        255
         94
          0
          0
          0
        220
        101
        106
          0
          0
        255
          0
        167
        124
         49
          0
        101
          0
          0
          0
         16
          0
        105
        141
        255
        185
          0
         84
          0
          0
          0
          0
          0
          0
          0
        113
          0
          0
        255
        131
        109
          0
        160
          0
        255
          0
         89
          0
          0
          0
          0
        255
          0
         32
          0
          0
        255
          0
        174
          0
         11
        106
          0
          0
         82
          0
        255
        245
          0
          0
         96
         84
          0
         77
        255
          0
          0
          0
        125
          0
          0
          0
          0
          0
          8
         83
          0
          0
          0
         84
          0
          0
          0
          0
          0
        109
        255
          0
          0
        170
          0
          0
          0
          0
        227
         44
        255
        255
          0
          0
          0
          0
         84
          0
         41
          0
         89
          0
          0
          0
          0
        130
          0
          0
         19
          0
          0
        114
        255
          0
        255
        164
        196
          0
          0
         67
         34
         31
        255
        255
          0
         46
          0
          0
          0
          0
         93
          0
        134
         97
          0
          0
          0
          0
          0
          0
          0
          0
        145
         81
        255
          0
          0
        219
          0
          0
          0
        138
          0
          0
        255
        255
          0
          0
        156
          0
         94
          0
         78
        255
          0
          0
          0
          0
          0
          0
          0
          0
          0
          0
         94
        124
        255
          0
        154
          0
          0
          0
          0
         97
          0
         37
        255
        255
          0
          0
          0
          0
         91
          0
          0
          0
          0
          0
          0
          0
          0
          0
          0
          0
         21
          0
        135
         96
          0
          0
        207
        234
          0
          0
        145
        119
        206
         39
          0
        255
          0
        111
          0
          0
        125
          0
          0
          0
        113
          0
          0
          0
          0
          0
          0
         16
         74
          0
          0
        139
        213
          0
        255
        174
          0
          0
          0
         97
          0
          0
        255
        255
          0
        229
        188
          0
          0
          0
         95
        255
         79
          0
         90
         61
          0
        150
          0
        111
          3
          0
         79
        162
        106
          0
          0
          0
          0
          0
        154
          0
        175
         33
        104
        255
          0
          0
        105
          0
