          0
          0
        111
          0
         87
          0
          0
        172
        156
          0
        148
          0
          0
          0
        170
          0
        118
          0
         58
        109
        152
          0
         31
        153
          0
          0
          0
          0
        105
        190
          0
          0
        145
          0
          0
         30
         98
          0
         18
          0
          0
         23
         59
          6
         31
          0
          0
          0
        137
         60
         32
          0
        167
          0
        215
        161
          0
          0
          0
         10
         74
        174
          0
         32
        141
          0
        104
          0
          3
          0
          9
          0
        157
         85
         47
         87
          4
         10
         55
          0
          0
         45
          3
        119
         67
          0
         92
        176
         30
          0
          0
          0
          0
         22
          0
          0
          0
          0
          0
          0
        110
          0
          0
          0
          0
          0
          0
         38
         12
          7
          0
          0
         37
          0
          0
          6
          0
          0
         62
         88
          0
          0
          0
          0
        122
         88
          0
          0
          0
         40
          0
          0
         89
         14
          0
         20
          0
         61
         83
          0
          0
         21
          0
          0
         45
         76
         16
          0
        170
          0
         69
          0
          0
        111
        163
          0
         71
        116
          0
          0
        141
         10
          0
          0
         44
          0
          0
          0
        135
         40
          0
        141
         12
          0
        235
          0
         58
         65
          0
          0
          0
          0
        103
         86
          0
         82
          0
          0
         37
         60
        144
          0
          0
          3
          0
          0
         59
         57
          0
          0
         94
         17
        160
          0
         15
          0
        206
          0
          0
          0
        149
          0
        164
          0
          0
        144
         48
          0
          0
          0
         42
         83
          0
         95
         98
         20
         73
          0
         82
          0
         31
          0
          0
         12
        112
          0
          0
        101
        136
          0
          6
          0
        118
          0
          0
          0
        233
          0
         63
          0
          0
          0
         85
         51
          0
          0
          0
        152
         26
          0
         58
          0
          0
          0
         63
          0
        134
         43
         31
          0
          0
          0
        125
          0
          1
          0
        172
         90
          0
         18
          0
          0
          0
          0
         33
         96
          0
         31
          0
        130
          0
          9
         47
          0
         50
          0
         68
          0
          0
          0
          4
         57
         25
        131
         34
          0
        138
         40
        176
        125
        243
        112
          0
          0
          0
         10
          0
        194
          0
          0
          0
         67
         69
         60
         50
          0
         29
          0
         40
         73
         26
          0
          5
         41
        180
        255
          0
         68
         36
         69
         98
        176
          0
         45
          0
          0
          0
          8
        138
          0
          0
          0
          0
        160
          0
         40
         24
          0
          0
        148
          0
          6
          0
        126
          0
         68
         36
        128
          0
         48
         49
          0
          0
        145
          0
          0
         22
        108
        128
          0
         32
          0
          0
         62
        109
         38
          0
         37
         10
          0
          0
          0
          5
          0
          0
        101
          0
         89
         59
        180
          0
          0
         10
          0
          0
        116
          0
          0
         54
        105
         79
          0
          0
          0
          0
          0
        147
        166
          0
          0
         50
          0
          0
          0
          0
          0
         65
          0
          0
         35
        246
        255
        158
          0
         12
        110
         56
        180
        255
         44
         56
          0
          0
          0
        115
        109
        190
        109
        142
         23
          3
         74
         23
          0
          9
          0
         19
          0
        165
        114
          0
         41
         82
         25
          0
         59
         27
         76
          0
          0
          0
         94
          6
        125
         96
          0
        174
          0
         38
          0
          0
         46
         42
          0
          0
         66
         49
          0
        166
          0
          0
        101
          0
         18
        222
        234
         24
         49
         58
        121
         89
         30
          0
          0
          0
         92
        125
          2
         13
        218
         44
         55
        135
         89
         79
          0
          0
          0
          0
          0
         88
         48
        144
         13
         23
          0
          0
         51
        127
         72
         66
          6
        105
          0
          0
         28
          0
          4
          0
         56
         59
        166
        128
          0
          0
          0
          0
          0
         67
         36
         44
          0
          0
          0
          0
        111
          0
         49
          0
        106
         65
          0
         32
          0
         76
          0
        177
          0
         24
         48
         40
          0
          0
        153
          0
         86
        124
         21
         74
         59
         47
          0
         12
         15
          0
         52
        148
         29
          0
         16
          0
        255
          3
          0
        109
         37
        128
          0
          0
         27
         61
          0
        126
          0
         12
         15
        173
        100
        129
         98
          0
          8
         53
          0
         33
          0
          0
          8
         16
          0
          0
          0
         67
         83
         14
         59
         42
         43
         85
        143
          0
          0
         22
          0
          0
         50
          0
          0
          0
          0
        137
         31
         21
          0
         73
          0
         39
          0
         88
         50
         35
          0
          0
          0
        167
          0
          0
         75
         26
          0
         16
          0
          0
         34
         18
          0
         60
         11
        155
         73
         11
         64
          0
          0
         99
          0
          6
          8
         19
          0
         85
         17
         34
          0
          0
         54
        104
        112
        138
         12
        161
          0
         96
          0
          0
        111
         27
        123
        117
          5
        154
         39
          0
         21
         65
          0
          0
          0
          0
          0
         39
          0
          0
         49
          6
         10
          0
          0
        208
        255
        165
          0
        155
          0
         64
          0
         66
          0
         59
          0
          0
          0
          3
        102
          0
         12
          0
         10
        104
         18
         48
          0
          0
         40
         14
          0
        145
        103
          0
         87
        248
        221
          8
          0
         73
         39
        109
          0
          0
          0
          0
          0
          0
          0
          0
         18
          0
          3
          0
        145
         30
          0
         14
          0
         15
          0
          0
          0
        146
         18
          0
          0
         20
          0
         26
          0
         41
          0
          0
        118
          0
          0
          0
          0
         26
         32
         12
          2
          0
          0
          0
          0
          0
          0
         84
          0
          7
          0
          0
          0
         45
          0
          0
         84
         32
          0
        143
         59
          3
          0
         79
          0
          0
          0
         36
         90
         44
          0
        112
         64
          0
          0
        123
         61
          0
         80
         80
          8
          0
         21
          0
         30
         63
        140
          0
          0
         21
        155
         25
          0
        153
        116
          0
          0
          0
          0
          0
          0
        113
          0
          0
        117
          0
         40
          0
         69
         53
         33
         73
          0
         44
          0
          0
          0
         12
         81
          0
         79
         56
          0
          0
         48
         26
          0
        134
          0
          0
          0
          0
          0
          4
          0
        103
        137
          0
          0
          0
          0
         41
          0
          0
          0
          0
          0
          0
          2
         96
          0
         14
         72
        219
         41
        143
          6
         28
         96
         39
        101
          0
          0
         28
          0
         32
          0
        122
         31
          0
          0
        105
          9
          0
          0
         24
          0
         23
          0
          0
          0
          0
         71
         29
          0
        120
        207
         85
          0
        165
          0
         92
          0
        255
          0
         60
          0
          0
          0
        135
         75
          0
         33
         99
        131
        108
         34
        102
         15
         33
         83
          0
          0
        169
          0
          7
          0
        209
        255
          4
          0
         49
          4
         94
         61
        255
          0
          0
        124
        160
          0
          0
         49
          0
          0
          0
         98
          0
         23
          0
         14
          0
          9
        110
          0
         19
        118
          0
          0
        215
          0
          0
         70
        165
          0
        120
         15
        255
         56
          0
          0
          0
         48
        172
        135
        156
          0
        115
        126
          0
          0
          2
          0
          0
          0
          0
         59
         20
        135
          0
         37
         61
          0
        130
          0
         62
          0
          0
          0
          0
          0
          0
        111
        137
         26
          2
         96
         95
         60
          0
         33
         36
          0
         32
         27
         47
         12
         58
          0
         70
          0
          6
          0
         54
         19
          0
          0
         12
          0
         82
         44
          0
         27
          0
          0
          0
         10
          4
          0
         10
         41
        128
         98
          0
          0
         12
          0
          0
          0
          0
         28
        116
        106
         16
         60
          0
         68
          0
         27
         43
          8
        108
          0
        255
          0
         41
          0
          0
          2
         62
        105
         68
         44
        107
         38
          0
          0
          0
         45
          0
         76
          3
         82
         23
        111
         19
         83
        187
          0
          0
         34
        143
         74
         61
        169
        255
         69
         61
         76
         12
          0
        151
         95
        144
         94
         72
         89
          0
          0
          0
         62
         18
        129
          0
          0
        182
         94
          0
         65
        195
        170
        127
         40
         71
          0
          0
          0
          0
         12
         23
          0
          0
          0
          0
          0
         46
          0
        123
        165
          0
         39
         37
          0
         23
          0
        145
         29
          0
         84
          0
         89
        111
          0
        122
         28
          9
          0
          0
         46
        255
         30
         14
          0
         10
         57
          0
         34
         74
          0
         75
         25
          0
         28
         70
          0
         56
          0
          0
         25
          0
         27
          2
          0
        249
        255
         28
         54
         76
         10
         92
          0
          0
          0
          0
          0
          0
         18
        141
          0
         40
          0
        126
          0
          0
         54
         12
          0
         32
          0
          0
          0
         47
          0
          1
          0
        186
         66
        104
         21
        147
         53
          3
          0
        255
          0
         30
          4
         68
          0
         90
        227
         18
          0
          0
         41
          0
         95
          0
          0
          0
         64
        162
         59
        118
        103
          0
          0
          0
          0
         15
          0
         40
         95
         87
          0
          0
         41
          0
          0
          0
         51
        158
        120
          0
         51
          0
          0
          0
          0
         41
         70
          0
          0
        157
          0
         86
          0
          5
         46
         63
        218
          0
         58
        132
          0
          0
         45
          0
        118
          0
          0
          0
          0
          0
         18
          0
         92
         64
          0
        119
          0
          0
          0
          0
          0
          0
         51
          0
          0
         31
         41
         46
        255
          2
         80
          9
         36
         67
         48
          0
         52
          0
        112
          0
          0
        122
          0
         96
          0
         67
         97
         97
          0
         36
          0
         25
         12
         78
          0
          0
          0
          4
          0
         73
          0
          0
         38
          8
        117
        149
          0
          0
          8
          4
          0
        107
         57
         14
          0
          8
         58
          0
          0
         43
         36
         37
          0
          1
          0
        155
          0
         48
          0
          0
         95
         96
        207
        107
         52
         21
         49
          0
          0
          0
          0
          0
          0
          0
         41
         14
        218
         93
         73
          0
         40
          0
         50
         15
          0
          0
          0
        120
          0
         49
          0
          0
         72
        218
        249
          0
          0
         27
         97
        111
        120
          0
        105
         41
        118
         10
          0
          5
         68
          0
         66
        144
         70
         43
         14
         79
         51
         18
          0
          0
          0
          0
         26
          0
          0
         97
          0
          0
          0
         69
          0
        145
          0
          0
         96
         30
          0
          0
          0
         40
          0
         75
         27
          0
        116
         33
          0
         94
          0
         45
        135
          0
          0
        147
         42
          0
         28
        104
        255
          0
         72
         43
         98
          0
        114
          0
        177
          0
         72
        124
         43
         60
         45
          0
         51
          0
         78
         39
          0
          0
          0
          0
          0
          0
         32
         41
         73
          0
          0
          0
          0
         80
         21
         10
        116
          0
         61
         55
          0
          0
          0
        103
         41
         42
        254
         83
         13
         85
         18
         14
         86
         48
          0
          9
          0
          0
          0
        193
        105
          3
          0
        150
        255
         23
         16
          2
         13
        137
         13
          0
         84
          0
        116
         78
          0
         40
        122
        156
         29
          0
          0
          0
         58
         33
          0
         27
          0
          0
         29
          0
          0
          0
         25
          0
        184
          3
          0
         47
          0
          0
          0
        237
         34
          0
          0
         60
          0
          0
         28
         16
         46
        129
         65
          0
          0
          0
          0
         24
        163
          0
          2
         98
         27
          0
        108
          0
          0
          0
         71
        127
          0
          0
          0
          0
         69
         51
         96
          0
          0
          0
        213
          0
         36
        128
         24
          0
          2
          0
         76
         28
          0
          0
          0
        111
          0
          0
          0
        234
        112
         99
          0
        150
          0
        152
          0
          0
          0
          0
        122
          0
         13
        165
        166
         44
         62
          0
         73
          0
          0
          0
          8
         21
          0
         43
         82
          7
        126
          0
         46
          0
        255
          0
         60
         57
         65
         89
          0
          0
          0
          0
          0
        183
          0
          0
         19
          0
        103
          0
         46
          0
         41
        110
          0
          0
        145
          0
          0
          0
        137
          0
          0
        255
        249
          0
         85
         61
         37
         14
         15
        216
        102
         55
          0
          0
          0
         89
        234
          0
          0
        122
         50
         34
         33
         46
          0
          0
        143
          0
          0
          0
          0
          0
         72
        220
        239
         63
          0
        155
          0
        146
          0
          0
          0
         30
          0
        156
          0
         12
        100
          0
         77
        124
        146
         17
          0
          0
          0
         35
          0
         72
         59
        136
          0
          0
         12
         12
          0
         52
         58
          0
          0
        141
          0
          0
         58
          0
          0
        159
         47
        167
        192
          0
          0
         70
          5
        128
         11
         59
         37
          0
          0
         15
         79
          0
          0
          5
         86
        106
        183
        133
          0
        149
          0
         85
        151
          6
          0
          0
        102
          0
          0
         17
        111
          0
          0
        108
         40
         41
         28
          0
          0
          0
          0
         68
          0
         66
          0
         14
         32
         97
          0
        153
         81
         95
         32
        161
        176
          0
          0
          2
          0
         72
          0
        126
        220
          0
         69
        132
          0
          5
         23
         37
         73
          0
        140
          0
          0
          0
         38
          0
         16
        131
          0
         11
          0
         88
         32
          0
          0
          0
         45
         40
          0
          0
          0
         95
        132
          0
          0
        118
          0
         67
         50
          2
         79
         36
         83
          0
          0
         29
          0
          0
          0
        114
          0
          0
          9
        132
          0
        115
        160
        255
          0
          0
          0
          0
          0
        147
          5
          0
          0
          7
         49
          0
         21
         18
         42
         49
         63
          0
         18
        212
         25
          0
          0
        123
         39
          0
         38
         41
        117
          0
          0
          0
        131
         20
          0
        115
          0
        131
         54
         94
          8
        128
          0
          0
         36
          0
         19
         23
         65
         30
         10
          0
         94
          0
         51
         35
          0
         10
          0
        119
          0
        181
        144
          0
         63
          0
          0
          0
          0
        127
        250
          0
         54
          0
          9
          0
          0
         40
         31
          0
          0
         80
          0
          0
        125
          0
          6
          0
          0
         14
         55
         53
         60
         22
          0
          4
          0
         26
          0
        105
          3
          0
          0
          0
          0
