         42
          0
          0
         86
          0
          0
          3
        100
          0
          0
          0
          0
          0
        162
          0
          0
          0
        255
        253
         94
        184
         16
        255
          0
          0
          0
        115
        189
         56
          0
          0
          0
         51
          0
         68
          0
          0
          0
        196
        187
          0
          0
         28
          0
         41
        149
          0
         79
        120
        124
        255
          0
          0
         53
        255
          0
          0
         64
          0
          1
        127
          0
          2
        127
          0
          0
         15
          6
          0
          0
          0
         74
         85
          0
          0
          0
          6
        114
          0
          0
         21
         39
        180
        173
          0
          0
        255
          0
        255
        244
        183
        184
          0
          0
          0
        116
          0
          0
          3
          0
        255
          0
        159
          0
        255
         32
          0
          0
         32
        108
          0
          0
         20
        115
        255
        255
         14
        111
        255
          0
          0
          0
         48
         89
         87
          0
         20
        158
         12
          0
         90
          0
          0
         43
          0
          0
        255
         64
         14
        255
          0
          0
          0
          0
          0
          0
        136
        194
        195
        137
          0
          0
         93
         74
          0
        104
          0
          0
          0
          0
          0
         79
         61
          0
          0
          0
         13
        124
        255
          0
        112
          0
          0
         52
          0
          0
         73
         60
        126
        255
          0
        105
        255
         40
        255
          0
          0
          0
          0
          0
         90
          0
        145
          0
         32
          0
          0
         78
          0
          0
         84
          0
         81
        103
         93
          0
          0
          0
          0
          0
          0
          0
        192
        142
        255
         84
          0
        255
        146
        102
         72
          0
          0
          0
          0
        255
         19
          0
          0
          0
         43
          0
          0
         23
        109
          0
        148
        130
        122
          0
          0
         45
          0
        145
          0
        105
        255
        104
          0
         68
          0
         82
        207
        255
          0
         32
         89
          0
         42
          0
          0
        255
          0
          0
        255
          1
          0
          0
          0
          0
        113
        167
        116
          0
         68
        255
          0
         68
         40
         44
        243
        255
          0
        187
          0
          0
          0
        195
          0
        193
          6
          0
          0
          0
          0
          0
        217
          0
          0
        108
        113
        192
          0
        129
        102
          0
        247
          0
          0
        159
        255
         84
        255
          0
        132
         30
          0
        122
          0
          0
         65
          0
         62
          0
          0
          0
          0
         56
        255
          0
          0
          0
          0
          9
          0
          0
        123
          0
        255
          0
          0
          0
        255
        130
         45
        220
        168
        128
          0
          0
          1
          0
          0
         65
          0
         33
          0
          0
        109
          0
        255
          0
          0
         91
          0
         61
         85
          0
          0
         55
         40
          0
        116
          9
        255
         64
          0
        215
          0
        120
          0
          0
          0
          0
         77
          0
          0
          0
          0
        232
         66
          2
        255
          0
          0
          0
          0
          0
         19
         31
          0
          0
          0
        255
          0
          0
        255
          0
          0
        255
        213
          0
          0
          0
          0
        199
          0
          0
          0
         48
          0
        255
          0
          0
        191
          0
         44
        211
        109
          0
          0
        131
          0
          0
          0
          0
        216
          0
          0
          0
        255
        151
        240
         17
          0
         34
          0
          0
          0
          0
          0
          0
          0
          0
        105
          0
        255
          0
         26
          0
          0
          0
          2
          0
        112
          0
        255
        151
        174
          0
          0
         45
          0
          0
        112
        158
        164
        107
          0
          0
          0
         12
          0
          2
          0
        124
         17
         26
          0
          8
         87
        255
        127
          0
          0
          0
          0
         24
        255
          0
        205
          0
          0
         63
          0
         44
         97
         75
         24
          0
          3
        203
