         49
          0
          0
          3
          0
        255
          0
          0
        106
          0
          0
         61
         33
        147
        255
         48
         78
          0
        110
         33
        255
        119
          0
          0
          0
        109
         87
          0
          0
          0
         18
         32
          0
          0
        255
         72
        212
        255
        127
         52
         58
         26
          0
          0
          0
        225
        255
          0
        198
          0
        162
         65
          0
          0
          0
         18
          0
        127
          0
          0
          0
          0
          0
        106
          0
        241
          0
          0
        133
         28
        105
          0
        157
          0
        186
        125
        155
         80
         64
          0
         83
          0
          0
          0
          0
        185
        111
         93
         16
        255
         83
          0
          0
          0
         91
         80
        165
          0
        255
         92
        202
          0
        118
         26
         73
        255
          0
        109
         70
         84
          0
          0
        248
         45
         51
         84
          0
        255
        255
         28
          0
        255
         78
          0
          0
          0
          6
          0
          0
          0
          0
         21
        227
          0
        135
        100
          0
          0
        223
          0
        216
          0
          0
          0
        177
          0
          0
          0
          0
        170
        142
         17
          0
        255
          0
        255
          0
          0
          0
          0
        113
        215
          0
        124
          0
          0
        123
          0
        113
          0
        189
          0
          0
        255
          0
          2
        183
          0
         29
          0
          0
        137
          0
         31
          0
          0
          8
          0
          0
         89
          0
        129
        255
          0
          0
          0
          0
        255
         93
          0
         10
          0
          0
          0
          0
         13
          0
          0
         45
          0
         80
          0
          0
         90
          0
          0
          0
          0
         12
          0
          0
        101
          0
         55
        255
          0
         43
          0
          0
         23
          0
          0
        226
        254
        175
          0
         73
          0
          0
         43
        164
          0
          0
          0
          0
        103
         74
          0
        179
        255
          0
        141
         29
         47
          0
        137
        255
         94
          0
          0
          0
        255
        146
         49
          0
        230
          0
        114
        255
          0
          0
        140
         45
         14
         36
         77
        253
        242
         30
          0
          0
        255
         43
          0
          0
          0
          0
          0
          0
        194
        255
          0
        212
          0
          0
          5
          0
         19
         88
          0
        244
        152
        255
         37
          0
          0
         67
          0
         97
          0
          0
         35
          8
          0
          0
          0
          0
          0
          0
         75
          0
          0
          0
        103
         62
          0
         21
         83
          0
          0
          0
         98
        232
        127
        255
        118
        104
          0
          0
        121
        202
          0
          0
         41
          0
          0
          0
          0
        239
          0
          9
         63
        255
          0
        255
          0
        156
        255
         34
         47
          0
        255
          0
        184
          0
          0
          0
         74
         76
          0
          0
         64
         46
          0
          0
         93
         54
          0
          0
          5
        210
          0
          0
          0
         56
        169
          0
         24
        142
          0
          0
        102
          0
          0
        191
         33
          0
        255
          0
         87
        158
          0
          0
          1
          0
          0
          0
         45
        232
          0
          0
        150
         88
          0
          0
          0
         47
          0
          0
          0
        182
        106
          0
         19
          0
        121
         51
        120
        229
          0
          0
        120
          0
          0
          0
          0
          0
          0
          0
        106
          9
          0
          0
        255
        123
        130
          0
         98
        236
          0
          0
        158
          0
        255
          0
          0
        173
          0
         24
         64
          0
        134
        109
          0
        237
          0
        119
          0
        255
          0
        172
         35
          0
          0
          0
         47
          0
        122
          0
        135
          0
          0
          0
         79
          0
          0
         45
          0
          0
        217
          0
          0
          0
        237
        255
         96
        170
          0
          0
         54
         54
          0
          0
          0
        212
        105
         53
        213
         94
         71
          0
         83
        106
        255
          0
         69
          0
          0
         93
          0
        243
         53
        142
          0
          0
          0
        167
          0
         33
          0
        151
         71
        255
          0
          0
         71
          0
        255
          0
        202
          0
          0
        139
         21
        111
        139
        255
        183
        156
         45
         13
          0
          0
         23
        108
        112
          0
          0
          0
         77
         73
          0
        142
          0
         45
          0
         29
          0
          0
          0
          0
        235
          0
          0
          0
        153
          0
          0
          0
          0
         63
        255
         42
         10
          0
          0
          0
         87
          0
          0
        255
         93
         89
         34
         75
          0
          0
        227
          0
          0
          0
          0
          0
        187
        255
        132
          0
         52
          0
          0
        255
          0
         22
        255
          5
          0
          0
          0
        153
         25
        114
         29
          0
         62
        201
          0
          0
        140
        139
          0
         98
          0
          0
        255
          0
         67
         30
        119
         44
        161
          0
          0
        237
        158
        144
        184
          0
          0
        237
         38
          0
          0
          0
        135
         57
         86
        218
         16
          0
          0
         82
          0
          0
          0
        185
          0
        125
          0
          0
          0
          0
          0
          0
          0
          0
          0
         42
          0
         23
         52
          0
          6
         19
         20
          0
          0
          0
         33
        153
         46
          0
         51
          0
          0
         50
        100
        172
          0
          0
          0
          0
        112
          0
        129
          0
          0
          0
          0
          0
        255
         17
        107
         90
          0
          0
          3
          0
        181
          0
          0
         72
          0
         44
          0
        164
          0
          0
          0
          0
        255
          0
          0
          4
        138
          0
          0
          0
          0
          9
          0
          0
          0
         29
         80
          0
        255
          0
          8
          0
         73
          0
        127
        128
          0
          0
         12
          0
         81
        253
         13
         89
        144
          0
          0
         20
        148
          0
          0
         65
         70
          0
         29
        206
        255
        114
          0
          0
        109
        255
          0
        223
          0
          0
          0
         52
          0
         53
          0
          0
        230
          0
         62
          0
        255
        128
          0
          0
        246
          0
          0
          0
          0
          0
          0
         72
        255
         38
          0
          0
        247
        255
         11
        255
        255
          0
          0
        163
          0
          0
          0
          0
          0
          0
          0
         13
          0
          0
          0
          5
          0
          0
         92
          0
         10
        208
         10
         84
          0
          0
          0
        234
          0
          0
          0
          0
        255
         95
        143
        221
         21
          0
          0
         89
          0
          0
          9
          0
          0
          0
          0
          0
         59
          0
         82
          0
        204
        182
         22
         99
        255
         23
          0
          0
         25
        255
        170
         27
         28
          0
         94
        177
          0
          0
          0
         43
          0
          0
          4
         91
          0
          0
         24
        100
        197
          0
         32
        211
        243
        255
        123
        136
        146
         66
         97
          0
        203
         64
          0
          0
        201
          0
         52
          0
         34
         14
          0
          0
          0
         42
         36
          0
          0
          0
          0
          0
          0
          0
        107
          0
          0
          0
        158
        203
          0
          0
          0
          0
          0
         22
          0
          0
          0
          0
         49
          0
          0
         50
          0
          0
        234
          0
          0
          0
          0
          0
          0
        173
          0
        120
         99
        133
        210
        180
          0
        180
        255
          0
          0
          0
          0
          0
          0
          0
          0
          0
         58
        202
          0
          0
        141
         49
        199
        140
          0
         47
          0
          0
          0
        165
        193
          0
        142
         63
          0
         29
          0
          0
          0
          7
          3
        213
        255
          8
          0
          0
         33
        255
          0
         95
          7
          0
          0
        118
        163
          0
          0
          0
        255
          0
         57
          0
         33
          0
          0
         10
         47
          0
        141
        162
        255
        148
          5
          0
         51
        231
         37
          0
        194
        255
        126
         66
          0
        114
          0
          0
          0
          0
          0
        205
        255
          0
         51
          0
          0
         67
        104
         84
        239
          0
        112
          0
          0
          0
          0
        129
        124
         74
        186
          0
        252
          0
        103
         49
          0
          0
          0
          0
          0
        144
        113
          0
          0
          0
         83
          0
          0
          0
         14
         43
          0
         21
          0
          0
        252
          0
          0
          0
          0
          0
          0
          0
          0
        131
          0
         36
          7
         49
          0
        255
          0
          0
         81
          0
          0
          0
          0
          0
          0
          0
        125
        161
        150
          0
          0
         76
          0
          0
          0
         95
        255
         97
         26
          0
          0
          0
          0
         20
          8
          0
          0
        129
          0
          0
          0
        141
          0
         48
          0
        191
        105
          0
        147
          0
          0
         89
        122
        170
        255
          0
          0
          0
         49
        145
         72
        255
        112
        255
        110
        170
         31
        111
         22
          0
        255
         47
         19
          0
         41
          0
          0
          0
        237
          0
         81
          0
        195
        255
          0
          0
          0
         24
         14
        255
        201
          8
        158
         19
        111
         39
         75
          0
          0
        192
          0
          0
        255
          0
         40
         39
          0
          0
        107
          0
          0
          0
        101
          0
        255
        255
         45
        171
         26
         57
          0
         86
          0
         25
        141
          0
          0
          0
         52
          0
          0
          0
        164
        254
          0
          0
          7
          0
          0
         11
         29
         44
          0
          0
        115
         49
          0
         60
         30
        212
          0
        104
        141
        118
        255
         62
          0
          0
          0
        255
          0
          0
         26
          0
          0
          0
          0
        255
          0
          0
        209
          0
          0
          0
        195
          0
          0
        132
        222
          0
        122
        240
        255
         70
          0
         13
         13
          0
         28
          0
          0
          0
          0
        104
          0
        152
          0
          0
          0
        135
        121
          0
        255
          0
          0
          0
        232
          0
        122
          0
          0
          0
        149
          0
        255
          0
          0
          0
          0
         16
         66
          0
          0
        255
          0
          0
          0
         70
          0
          0
          0
          0
        117
         36
         27
          0
          0
         39
          0
          0
         24
          0
          0
        205
          0
          0
        255
          0
          0
          0
          0
          0
          0
          0
        127
          0
         81
          0
          0
         29
         93
          0
          0
          0
         38
        169
          0
          0
        181
        215
        137
          0
        132
          0
          0
        252
        179
         31
         89
          0
         21
        230
        127
          0
        179
        255
          0
          0
        129
          0
          0
          0
        137
          0
          0
        100
        107
          0
         48
          0
        255
        239
        255
          0
          0
          0
          0
        190
         75
         84
        255
        150
         37
          0
          0
        168
          0
          0
         56
        144
        138
          0
          0
          0
        172
          0
          0
          0
         97
          0
          0
          0
        255
          0
        208
         66
        102
         41
        250
        255
          0
        165
        255
          0
          0
        199
        128
          0
         80
          0
          0
          0
        130
          0
          0
          0
         99
        255
          0
        206
         74
        188
          0
         49
          0
         82
         48
          0
         89
        143
        212
        218
        110
        165
         48
         27
        139
          0
          0
          3
        189
          0
          0
         47
         42
          0
          0
          0
        138
          0
          0
        255
         16
         18
          0
         36
          0
        161
          0
          0
        159
          0
          0
          0
        140
         92
          0
        103
          0
          0
        231
          3
        139
          0
         74
          0
         87
        225
          0
          0
        109
          0
        219
          0
         53
         13
        149
          0
         26
          0
        255
          0
          0
          0
        147
          0
          0
          0
          0
         91
          0
          3
        133
        211
        138
          0
        255
        255
          0
         72
          0
          4
          0
          0
          0
          0
         51
         73
        255
        118
        129
          0
          0
          0
         83
          0
          0
          0
        122
         25
        255
          0
          0
          0
        183
          0
          0
          0
          0
          0
         90
          0
          0
         20
        109
          0
          0
        131
          0
        167
         15
         21
         77
          0
        239
          0
          6
        255
          0
          0
          0
         49
        193
          0
         49
         45
          0
        201
          0
          0
        255
         83
         58
        162
          0
          0
          0
         75
        255
          0
         73
          0
          0
          0
          0
        118
          0
         78
          0
          0
        205
        166
         93
        127
          0
         10
         31
        255
        233
        130
        141
          0
        255
          0
         64
         51
          0
          0
          0
          0
        255
          2
          0
          0
          0
          0
          0
          0
          0
          0
        158
        255
        181
          0
          0
        215
        255
          0
         95
        237
        255
        210
        188
          0
         67
          0
         35
        199
          0
         78
          0
         62
          0
          0
         67
         63
        251
          0
          0
          0
         79
         50
        172
          0
          0
        103
          0
        130
        255
         63
          0
          0
        187
         96
        115
          0
          0
          0
        102
        205
          0
          0
          0
         72
         31
          0
        125
          0
          0
          0
         94
        255
          0
          0
         60
          0
          0
        255
          0
         98
          0
         68
         27
          0
          0
        206
         38
          0
        161
        181
         85
        207
          0
          0
         37
          0
          0
        147
         10
         14
          0
        177
        255
          0
         45
          0
         92
          0
          0
          0
         86
        133
          0
          0
          0
         46
        223
        220
         32
          0
        204
          0
        129
          0
          0
          0
          0
        117
        255
        158
         50
          0
        106
          0
        118
          0
         68
          0
         83
          0
          0
          0
          0
          0
        255
        123
          0
        137
          0
          0
         74
          0
          0
          0
          0
          0
          0
        113
         81
          0
         76
          0
        111
          0
        160
          0
          0
          0
          0
        124
          0
         14
        119
          0
        156
        129
        255
         48
          0
          0
         38
         95
        157
          0
        197
          0
         34
          0
          0
        251
        149
        255
        135
          0
          0
        170
          0
          0
          0
         17
         91
         77
          0
          0
         42
          0
        115
         65
        255
         64
         44
          0
          0
        249
        100
         65
         45
        255
         38
         20
          0
        117
        121
        255
        217
          0
          0
        116
          0
         41
          0
          0
         88
          0
         42
          0
          0
          0
          0
        157
        255
        127
         35
        189
         12
        196
         31
          0
          0
          0
        132
          0
          0
         21
        142
        199
        255
          0
        124
        123
          0
         82
          0
          0
         87
          4
        109
          0
          0
          0
        174
        198
          0
         73
          0
        207
          0
          0
          0
        169
         97
          0
          0
          0
          0
        255
          0
        255
          0
          0
          0
        194
          0
          0
          0
          0
          0
         69
          0
          0
         70
        255
          0
        193
          0
        107
        148
          0
          0
          0
          0
          0
        175
         54
        107
         19
          0
        129
          0
         59
          0
          0
          0
          0
          0
        150
          0
        255
         91
         62
          0
          0
         30
         28
         41
        156
          0
         66
        125
        142
          0
        144
          0
        101
        194
        175
         87
          0
          0
        153
          0
        255
          0
          0
          0
         14
          0
          0
        155
          0
        124
         65
          0
          0
        134
          0
         22
        210
          0
          0
          0
         12
         15
          0
          7
          0
          2
          0
          0
          0
          0
          0
          0
         96
          0
          0
        106
          0
        181
          0
        228
          0
        181
          0
        158
