        105
          0
         96
        232
          0
          0
          0
         59
          0
          0
          0
        255
         16
        216
        243
          0
         26
         58
          7
        117
          0
         31
          0
        251
         24
          0
          0
        126
         26
        126
        122
        224
        255
         87
          0
        215
          0
        217
        138
         13
          0
          0
          0
        122
          0
          0
          0
        244
         38
          0
         56
        120
          0
         39
          0
         11
          0
        176
         86
         30
         10
        101
          0
          0
          0
          0
          0
        173
          0
          0
        182
          0
          0
          0
          0
        155
          0
        168
        135
          0
          0
          0
        146
        136
          0
          0
          0
        255
          0
          0
         56
         79
         28
          0
          0
        255
        187
         19
          0
        255
        121
        139
          0
          0
          0
          0
          0
         34
          0
          0
        151
        103
          0
          0
          0
        161
          0
          0
        120
          0
          0
          0
          0
          0
          0
        174
          0
         26
          0
          0
         36
          0
          0
        255
        101
         40
          0
          0
         77
          0
          0
          5
        234
          0
          0
        166
          0
        182
        120
         73
          0
        255
          0
         52
          0
        110
          0
        150
        115
         92
        110
        125
          0
        181
          0
          0
        255
          0
         75
          0
        171
        151
          0
          0
          0
        240
          0
         90
         78
         49
         95
        124
          0
          0
         46
          0
        117
          0
         32
         78
         72
        255
          0
         36
          0
        156
          0
        170
         56
          0
         84
          0
        216
        106
          0
          0
         24
        224
          0
         87
        226
          0
         36
          0
          0
        228
         27
        157
          0
          0
          0
        177
          0
          0
        201
        201
         82
        236
          0
          0
          0
          0
          0
          0
        122
        240
          0
        207
          3
          0
          0
          0
          7
          0
          0
         83
          0
          0
          0
          0
          0
          0
        141
          0
          0
        255
        211
          0
          0
          0
        195
        215
          0
          0
         74
          0
         57
        136
         25
        101
        227
          0
          0
        255
         27
          0
         93
         73
        207
          0
          0
          0
          0
        134
          0
          0
          0
          0
          0
         54
          0
        255
        255
         71
         79
          0
         55
         70
          0
          0
          0
        190
          0
          0
          0
          0
         30
          0
          0
         98
          0
        222
          0
        157
          0
         43
         15
        112
          0
        255
          0
         73
        134
        165
          0
          0
          0
        162
         45
          0
          0
         39
          0
         35
          0
          0
          0
          0
         69
         58
         90
         47
          0
          0
          0
          0
          0
         84
          0
        142
          0
        202
        232
          0
         99
        255
        131
        211
          0
          0
          0
        161
        141
          0
         38
          0
          0
         50
          0
          0
          0
          0
         52
        119
        202
          0
          0
          0
          0
          0
          0
        164
          0
        255
          0
         75
         78
          0
          2
          0
          0
          0
         90
          1
          0
          0
         86
         50
        163
         53
          0
          0
        151
          0
        100
          0
          0
          0
          0
          0
         98
         70
          0
         83
        147
          0
          0
          0
          0
          0
          0
          0
        255
         28
         34
        175
          0
          0
         91
         33
          0
        104
         46
          0
         41
         35
          0
          0
          0
          0
          0
          0
        105
          0
          0
          0
          0
          0
         33
          0
          0
          0
        255
          0
         48
          0
         67
        126
          0
         40
         83
         34
        255
        107
         61
          0
        160
          0
         96
         69
          0
          0
          0
         11
          0
          0
          0
          0
          0
          0
         84
          0
        121
          0
          0
          0
         31
          0
          0
        187
        117
          0
         75
          0
          0
        108
          0
          0
          0
          0
          0
          0
        203
          0
          0
          0
         97
          0
          0
         45
          0
        255
