        255
          0
        255
        216
          0
        156
          1
          0
          0
          0
         74
        255
          0
          0
        143
        140
          0
         42
         20
        151
          0
         39
        157
          0
          0
          0
         29
         26
          0
         35
          0
          0
        255
          0
        210
          0
        222
          3
        216
          0
        158
          0
         63
        117
          0
        137
        217
         71
          0
        127
         83
        255
         54
         96
          0
        175
          0
          0
        145
         23
         65
         63
         57
        212
        174
        236
         32
          0
        200
        152
        146
          0
        116
        193
        188
        255
         59
          0
        111
          0
          0
        131
          0
         73
        151
          0
        141
          0
          0
          0
          0
         90
          0
        107
          0
        178
        184
          0
          0
          0
          0
         69
        132
          0
          0
         40
          0
          0
          0
         94
         61
         34
        143
        121
          0
        155
        118
        147
        141
          0
          0
        148
          0
          0
         55
        107
          0
        121
         32
          0
         87
          0
        115
          0
         66
         26
          0
        142
         81
          0
        113
        143
        131
          0
          0
         62
         92
         13
          0
        117
          0
        130
          0
        176
          0
         40
        115
        120
          0
        155
        255
          0
         24
          0
          0
        112
          0
          0
          0
          0
        170
          0
         98
          8
         38
          6
          0
         67
          0
         92
         63
         74
         19
        154
          0
          0
          0
          0
         22
         35
        138
        124
        145
          0
          0
          0
        255
        101
        221
         25
          0
        141
          0
        255
        209
          0
          0
         76
          0
        218
          0
        158
         54
        179
        132
         81
          0
          0
          0
          0
          0
         41
          0
        117
          0
        255
         90
          0
          0
          0
          0
        255
          1
        152
        231
        255
          0
         27
          0
        137
          0
          0
        125
        180
        139
        133
          0
          0
        174
          0
          0
          0
          0
          0
        165
        226
          0
          0
         76
         25
        255
         95
         51
          0
          0
          0
         32
        113
          0
          0
          0
        107
         91
         13
          0
          0
          0
         24
          0
          1
        255
          0
          0
         53
          0
          6
          0
          0
          0
         17
          0
          0
         91
         74
          0
         10
          0
          0
          5
        255
          0
          0
          0
        111
          0
        195
        178
          0
        183
        103
          0
        157
        255
          0
          0
          0
        104
          0
          0
          0
         58
          0
        131
          0
        224
          0
         49
        183
         90
         57
          0
         87
         48
        158
         45
         63
         54
          0
          6
        182
         22
          0
          0
          0
          0
          0
        111
        153
          0
          0
          0
          0
         52
         21
          0
          0
          0
          0
          0
          0
          0
         41
          0
          0
         97
         25
          0
        133
        181
         74
        191
        165
          0
        209
         46
          0
        255
          9
          0
          0
         50
         35
          0
         12
         17
          0
          0
          0
        170
          0
        220
          0
        226
          8
          0
        255
          0
          0
          0
          8
          0
         54
        255
        211
         73
          0
        205
         92
        127
         49
        112
          0
          0
        176
         32
          0
         31
         21
          0
          0
        219
         39
          0
          0
        165
        124
          0
          0
          0
        143
          0
         17
          0
          0
          0
        210
         89
          0
        217
          0
          0
          0
          0
          0
          0
         33
          0
          0
          0
          0
          0
          7
        142
          0
          0
          0
        194
         14
        112
         18
        216
        150
          0
        130
          0
          0
        185
         90
         35
        217
        123
         51
        240
        121
          9
          0
          0
          0
        183
          0
        172
          0
          0
          0
        178
        239
         34
        236
         71
          0
        139
          0
          0
          0
          0
         28
          0
          0
          0
         22
        236
        255
         94
          0
          0
        141
         53
          0
          0
          0
          0
          0
        188
          0
         69
        191
          0
         48
          0
          0
          0
        168
        197
         78
        130
        142
          0
          0
         65
          0
        128
          0
          0
          0
          0
         38
          0
          0
          0
         60
          0
         97
          0
          0
         63
        104
          0
          0
        248
          0
        208
        153
          0
        107
          0
          0
          0
          0
          0
        116
          0
        167
        255
         94
          0
        162
         10
         65
          0
          0
        101
         32
         53
        237
          0
          0
          0
          0
          0
          0
          0
          0
          0
          0
        123
          0
        127
          0
          0
        151
          0
         22
          0
         32
          0
          0
         61
          0
          0
          0
         11
         33
        119
          8
          0
        225
          0
        110
         94
          0
          0
          0
        212
          0
          0
          0
          0
         88
         25
        111
          0
          0
          0
         72
        111
         78
          0
          0
         33
        242
          0
          0
        255
          9
         71
          0
        180
          0
        117
          0
         89
          0
          0
        255
        138
        232
          0
        167
        255
          0
          0
        162
         42
          0
          0
         75
         93
          0
        146
          0
         55
          0
          0
        121
          0
          0
         66
          0
          0
          0
          0
         36
         56
         87
         57
          0
        100
         60
          0
         43
          0
        217
          0
          0
          0
          0
          0
         71
          0
          0
          0
         20
        215
         84
         75
        150
          0
          0
         97
          0
          0
          3
          0
          0
          0
         54
          0
         98
          0
          0
          0
          0
        223
          9
        214
          0
          0
        154
         41
          0
          0
          0
          0
          0
        142
        173
          0
        123
        208
          0
         25
        143
          0
        120
        171
          0
         98
        170
          0
          0
        255
          0
          0
        212
          0
          0
        195
          0
         83
        156
         67
        138
          0
         48
          0
          0
         49
          0
          0
          0
        185
          0
         64
         31
          0
          0
        255
          0
        218
        255
        255
        251
          0
        126
          0
          0
          0
          0
         74
          0
        180
          0
        113
          0
        111
          0
        255
          0
          0
         58
          0
         98
          0
         94
          0
         51
          0
          0
          0
          0
          0
          0
          0
        255
          0
          0
        152
          0
          0
        104
          0
          0
          4
          6
          0
        114
        183
          0
          0
          0
          0
        195
        185
          0
          0
         19
          0
         92
          0
        156
        160
          0
        187
          0
          0
          0
          0
          4
        182
          0
        103
        203
         77
          9
          0
         33
          0
        111
          0
          0
        201
        108
         24
         43
          0
        163
         51
          0
        121
          0
         20
        159
          0
          0
          5
          0
          0
          0
        240
         39
          0
          0
          0
         53
          0
         23
          0
        148
          0
         57
          0
         60
          0
          0
        141
        196
          0
          0
        255
          0
         53
         10
         32
        237
         51
         67
         94
          0
          0
          0
         50
         71
          0
        178
          0
          0
          0
          0
          0
         54
          0
         17
        133
        115
        255
          0
        135
         92
          0
          0
        126
          0
         63
          0
        205
        139
        255
        140
         58
         15
         43
          0
          0
          0
          0
        134
         79
          0
          0
          0
          0
         37
          0
          0
        117
         31
        235
          0
          0
          0
         64
        161
        255
          0
          0
        164
         61
        188
          0
         91
         64
        114
        104
          5
          0
          6
        216
          0
         86
         65
          0
          0
          4
         55
          0
        119
          0
          0
        255
        130
        186
        214
          0
        152
          0
          0
          0
        129
          0
          0
          0
         49
        192
          0
          0
          0
         97
          0
          0
         98
         70
          0
          0
        255
          0
          0
          0
         87
          0
          4
          0
        197
        255
          0
          0
        157
        255
          0
         74
        154
          0
          0
        255
          0
        218
        155
        103
        182
          0
         74
          0
          0
          0
        213
        100
         86
          0
          0
         86
          1
          4
          0
          0
        153
          0
         92
        226
         46
        226
          0
         34
          9
          0
          5
          0
        240
         26
          0
          0
        255
        125
         15
        159
          0
          0
        127
          0
         37
         66
          0
        100
        136
          0
         19
          0
        255
          0
         85
        102
        128
          0
          0
         97
          0
          0
        151
        179
          0
          0
         48
          0
        255
        190
         61
          0
         44
         45
          0
          0
          0
          0
          2
         17
         71
          0
          0
        255
        178
         29
        232
         23
        116
         55
          0
          0
          0
        135
          0
         18
        120
         19
          0
          0
          0
        204
          0
          0
         30
          0
         49
          0
        255
          0
         37
          0
          0
         62
          0
        255
          0
         43
          0
        109
          0
          0
         74
         60
         30
          0
        161
          0
          0
         42
          0
         87
          0
         21
          0
          0
         79
          0
        175
          0
          0
          0
          8
         67
         36
          0
          0
         71
          0
         78
        131
          0
          0
          0
          0
        129
          0
          0
          0
        255
          0
         20
          0
          0
        255
          0
          0
        241
        153
         44
         37
          0
         71
         19
          0
         48
         81
         26
         62
          0
          0
         53
        150
          0
          0
          0
          0
          0
          6
          0
          0
          0
         21
        115
         65
          0
          0
        168
         93
          0
          0
          0
         77
         71
        171
          0
          0
         41
        114
          0
         34
        255
         21
         26
          0
          0
        126
        255
         66
          1
          0
          0
          0
         96
          0
        255
          0
          0
          0
        230
          0
          0
         81
          0
          0
          0
         84
        117
         27
          0
          0
          0
        192
          0
        135
        220
        255
          0
        136
          0
        149
         30
         44
          0
          0
        241
          0
          0
          0
        139
        255
          0
         43
         81
        255
          0
          0
          0
         60
          0
        106
          0
          2
         13
         17
          0
          0
          0
          0
          0
         20
          0
          0
          0
         75
          0
         72
          0
          0
        255
          0
          0
          0
        133
        176
          0
          0
          0
        140
          0
          0
          0
          0
          0
         85
        144
          0
        193
          0
         41
         95
          0
          0
          0
          0
         82
          0
         29
         17
        141
          0
        120
        121
         72
        255
        205
          0
          0
          0
        217
          0
          0
          0
        146
          0
          0
         67
          0
          0
          0
          0
        196
          0
         26
        136
          0
         59
         77
          0
        172
          0
          0
          0
          0
          0
          0
          0
        229
         69
        218
         19
          0
          0
         34
         10
         80
         17
         31
         18
          0
          0
        212
          0
         15
          0
         74
          0
         96
          0
         93
        219
          0
        245
          0
          0
         51
          0
          0
          0
        104
          0
        205
          0
        189
        102
          0
          0
          0
        126
          0
         90
        159
        186
        255
         69
          4
        139
         22
          0
        255
          0
         84
        176
          0
          0
        106
          0
          0
         74
          0
        173
        255
          0
        146
        142
        204
         47
        179
          0
          0
          0
          0
          5
          0
          0
        255
          0
         27
        255
         53
          0
        212
          0
          2
          0
          0
          0
          0
          0
         97
          0
          0
          0
        161
         80
          0
        255
        151
        160
          0
        128
          0
        148
          0
        116
          0
          0
          0
          0
        158
          0
         82
          0
          0
          0
         76
        124
         32
         92
          0
          0
        243
          0
        117
          0
        255
          0
          0
         31
          0
         22
          0
         47
          0
         34
          0
        143
          0
         74
          0
          0
        246
        255
          0
          0
         64
          0
        103
        196
          0
         15
        255
          0
        174
          0
        255
        123
          0
        128
          0
        255
          0
         65
         92
          0
         38
        123
         16
        140
        158
          0
          0
         16
          0
         55
          0
          0
          0
         37
          0
         89
          0
         78
          0
         62
          0
          0
          0
          0
        126
          0
        155
         64
          0
         44
          0
          0
          0
          0
          0
        141
          0
        199
          0
          0
        141
        233
         22
          0
        171
         45
          0
          0
        121
          0
          0
          0
        255
          9
         76
          0
         99
          0
        204
          0
        229
          0
          0
          0
          0
          8
          0
         44
          0
          0
          0
          0
          0
        244
         81
          0
          0
         14
         75
        173
        107
        156
         62
          0
          0
          0
         95
          0
         62
          0
        125
          0
          0
          0
         92
         94
          7
          0
          0
         33
         59
          0
          0
          3
          0
        118
        109
        167
         75
         62
         38
          0
          0
        255
        209
        193
         61
        196
          0
        231
        150
          0
        221
         38
        250
         79
          0
        236
          0
         80
          8
          0
         51
         84
          0
          0
         99
          0
          0
          0
        147
         15
         16
          0
          0
          0
          0
          0
         46
          0
          0
        201
         55
          0
        108
          0
        233
        155
          0
          0
          0
         99
        128
         60
          0
        193
          0
         25
         70
          0
         46
        130
        255
          0
          0
          0
         67
          0
        148
          0
          0
         75
          0
          0
          0
         18
          0
          0
          0
         74
          0
        247
          0
         55
          0
         32
          0
        119
        239
        124
        152
         16
          0
          0
        255
          0
         76
          0
         27
         42
          0
          0
        190
          0
          0
          0
        255
          0
          0
        247
          0
          0
          0
        236
          0
        154
         45
        113
          0
        157
          0
        243
        255
          0
          0
          0
          0
        152
         47
        214
        191
         41
         21
          0
        255
        214
         10
          0
         31
         41
         87
          0
        255
        110
          0
         27
         48
         61
         49
          0
        139
          0
          0
          0
          0
          0
          0
         64
         99
          0
          0
          0
          0
        255
          0
          0
          0
          0
          6
          0
        255
          0
         40
          0
        255
        119
          0
          0
         93
          0
        255
        102
          0
        225
          0
          0
          5
          0
         18
          0
        255
         97
          0
        183
         56
        230
        120
         24
        131
          0
         71
        255
        124
        102
         27
        127
          3
         85
          0
         75
          0
         85
          0
          0
         11
          0
          0
          0
        106
         81
        193
          0
          0
         29
         98
          0
          0
          0
        222
        110
          0
          0
        185
          0
          0
          0
         15
          0
          0
        108
          0
          0
          0
          0
        146
          0
         65
        233
          0
          0
         44
          0
        150
        157
          0
         93
          0
         50
          0
        255
          0
        216
        174
          0
          0
          0
        255
        191
        150
         13
          0
        216
        181
          0
          0
        134
         70
          0
        116
          0
        255
          0
          0
          0
         14
          0
        255
        165
        131
          0
          0
         52
          0
        108
        177
          0
          0
          0
          0
          0
         70
         32
          0
        225
          0
          0
          0
        120
        207
         37
          0
          0
         65
          0
          0
         55
        203
        141
          0
          0
          0
        168
         39
        255
          0
        204
        107
          0
        112
          0
          0
          0
         69
          0
        216
        207
          0
        150
         82
         55
        187
        141
         34
          0
          0
          0
          0
         17
         86
         30
          0
          0
          0
          0
          0
         22
        170
          0
        127
        247
        241
         47
         90
          0
        120
          0
          0
         85
        180
        255
         63
        106
        117
         16
          0
         10
         25
          0
        230
         41
          0
          0
          0
          0
          0
          0
        107
         49
         69
        197
