          0
          0
        118
        192
         82
         66
        255
          0
          0
          0
        168
          0
          0
         64
         38
          4
          0
          0
          0
          0
          0
          0
        255
          0
          0
        193
          0
          0
          8
        138
          0
          0
          0
          0
        189
          0
         46
         51
          0
        157
        177
          0
          0
          0
         69
          0
        112
         65
          0
        255
         18
        169
          0
        255
        237
          0
        145
         90
          0
          0
          0
          0
          5
         11
          0
          0
        255
        255
         92
        226
          0
         87
         44
          0
        231
         34
         56
          0
          0
          0
          0
          0
          0
          0
          0
          0
        255
          0
         84
        173
          0
        255
          0
        220
          0
          1
          0
          0
          0
         66
          0
         73
        120
          0
        142
          0
        153
         86
          0
        198
        255
        100
          0
          0
          0
        221
          0
        255
        204
          0
         92
          0
        197
          0
          0
          0
          0
         11
          0
          0
          0
        255
         46
         90
          0
          0
          0
          0
         24
         63
          0
          0
        198
        121
          0
          0
        212
        255
          0
         53
          0
          0
        172
        151
          0
          0
          0
          0
          0
          0
          0
          0
        255
          0
        159
          0
        173
          9
          0
          0
        111
        107
          0
        205
        255
        125
          0
        255
        216
          0
          0
        187
         10
          0
          0
          0
          0
        255
          0
          0
          0
         16
          0
          0
          0
          0
         70
        159
          0
          0
          0
          0
        157
        163
        119
          0
          0
          0
          0
        255
          0
        252
        142
        255
          0
        110
         62
          0
          0
        255
          0
          0
          0
          0
          0
          0
          0
          0
          0
          0
          0
        183
          0
        157
          0
        126
         75
          0
          0
        120
         95
          0
         75
         22
          0
          0
          0
         62
         32
          0
        195
         35
          0
          0
          0
         13
          0
         33
        152
        151
         58
          0
        137
        255
          0
          0
          0
          0
          0
         37
          0
         76
          0
          0
          0
        215
          0
          0
        195
          0
          0
          0
          0
          0
        100
        212
          0
          0
          0
          0
         55
          0
         82
          0
          0
          0
         22
          0
        194
        138
          0
          0
          0
          0
        210
          0
          0
        166
         37
        255
         53
          0
        208
          0
        128
        217
          0
          0
          0
        150
        255
          0
          0
          0
          0
          0
          0
          0
          0
          0
        118
          0
          2
        181
          0
          0
        255
          0
          0
          0
         51
        255
          0
         76
          0
          0
          0
          0
          0
          0
          0
          1
          0
          0
          0
          0
        182
          0
          0
          0
          0
          0
          0
          0
          6
        168
        255
          0
          0
        255
        217
          2
          0
        255
        183
         57
          0
          0
        173
          0
          0
          0
          0
          0
          0
          0
          0
        129
        113
        157
          0
          0
         80
        255
        122
          0
          0
          0
        255
          0
        255
          0
        255
        255
         25
          0
        235
          0
          0
          0
          0
          0
          0
          0
        167
          0
          0
          0
          0
        133
         92
          0
          0
          0
          0
          0
         43
          0
          0
         88
          0
          0
          8
        233
          0
         48
         58
         74
        207
          0
          0
          0
          0
          0
         20
         28
         87
          0
        255
          0
        106
          0
          0
         93
          0
          0
          0
          0
          0
          0
         52
        109
        255
          0
        139
          0
         74
        204
          0
        255
          0
          0
        220
          0
          0
          0
          0
          0
         89
         32
          0
          0
          0
        178
        197
          0
        250
        255
          0
        255
          0
        147
        114
        197
        220
          0
          0
          0
        255
         13
          0
        255
          0
          0
          0
        184
          0
        246
          0
         68
          0
          0
          0
         36
         49
        142
        181
          0
        255
          0
          0
          0
          0
          0
          0
         27
          0
         52
          0
          0
          0
          0
         15
          0
        255
          0
          0
          0
         23
          0
          0
        170
          0
          0
        255
          0
          0
         68
        143
          0
          0
        255
        120
          0
          0
          1
          0
          0
          0
          0
        255
        230
        134
          0
          0
        202
        140
          0
          0
          0
          0
        255
          0
          0
          0
         20
          0
        157
          0
          0
          0
          0
          0
         60
        212
          0
        137
          0
          0
          0
        255
        100
          0
          0
          0
        133
          0
        255
          0
          0
          0
          0
          0
        255
          0
          0
          0
          0
        255
          0
          0
          0
          0
          0
          0
          0
        189
          0
         51
          0
          0
        137
          0
         61
        109
        255
          0
          0
          0
          0
        255
          0
          0
         11
          0
        255
         22
          0
          0
          0
        255
          0
          0
          0
          0
        255
          0
        255
          0
          0
        210
          0
          0
         61
          0
          0
        255
          0
        113
        255
          0
        255
        255
          0
        117
          8
         63
          0
          0
          0
          0
         74
        191
        236
        255
          0
        102
          0
          0
        255
         75
          0
          0
          0
          0
         68
          0
          0
        255
        255
          0
          0
         19
        255
        255
          0
          0
        164
          0
          0
          0
          0
          0
          0
          0
        175
          0
          0
          0
          0
          0
        255
          0
          0
        224
          0
          0
        138
        255
          0
        221
          0
          0
        112
        100
        255
         66
          0
          0
          0
          0
          0
          0
          0
          0
        138
          0
          0
          0
        107
          0
          0
          0
        255
          0
          0
          0
         85
        146
          0
          0
          0
        255
        255
          0
        110
          0
          0
          0
          0
        204
         11
        146
        145
          0
        156
          0
          4
          0
        113
          0
        176
        180
        214
        255
          0
          0
          0
          0
          0
          0
         59
        140
          0
          0
          0
          0
         66
          0
          0
          0
         76
          0
          0
          0
          0
          0
         83
          0
        127
          0
          0
          0
          0
          0
          0
          0
        117
          0
          0
          0
          0
          0
          0
        255
          0
          0
         15
        255
          0
          0
        194
          0
          0
         89
          0
         62
        233
        154
        237
          0
          0
          0
          0
          0
        164
        216
          0
          0
          0
        136
          0
          0
          0
          0
          0
        255
          0
          0
          0
          0
          0
          0
        243
        255
         32
         18
        139
          0
        255
          0
          0
          0
          0
        255
        162
          0
        182
          0
          0
          0
          0
         46
          0
          0
        170
          0
         89
          0
          0
        224
          0
        255
          0
         26
        255
        255
          0
         42
          0
        179
          0
         48
          0
         25
          0
        255
          0
          0
          0
        189
          0
          0
          0
          0
          0
         36
          0
          0
          0
          0
          0
         75
          0
         61
          0
          0
          0
          0
          0
          0
          0
          0
          0
          0
          0
         43
         43
        100
          0
          0
          0
          0
          1
          0
          0
          6
          0
        173
         60
          0
          0
          0
          0
         24
          0
          0
          0
          0
          0
        255
         50
          0
          0
        109
        255
          0
          0
         34
          0
          6
         12
          0
          0
        100
          0
          0
          0
          0
          0
        215
        118
        255
        170
        240
         21
        119
          0
         51
          0
          0
          0
        255
          0
          0
          5
          0
          0
          0
          0
         86
          0
          0
          0
        255
        211
        165
         22
        255
        255
          0
        133
          0
          0
        253
         74
          0
          0
          0
          0
        228
         34
          0
          0
        255
          0
          0
          0
          0
          0
          0
         26
          0
         65
          0
        239
          0
          0
        131
          0
        255
          0
         20
          0
         47
          0
          0
         87
        153
         76
        255
          0
        255
         10
          0
        255
          0
          0
          0
          0
          0
        255
          0
        165
          0
          0
        255
          0
          0
        162
          0
          0
          0
          0
          0
          0
          0
          0
          0
          0
         12
        121
         88
        117
          0
         56
         93
        255
          0
          0
          0
          0
        205
          0
         79
          0
          0
        122
        255
          0
          0
          0
          0
         37
          0
          0
         25
          0
          0
          0
          0
          0
        255
         97
         37
          0
          0
          0
          0
          0
          0
          0
          7
        187
          0
        255
          0
          0
         92
         19
        255
          0
          0
          0
          0
          0
          0
          0
         40
          0
          0
         74
          0
          0
        255
          0
        167
          0
          0
          0
         84
        255
          0
          0
        163
          0
          0
         49
        255
          2
          0
          0
          0
          0
          0
          0
        157
          0
          0
          0
          0
          0
          0
          0
          0
          0
          0
          0
        154
          0
          0
          0
          0
          0
        226
          0
          0
          0
          0
        255
          0
        213
          0
          0
          0
          0
          0
         32
         80
          0
         39
          0
          0
        218
          0
          0
        227
          0
        236
        102
        255
          0
          0
        112
          0
        255
          0
          0
          0
          0
        182
          0
        181
          0
          0
        102
          0
          0
          0
        255
          0
          0
          0
          0
         34
          0
          0
          0
          0
        192
          0
          0
          0
        172
        166
          0
          2
         78
        155
          0
          0
         88
          0
        255
          0
          0
          0
          0
          0
          0
          0
          0
         88
          0
        204
        255
          0
        255
          0
          0
          0
        102
        255
          0
        255
          0
          0
          0
         73
          0
         83
          0
          0
          0
          0
        255
          0
        177
          0
          7
          0
        255
         29
          0
        174
          0
        255
        185
          0
          0
          0
          0
         76
         47
          0
          0
        255
          0
         34
        139
         85
          0
         56
         77
          0
        111
          0
        255
          0
        101
          0
          0
         93
          0
          0
        111
          0
         31
          0
          0
          0
        220
          0
          0
          0
          0
        135
         23
          0
          0
        255
          0
         17
          0
          0
          0
          0
        167
          0
          0
          0
          0
         89
        145
          0
          0
         31
          0
          0
          0
        243
          0
          0
          0
          0
         31
          0
          0
          0
          0
          0
          0
          0
          0
          0
         34
         11
          0
          0
          0
          0
          0
          0
         20
          0
        140
          0
          0
          0
          0
         33
          0
        219
          0
          0
          0
        230
          0
          0
          0
          0
          0
        156
          0
          0
          0
        153
        255
        255
          0
         66
          0
          0
          0
        136
          0
         20
          0
          0
          0
          0
          0
         96
          0
        255
          0
          0
        241
          0
          0
          0
          0
        235
          0
          0
        144
          0
        248
        150
          0
          0
          0
          0
        155
        195
          0
          0
          0
        107
         65
          0
        117
          0
        255
        108
          0
          0
        255
          0
          0
          0
          0
          0
          0
          0
         69
        178
          0
          0
          0
        160
          0
        107
          9
          0
        158
          0
          0
        227
        154
          0
          0
        148
          0
          0
          0
          0
         82
          0
          0
         14
          0
          0
         51
        240
        143
          0
          0
        121
        255
          0
        183
        176
        255
          0
         57
        132
          0
          0
          0
          0
          0
          0
          0
          0
          0
          0
        231
          0
          0
        255
        255
          0
        255
          0
        139
          0
        163
        255
        101
        255
          8
          0
         24
        131
        255
          0
         18
          0
        164
        203
          0
          0
          0
         94
         32
        255
        200
          0
         59
          0
        104
        102
        255
          0
          0
          0
          0
         18
        135
          0
         37
        135
          0
        255
        243
          0
        255
        255
          0
          0
        171
          0
          0
          0
         32
          0
        145
          0
         16
          0
        235
          0
          6
        255
          0
          0
          0
         56
        118
         79
          0
          0
          0
         83
        255
          0
          0
        122
          0
        255
          0
          0
          0
          0
        158
          0
         56
          0
        138
          0
          0
          0
          0
          0
        160
        255
          0
          0
        255
          0
          0
          0
        209
          0
         16
        255
         49
        255
          0
          0
        255
        255
          0
          0
        149
          0
          0
         26
         40
        149
          0
          0
          0
        255
          0
        116
          0
        255
          0
          0
        105
          0
          0
        221
         43
        255
         79
        255
        140
          0
        136
         68
          0
          0
         32
          0
          0
          0
        255
          0
          0
        107
        147
          0
          0
          0
          0
         89
          0
        255
          0
         59
          0
        155
         98
          0
          0
          0
         18
          0
          0
          0
          0
          0
          0
        178
          0
          1
          0
        101
          0
          0
        102
        164
          0
          0
          0
         38
          0
          0
          0
          0
          0
          0
        255
        134
         93
          0
          0
        255
          0
        244
          0
          0
          9
        137
          0
        177
         16
          0
         70
          0
          0
          0
        218
          0
          0
         56
          0
         53
          0
          0
          0
        116
          0
          0
          0
          0
          0
          0
        136
        255
         53
          0
          0
          0
        120
         31
        255
        255
          0
          0
        136
          0
          0
          0
          0
         78
        100
        145
          0
          0
          0
          0
          0
        255
        255
          0
          0
          0
        117
          0
        128
          0
          0
        255
         47
          0
         68
         37
          0
          0
         33
        216
        151
          0
          0
          0
          0
         53
          0
        255
        158
          0
         94
        172
          0
          0
        255
        224
         31
         87
        101
        229
         63
          0
        105
          0
          0
        255
         46
         59
         70
          4
        115
          0
         30
          0
         99
          0
          2
          0
          0
        255
          0
         56
          0
          0
          0
        255
          0
         31
         70
         54
        142
        163
          0
          0
          0
          0
        255
        237
          0
          0
          1
        229
          0
        219
          0
          0
          0
          0
         10
        115
          0
        255
         75
          0
          0
         34
        255
         25
        136
        101
        200
          0
          0
          0
          0
          0
          5
          0
        255
        255
          0
          0
          0
        255
          0
          0
          0
        177
          0
        255
        179
         89
          0
          0
         78
          0
        113
          9
         17
        255
          0
          0
          0
          8
          1
          0
        173
        255
          0
        255
         95
        255
          0
        171
        147
          0
         85
        186
        191
          0
        255
          0
          0
        117
         29
        255
          0
          0
          0
          0
          0
        123
          0
          0
          0
        175
         36
          0
          0
        255
        104
        255
         74
          0
          0
        128
        255
          0
        119
        103
          0
          0
          0
          0
          0
          0
         19
        255
          0
          0
         80
          0
        121
        255
          0
          0
        162
        101
          0
          0
          0
        239
         30
          0
        201
          0
          0
        152
         67
          0
        107
        148
          0
          0
        109
        103
          0
         22
         32
          0
          0
          0
          0
          0
        117
         43
          0
          0
        134
          9
        135
          0
        192
          0
         73
          0
        144
        153
          0
        137
          0
        255
         76
         82
          0
          5
          0
         71
          0
          0
          7
          0
          0
         37
          0
          0
          8
        210
        255
          0
          0
         72
          0
        177
        195
         35
          7
          0
        255
        144
        119
         57
          0
        146
          0
        219
          0
          0
        222
          0
          0
        110
          0
