          0
          0
          0
         56
        143
        136
          0
          0
        152
          0
         51
        255
        255
          0
          0
         36
          0
          0
          0
          0
          0
          0
        255
          0
          0
          0
          0
        255
         27
          0
          0
        180
         52
          0
          0
          0
          0
        207
          0
          0
         23
         95
          0
        161
          0
          0
          0
          0
        135
         52
         52
          0
        255
          0
        192
          0
          0
        255
        255
        255
         35
          0
          0
          0
         53
          0
         44
          0
          0
        198
          0
        109
         31
          0
          0
        255
          0
          0
        255
          0
        135
        109
          0
          0
        255
          0
        255
          4
          0
          0
        157
        255
          0
         20
          0
          0
          0
          0
          0
         80
          0
        174
        101
         45
         66
          0
          0
        255
         21
          0
          0
          0
        226
         72
          0
          0
          0
          0
          0
         56
         15
        255
        255
        255
          0
         78
          0
          0
          0
          0
          0
          0
          0
          0
          0
          0
          0
          0
        204
        255
        232
          0
          0
          0
          0
          0
          0
          0
          0
        163
        255
          0
        110
        255
          0
          0
          0
          0
        124
        211
          0
          0
          0
          0
         66
          0
        105
          0
          0
          0
        128
        255
          0
          0
         44
          0
          0
          0
         96
          0
         43
          0
        255
         56
          0
        255
          0
         27
         24
          0
        219
          0
          0
          0
          0
         64
         36
          0
          0
         40
         91
          3
         93
          0
        255
          0
        255
        163
          0
          0
        108
          0
        255
        242
        250
        102
          0
          0
          0
          0
          0
          0
          0
          0
        128
         59
          0
          0
          0
          0
          0
        199
         68
          0
         19
        255
        116
          0
        255
          0
        117
          0
          3
        255
          0
          0
          0
          0
          0
        255
         66
        255
          0
        210
         35
          0
        183
         18
          0
          0
          0
        174
         11
          0
        247
          0
        160
        255
          0
         49
          0
        181
          0
        123
          0
        133
          0
        111
          0
          0
         28
          0
          0
          0
        132
          0
        130
        255
          0
          0
          0
          0
          0
          0
        102
          0
          0
          0
          0
        255
          0
        255
          0
          0
        255
          0
        213
          0
          1
          0
          0
          0
          0
          0
         54
        166
          0
          0
          0
          0
          0
          0
         37
          0
          0
          0
          0
        193
        180
          0
          0
        255
          0
        255
        255
          0
          0
          0
          0
        255
        208
        153
        255
         54
          7
        255
          0
          0
          0
          0
          0
          0
        122
          0
          0
          0
         77
          0
          0
          0
          0
          0
        151
         96
          0
          0
        255
          0
        223
          0
          0
          0
          0
          0
          0
          0
          0
          0
         99
          0
          0
          0
         69
          0
          0
         67
          0
          0
         67
          0
         51
        141
          0
         44
        184
          0
          0
        255
          0
          0
          9
         17
          0
        137
          0
        154
        255
         66
         60
        255
          0
          0
        127
          0
          0
        168
          0
         56
         44
         32
         65
          0
          0
          4
          0
         50
          0
        255
          0
          0
        255
        179
        255
        122
          0
        107
        255
          0
          0
          0
          0
        129
          0
          0
         59
        255
         97
          0
          0
         25
          0
          0
        115
          0
         23
          0
        145
         86
          0
        255
          0
        156
          0
         54
          0
          0
          0
         15
          0
         81
        255
          0
          4
          0
          0
          0
         48
          0
        172
          0
          0
          1
          0
          0
         64
          0
          0
         46
          0
         16
          7
          0
          0
         60
          0
          0
          0
         25
          0
          0
          0
          0
          0
        114
          0
        161
          0
        255
          0
          0
         12
        255
