         74
          0
        115
          0
          0
          0
         94
          0
          0
          0
          0
          0
          0
         74
        255
          0
        234
        141
          0
         52
          0
         64
          8
          0
          0
          0
          0
          0
          0
          0
          0
          0
          0
        217
          0
         77
          0
        255
          0
        122
          0
          0
          0
          0
          0
          0
        255
          0
        133
          0
         15
         47
        166
          0
          0
          0
         47
        189
        121
          0
          0
          0
          0
         85
          0
          0
          0
          1
          0
        169
          0
          0
          0
        132
         20
          0
          0
          0
          0
        108
        134
          0
          9
         49
        130
          0
          0
          0
          5
          0
          0
          0
          0
          0
          0
        103
          0
          0
        176
          0
          0
        223
        172
          0
          0
          0
          0
          0
        255
          0
          0
          0
          0
          0
         35
          0
          0
         18
         11
         45
        208
          0
        113
         92
          0
          0
          0
         76
         80
          0
          0
        255
          0
          0
          0
         76
        122
        209
          0
          0
          0
          3
          0
          0
        170
          0
          0
        196
         89
         59
          0
         60
        255
         10
          0
          0
          0
          0
          0
         63
          0
         14
          0
        255
        223
          0
          8
          0
          0
         97
          0
          0
          0
         83
         89
          0
        223
          0
        169
         98
          0
          0
        218
          0
         19
          0
          0
        165
        188
          9
         70
          0
          0
        220
        165
          0
          0
          0
          0
         29
         55
        216
          0
        174
          0
          3
          0
         70
          0
        255
        121
          0
          0
          0
          0
          6
         16
          0
          0
          5
          0
          7
          0
          0
          0
         31
         60
          0
          0
          0
        147
          0
          0
        145
          0
          0
        221
          0
          0
          0
         31
         73
          0
        213
        101
         32
          0
          0
        172
         22
          0
         63
        246
          0
          0
          0
         27
         64
          2
          0
          0
          0
          0
         33
         63
          0
          0
        255
         31
         45
          0
         14
        105
          0
          0
        174
         39
          0
        220
          0
          0
          0
        131
        255
          0
         37
         89
          0
          0
        131
         25
          0
        236
          0
         51
          0
         71
        107
         16
         89
          0
         53
          0
         13
         56
          0
        207
        135
          0
         33
          0
          0
          0
          0
          0
          0
        200
          0
          0
        219
          0
          0
         36
          0
        121
          0
          0
          0
          0
         95
          0
        255
          0
          0
          0
         12
        216
          0
          0
          0
          0
          0
          0
         80
          0
          0
          0
        184
          0
         83
        144
          0
          0
          0
          0
          0
          0
         56
          0
          9
          0
          0
          0
         61
          0
          0
          0
          0
          0
          0
          0
        139
         76
          0
          0
         28
        255
          0
          0
        255
        228
          0
          0
          0
          0
          0
          6
          0
         83
        160
          0
          0
          0
          0
          0
          0
        100
          0
          0
          0
         26
          0
          0
        123
         60
         66
        143
          0
          0
          0
          0
          0
          0
         82
          0
          0
          0
          0
         86
          0
        245
        184
         50
         36
          0
        211
        184
         77
        255
          0
          0
          0
         33
          0
          0
        103
         20
          0
          0
          0
          0
          0
          0
          0
          0
          0
          0
          0
          0
          0
          0
         64
          0
         94
          0
          0
          0
        130
        255
          0
        164
          0
          0
          0
        106
        156
        124
          0
         71
         50
         32
          0
          0
         47
          0
         40
        255
          0
          0
          0
          0
          0
          0
        159
        138
         87
          0
          0
          0
          0
          0
          0
        121
          0
          0
         65
         70
          0
        172
          0
          0
          0
          0
          0
         76
         64
          0
        213
        255
         30
        168
          0
