          0
          0
          0
          0
         28
        212
         11
        142
          0
          0
        167
          0
         45
          0
         69
        255
          0
          0
         82
          0
         10
          0
          9
        152
          0
          0
          0
        255
          0
          0
         92
        198
        125
          0
          1
         44
          6
          0
         87
          0
        255
          0
        109
        255
          0
          0
         69
        194
          0
          0
         77
          0
          0
          0
          0
          0
         30
        255
          0
        220
          0
          0
         27
          0
         98
          0
          0
          0
          0
          0
        154
          0
          0
          0
        160
         23
          0
        135
          0
          0
         87
          0
        108
          0
          0
        255
          0
         66
        255
        255
          0
         57
          0
         77
        159
          0
         96
          0
         94
         91
          0
          0
        150
          0
        206
          0
          0
          0
         83
        149
         96
        196
        138
          0
         93
         14
          0
          0
          0
          0
         26
        234
          0
          0
          0
         50
          0
         31
        126
          0
          0
         69
          0
        172
        203
         67
        255
          0
          0
          0
          0
        150
          0
          0
         71
          0
          0
        107
          0
          0
          0
          0
          0
          0
          0
        124
          0
         66
          0
        124
          0
          0
        251
          0
          0
        148
        103
          0
        136
          0
          0
          0
          0
        189
          0
          0
          0
          0
         37
          0
          6
          0
          0
         18
          0
        255
          0
         55
          0
         74
         72
          0
          0
          0
         78
          0
          0
          0
        138
          0
          0
          0
          0
        255
          0
          0
        101
        255
        139
          0
         87
          8
          0
          0
          0
          0
         27
        255
          0
          0
          0
          0
          0
        227
          0
          0
          0
          0
          0
        102
         89
          0
        255
          0
          0
         25
          0
          0
          0
        255
        116
          0
          0
        175
          0
          0
          0
         17
          0
          0
         22
          0
         33
        104
        157
          0
          0
          0
          0
          0
          0
        115
          0
          0
          0
          0
          0
        119
         92
         38
         63
        255
          0
          0
          0
          0
          0
          0
         86
          0
          0
          0
          0
          0
        117
         22
          0
          0
          0
         56
        121
        206
        255
         59
          0
        102
          0
          0
        147
        255
          0
          0
        146
          0
          0
        203
          0
          0
          0
          0
         96
         24
          0
          0
         86
         84
         87
        103
         93
          0
        107
         98
         36
          0
          0
        111
          0
        255
        255
         25
        160
         55
          0
         76
          0
          0
          0
          0
          0
        203
        131
          0
        172
          0
        195
         14
          0
         72
        170
          0
         10
          0
         15
         66
         41
         73
        255
          0
          0
          0
        181
          0
          0
        255
          0
          0
         31
        131
          0
          0
         80
        255
        127
          0
          0
        127
        190
        255
         62
        227
        133
         62
        115
          0
         48
         75
         44
        136
        255
        153
          0
         27
        255
          0
          2
          0
         32
         33
          0
        255
         47
          0
         55
        102
          0
          0
         97
        164
          0
          7
          0
          0
          0
         73
          0
          0
        113
          0
         71
         49
          0
         16
        171
          0
          0
          0
          4
        255
          0
          0
          0
         89
         59
          0
         84
          0
          0
          0
        178
          0
          0
          0
          0
          0
         51
         89
          0
          0
         82
        106
        200
          0
          0
         24
        144
          0
          0
        211
        135
        255
          0
          0
         68
          0
          0
        255
          0
          0
          0
          0
          0
        204
         42
        135
          0
          0
          0
         79
          0
          0
         60
          0
          0
        189
          0
          0
          0
          0
        229
          0
          0
        223
          0
          0
         12
          0
         48
          0
          0
          0
        216
          0
          0
          0
          0
        109
          0
          0
          0
          0
          0
          0
         42
          0
          0
          0
          0
         58
          0
          0
          0
          0
          0
        163
         69
          0
        112
          0
          0
          0
          0
          0
         20
          0
          0
         51
          0
          0
          0
          0
         38
         92
         29
          0
        109
        115
         88
          0
          0
          0
          0
          0
          0
          0
        147
          0
          0
          0
         51
         11
          0
          0
          0
          0
          0
          0
          0
         74
          0
         13
         71
        255
         42
         74
         88
          0
         55
         74
        168
          0
        255
          0
        120
          0
          0
          0
          0
         55
          0
          0
          0
        255
          0
          0
          0
          1
          0
          0
        111
          0
          0
        202
          0
        255
        114
         55
         26
          0
         42
          1
        170
          0
          0
         51
        198
          0
        255
          0
         68
        255
          3
          0
         86
        138
          0
          0
          0
          0
        255
          0
          0
          0
        103
          0
          0
        255
        134
        100
        165
          0
          0
         35
        240
        190
        255
         96
        171
          0
        255
          0
          0
        255
          0
        106
         24
          0
         50
          0
          0
        220
         83
          0
        110
        139
        255
          0
          0
          0
        141
         76
          0
          0
          0
         78
          0
        130
        255
          0
        219
        255
          0
          0
         95
        255
          0
          0
          0
        255
          0
          0
          0
          0
         62
          0
        154
          0
          0
        255
          0
          0
          0
        105
         47
          0
        139
          0
         84
          0
        255
          0
          0
          0
        255
        169
        167
          0
          0
          0
        103
          0
          0
          0
         94
          0
          3
        255
         62
          0
          0
          0
          0
        151
         87
         88
          0
        255
         24
        118
        151
        133
          0
          0
          0
         43
         19
         47
          0
        171
          0
          0
        124
        255
          0
          0
        108
          0
          0
          0
        115
        158
        106
          0
         59
        225
          0
         95
          0
          0
          8
        119
          0
          0
        255
        125
        236
          0
          0
          0
        173
        108
         93
          0
         62
          0
          0
         21
          0
          0
          0
          0
          0
         23
          0
          0
         92
          0
        164
          0
         71
          0
          0
          0
          0
          0
          0
         17
        184
          0
        236
         42
        128
          0
          0
          0
         29
          0
          0
          0
         77
          0
         57
          0
         68
          0
        225
        215
        107
        199
        153
          0
        156
          0
          0
          0
          0
          5
        211
          0
        199
         60
        163
          0
          0
          0
          0
          0
        102
          0
          0
          0
          0
          0
         99
          0
        118
          0
          0
        255
         63
          0
        110
         73
          0
          0
          0
        104
         50
         11
        255
          0
          0
          0
        160
          0
          0
          0
          0
          0
         35
        255
         47
          0
         48
        255
          0
          0
        172
          0
          0
          0
          0
          0
        111
         48
          0
          0
          0
         89
          0
        137
          0
          0
          0
          0
          0
          0
          0
          0
         68
        103
        155
          0
          0
         25
         33
          0
          0
          0
          0
          0
          0
          6
          0
        255
        132
         36
        141
        204
          0
         61
        255
          0
          0
          0
          0
          0
         46
          0
         48
        249
          0
          0
          0
          0
         35
          0
         75
        255
          0
          0
          0
          0
          0
        255
          0
         51
         42
         71
        115
        124
          0
          0
          0
          0
        255
          0
          0
        255
        255
          0
          0
          0
          0
          0
          3
          0
          0
          0
         91
        255
          0
        255
         94
          0
        157
          8
          0
        187
        121
         87
         67
         11
          0
        110
         94
        181
          0
        173
          0
        138
         11
         84
          0
          0
          0
        126
          0
          0
         76
          0
          0
          0
        255
          0
          0
        164
        255
          0
          0
          0
          0
         95
          0
          0
        127
         97
         70
          0
          0
         96
        230
          0
        255
          0
          0
        255
          0
          0
         32
        255
          0
          0
          0
          0
          0
          0
          0
          0
          0
          0
         90
          0
         60
         88
        121
          4
          0
         77
         23
          0
          0
          0
         53
          0
        208
          0
          0
          0
         55
          0
         26
        255
         71
         62
          0
          0
        125
          0
        142
        153
          0
        183
         11
        255
        131
          0
          0
          0
          0
          0
          0
          0
          0
          0
        215
          0
        255
         57
        166
          0
          0
          0
         20
          0
          0
          0
        111
          0
          0
          0
        157
          0
          0
          0
          0
        255
          0
         85
         53
          0
          0
          0
          3
          0
          0
          0
        219
          0
        160
          0
         74
        211
          0
          0
         10
        255
          2
          0
        100
         10
          0
          0
          0
        187
          0
          0
         69
         92
        163
         77
          0
          0
          0
          0
         85
          0
          0
          0
          0
          0
          0
        102
         66
        255
          0
          0
          0
          0
          0
          0
         85
        255
          0
          0
        151
        187
          0
        142
          0
        255
         19
         15
          0
          0
        100
         41
          0
        223
          0
        136
          0
          0
          0
          0
          0
        189
          0
          0
         97
        255
          0
          0
         81
        255
          0
          0
          0
        204
          0
        172
        104
         57
        111
         59
        117
        207
         37
         56
          0
          0
          0
        119
        229
          0
          0
          0
        156
          0
          0
          0
         31
        255
        182
          0
          0
          0
          1
        255
        101
        146
          0
          0
        100
        255
        116
         87
          0
          0
         51
          0
          0
        164
          0
         85
          0
          0
          0
          6
          0
          0
          0
          0
          0
          0
        175
          0
          0
          0
          0
          0
          0
        164
        137
        172
         95
          0
         26
         47
          0
          0
         11
         92
          0
        225
          0
          0
          0
          0
          0
          0
         78
        229
          0
         33
        152
          3
          0
        255
         21
          0
          0
          0
          0
          2
          0
          0
         37
        193
        117
         62
          0
          0
         88
         24
         77
        129
          0
          0
        171
          0
         68
          7
          0
          0
          0
         58
         85
          0
          0
          0
         22
          0
          0
          0
        117
          0
          0
        216
         60
          0
        159
          0
          0
        255
        137
          0
          0
        112
          0
         13
        161
          0
          0
          0
        175
          0
          0
          0
         72
        255
          0
        209
          3
        255
         55
          0
         98
          0
        255
          0
          0
        231
          0
         66
          0
          0
          0
          0
        238
          0
        255
          0
        222
          0
         55
        114
         42
        174
         43
          0
          0
        201
         82
          0
          0
          0
        113
          0
          0
        181
          0
        255
         65
          0
         47
         55
          0
          0
          0
          0
         41
          0
          0
          0
        150
          0
          0
          0
          0
          0
          0
          0
          0
        255
          0
          0
          0
          0
          0
          0
        138
        159
         34
          0
         92
        255
         55
          0
        103
          0
          0
        115
         88
          0
          0
        128
          0
        161
        255
         48
          0
          0
         96
          0
          0
          0
          0
          0
         92
         63
         56
          0
        145
        187
        241
          0
          0
          0
        154
         86
        139
         82
         10
         92
        144
          0
          0
         19
          0
         36
          0
          5
          0
          0
          0
          0
        119
        250
          0
        255
         93
          0
          0
          0
        144
        189
          0
          0
          0
          0
         99
         83
          0
          0
         19
          0
        188
        195
          0
          0
         57
          0
          0
          0
         20
         28
          0
         40
          0
        255
        133
          0
          0
          0
          0
          0
        183
          0
        215
          0
          0
        255
         17
         57
         89
          0
         48
          0
        176
          0
          0
        130
          5
          0
          0
         39
          5
        255
          0
          0
          0
        255
          0
        233
          0
          0
          0
          0
          0
        126
          0
          0
          0
          0
          0
         54
         88
        122
         89
         82
          0
         40
        255
         35
         71
          0
          0
        217
          0
          0
          0
         61
        125
          0
          0
          0
         86
          0
        199
          0
         68
        205
         30
        255
          0
        252
        163
          0
          0
          0
          0
          0
         30
          0
          0
          6
          0
          0
          0
         66
          0
        175
         81
          0
         17
        255
          0
          0
         21
          0
         43
          0
        109
         28
        194
         55
         25
        255
          0
          0
          0
        224
        141
          0
          0
          0
          0
          0
          0
          0
          0
          0
        192
        255
          0
        156
         19
          0
          0
          0
         33
          0
          0
          0
         59
          0
          0
          0
          0
          0
         57
         52
         19
          0
          0
         60
        235
          0
          0
          0
          0
         18
          0
        100
         41
        179
         69
          0
         90
        255
        101
          0
         22
          0
         70
          0
          0
          0
          0
          0
          0
        255
          0
          0
          0
         54
          0
          0
        200
          0
          9
          0
          0
          0
          0
          5
        169
         88
          0
        107
          0
          0
          0
          0
         20
        255
          9
          0
        165
          0
          0
        255
          0
          0
         92
          0
          0
          0
          0
          0
        235
          0
          0
          0
          0
          0
        134
          0
        160
        255
         18
          0
         19
        255
          0
          0
         14
          0
          2
          0
         93
          0
          0
          0
          0
         63
        105
          0
         87
          0
         57
          0
          0
         42
          0
          0
         31
          0
          0
          0
          0
        243
          0
         19
          0
         50
          0
          0
        108
          0
         27
          0
         75
          0
          0
         16
         94
          0
          0
         43
          0
          0
          0
         83
         40
          0
         27
          0
          0
          0
        245
        150
          0
        255
          0
         31
        115
         44
          0
         37
          0
          0
          0
          0
         12
          0
          0
          0
         63
         59
          0
          0
          0
          0
          0
          0
          0
          5
          0
          0
        178
          0
        212
        180
          0
        121
          0
        140
          0
          0
          3
          0
         12
          0
          0
          0
         40
        113
          0
        179
          0
          0
        113
         12
          0
        171
         41
          0
         56
          0
        115
          0
          0
          0
          0
         38
        167
          0
          0
        199
         52
          0
          0
          0
          8
        255
          0
          0
          0
        198
        114
          0
         37
          0
        142
         76
          0
        203
          2
          0
        207
         40
          0
          0
        200
          0
          0
          0
          0
          0
          0
        147
          0
          0
          0
          2
         43
         97
         31
          0
          0
        187
          0
        218
         35
          0
          0
         55
         34
          0
          0
          0
          0
          0
        255
          0
          0
          0
          0
          0
         38
          0
          0
        153
         56
          0
          0
         24
         44
        255
         67
          0
          0
          0
          0
        193
         55
          0
          0
         37
          0
          0
         22
          0
         94
          0
          0
          0
          0
          0
          0
         27
          0
          0
         79
        140
        155
          0
          0
          0
         53
          0
         90
          0
          7
          0
        126
          0
         31
          0
        143
        102
          0
         72
         21
          0
          0
          0
          0
        147
        171
          0
          0
          0
         14
          0
         69
        173
         42
         98
          0
         71
         72
        255
          0
          0
          0
          0
        101
        238
         48
        168
          0
          0
          0
          0
          0
          0
         67
          0
          0
        212
          0
         45
        159
          0
         15
        196
          0
         67
        153
          0
          0
          0
         49
        255
        165
          0
          0
          0
          0
        255
          0
         69
          6
          0
          0
          0
