          0
          0
          0
          0
         87
          0
         99
          0
        255
         27
         72
          0
          0
        255
          0
         67
          0
          0
          0
          7
          0
         29
          0
          0
          0
          0
        127
        118
         56
          0
          0
          5
         68
        172
          0
        117
          0
          0
         74
        255
          0
          0
         73
          0
         59
        111
         36
         97
          0
         37
          0
          0
        255
        133
        107
         96
          0
          0
          0
         46
         44
          0
         21
         15
          0
        133
          0
        255
        127
          0
        165
         64
        255
          0
        110
        245
          0
        247
          0
        166
          0
          0
          0
         55
        255
          0
         89
          0
          0
         86
          0
         25
          0
          0
        120
          0
          0
          0
          0
        171
          0
         22
         83
        209
          0
          0
        126
          0
         25
          0
        129
         83
          0
          0
          0
          0
        255
          0
        117
         78
          0
          0
          0
          4
         84
          0
        155
          0
          0
        190
          0
          0
          0
        198
        125
        255
         98
          0
         41
          0
          0
          0
          0
        166
         67
        180
          0
          0
        255
        175
          6
          0
        118
          0
          0
         81
        192
        146
        255
          0
          0
        139
        216
          0
          0
        102
        157
         84
          0
         38
         33
        255
         38
          0
          0
         42
          0
          0
          0
          0
        162
         78
          0
          7
          0
          0
          0
          0
          0
         62
        173
          0
          0
          0
        187
          0
          0
        189
          0
          0
          0
          0
         40
          0
         47
          0
        111
          0
          0
          0
          0
          0
         34
          0
          0
          0
         80
         60
        143
          0
         60
        128
          0
          0
          0
          0
          0
        223
        135
          0
        210
         76
          0
         52
         51
        121
         82
          0
        186
        191
          0
        179
          0
          0
        255
          0
         31
         54
          0
        114
          0
          0
        130
          0
          0
         19
        243
          0
          0
          0
         47
        167
         58
        213
        155
          0
         28
          0
          0
          0
          0
          0
          0
          0
         19
         86
        202
         79
          0
          0
         77
          0
          0
         45
          0
        156
          0
          0
          0
          0
          0
          0
        164
          0
          0
          0
          0
         76
         19
        229
          0
          0
          0
          3
        157
          0
          0
          0
        255
         63
          0
         25
         86
          0
        110
          0
          0
         81
          0
          0
          0
          0
          0
          0
          5
          0
          0
          0
        255
         74
         31
        225
          0
          0
          0
         63
          0
          0
          0
        192
          0
        201
          0
        151
         44
          0
         44
          0
          0
          0
          0
          0
          0
          0
          0
        155
          0
        128
        178
          0
          0
          0
        138
          0
         36
        255
          0
        109
          0
        169
          0
        122
        255
        170
          0
        116
        133
          0
          0
          0
         16
        218
          0
          0
        234
        125
          0
          0
          0
        252
          0
          0
          0
          0
        141
        254
         40
          0
          0
        177
          0
          0
        109
        158
          1
         74
         43
          0
          0
         90
        143
          0
          0
          0
        255
          0
          0
         81
          0
        255
         65
          0
          0
        255
        159
          0
          0
        188
        122
          0
          0
         81
          0
          0
         18
         44
        255
        226
         35
          0
          0
        107
          0
          0
          0
          0
        151
        213
          0
        111
          0
        255
          0
          0
          0
        255
        124
          0
        124
         86
        155
          0
          0
        111
          0
          0
          0
        222
        255
        255
          0
        133
          0
         54
          0
         16
        111
        145
        255
          0
          0
         95
          0
          0
        160
          0
          0
        255
         99
        128
        192
         19
          0
         95
         15
         77
          6
          0
        105
        181
          0
        145
         48
         47
         24
          0
        134
         13
         50
          0
          0
         52
