         38
          0
          0
          0
        255
          0
          0
        115
          0
          0
         70
          0
          0
          0
          0
          0
          0
        255
          0
          0
          0
          0
        255
        127
          0
          0
          0
         69
         43
         14
          0
         35
        100
          0
          0
          0
          0
          0
          0
          0
          0
         36
          0
          0
        168
          0
          0
          0
        100
        254
          0
          0
          6
          0
        255
          0
          0
          0
          6
        255
          0
          0
        208
         46
          0
        255
          0
          0
        235
          0
        122
        105
          0
          0
         77
         92
        171
          0
        113
          0
        212
         65
          0
          0
          0
         25
         48
          0
          0
          0
          0
        164
          0
          0
        103
         75
          0
          0
        185
          6
          0
          0
          0
        210
          0
          0
         12
          0
          0
          0
          0
          0
          0
         87
         56
          0
         10
         16
         91
          0
          0
         94
          0
         16
          0
          0
         80
          8
        109
          0
          0
          0
        255
          0
          0
        167
          0
         99
         28
          0
          0
          0
         36
          0
          0
        121
          1
         94
         13
          0
          0
        142
        255
        118
          0
        247
        234
          0
         35
          0
        251
          0
          0
          1
          0
          0
          0
          0
         57
          0
         16
        239
         12
          0
        176
          0
          0
        139
          0
         47
          0
        217
          0
          0
        211
        255
          0
        176
        160
         65
          0
          0
          0
          0
         33
          0
        158
          0
        147
          0
         38
        101
         57
          0
        114
          0
          0
          0
        210
         85
          0
          0
          0
         85
        255
          0
          0
          0
          0
          0
          0
        120
         45
          0
         32
          0
         22
        144
        255
        229
          0
         26
          0
         85
         97
          0
        111
         28
        135
          0
          0
          0
          1
         32
         51
        116
          0
          0
         99
        255
         78
         35
          0
          0
         71
          0
        255
        178
        156
          0
        255
          0
          0
        255
         38
          0
         35
         13
          9
          0
          0
        150
        255
        255
          0
         39
          0
          5
        139
         84
         97
         48
         24
         65
        255
        125
         41
         31
          0
         70
        168
          0
          0
          0
          0
        144
          0
        158
          1
          0
          0
          0
        102
         58
        104
          0
        217
          0
         55
        150
          0
          0
          0
         49
         24
          0
         68
         42
          9
          0
         19
        228
         69
          1
        236
          0
          0
          0
         59
          0
          0
          0
          0
          0
          0
          0
        108
         15
         22
          6
        129
        185
         47
          0
         91
          0
          0
          0
          0
         35
         92
          0
          0
         94
          0
        119
         93
          0
          0
          1
          0
        163
          8
         74
          0
          0
          0
          0
          0
        207
        239
          0
         93
          0
          1
          0
        255
        255
         92
         99
         36
          0
          0
          0
         53
        255
          0
          0
          0
          0
        146
          0
         56
          0
          0
          0
          0
          0
          0
        115
          0
        116
        145
        103
        196
        102
        224
          4
          3
          0
         76
          0
          0
          0
        186
          0
        207
          0
          0
         57
          0
        232
          0
          0
          5
         95
          0
          2
          0
          0
          0
        123
        132
         51
        253
          0
          0
         26
          0
         74
         19
          0
          0
          0
          0
        122
        255
          0
        224
          0
          0
          0
          0
          0
          0
        201
         17
         86
          0
        255
        115
          8
         27
        142
        204
         14
          0
          0
        100
          0
        163
         51
        157
         20
          0
        152
         56
         40
        157
          0
          0
          0
        100
         15
          0
        220
          0
         44
         94
        159
          0
          0
          0
          9
         51
          0
         31
        255
          0
         25
          0
          0
         60
         13
        255
        255
          0
          1
        156
        124
         79
          0
