        165
          0
          0
        148
          0
         10
        230
          0
          0
          0
          1
         43
          0
          0
          0
        124
          0
          0
          5
        255
          0
         47
          0
          0
          0
          9
         43
          0
        255
          0
        107
          0
         36
         50
          0
          0
          0
         38
          0
        155
          0
          0
         99
         17
          0
          0
        125
        168
         24
         50
          0
          0
          0
          0
        141
          0
        133
          0
        117
        213
          0
        240
         96
        232
          0
        181
          0
          0
        151
          0
          0
        209
          0
          0
         59
          0
        255
          0
        102
        164
          0
          0
          0
        255
        175
          0
        130
          0
        116
          0
        158
          0
          0
        255
          4
        172
        133
         45
          0
        162
          0
          0
          0
          0
          0
        239
        198
          0
        255
          0
        139
          0
         17
         12
          0
        227
         51
          0
        111
          0
          0
        164
         87
          0
        255
        179
        106
         56
         69
          0
          0
        101
        155
        154
         29
         95
          0
          0
        165
          0
          0
         28
         15
          0
          0
          0
        165
        255
          0
          0
        197
        136
          0
        123
        127
          0
          0
        203
         63
          0
         92
         40
          0
         54
          0
        161
          0
         72
          0
         70
        141
        159
        103
          0
          0
        149
          0
          0
        155
        255
         44
         93
          0
          6
          0
        135
          0
          0
          0
          0
         27
          0
          2
         91
        183
         98
         71
         55
          0
         54
          0
        217
        198
          0
         25
          0
         43
        200
          0
        146
          0
        255
         88
          0
        230
          0
          0
        109
          0
          0
        228
          0
         24
        214
        163
          0
          0
          0
          0
          0
          0
          0
        255
          0
        235
          0
         54
        167
          0
        128
          0
        185
         84
        172
          0
         65
        179
          4
          0
          0
         62
          0
        255
        213
          0
          0
          0
          0
        178
         83
          0
        153
          0
         10
        255
          0
         83
        103
        119
        126
         83
          0
          0
          0
         77
        248
        204
         50
          0
         36
          0
        208
         19
          0
        159
          0
          0
          0
         48
          0
          0
        107
          0
         21
         80
         55
          0
          0
         48
         52
          0
        150
          0
          0
          0
         72
          0
          0
         22
        126
          0
          0
          0
         68
         32
          0
          0
        255
         87
        145
          0
        138
          0
        112
         49
          0
          0
        137
          0
          0
         67
        161
        117
          0
         24
          0
          0
          0
        122
        255
        210
          0
          0
          0
         35
        155
        112
        205
          0
          0
         42
         77
          0
          0
          0
        149
          0
          0
         85
        148
          0
         24
          0
          0
          0
          0
        122
          0
          0
         57
        135
          0
          0
          0
          0
        195
          0
         51
        144
        187
        255
        250
        106
          0
          0
          0
          9
         59
        155
          0
        106
          0
          0
        126
          0
         50
        172
          0
         16
          0
          0
          0
         23
        255
         53
         82
        173
        136
          0
         57
         21
          0
        255
        255
          0
        175
        196
         25
         97
          0
        144
          0
         23
        202
        255
          0
          0
          0
          0
        143
          0
          0
          0
          0
         96
        255
         47
         46
          0
          0
        117
         39
          0
         82
        143
          0
         18
         52
          0
          0
        114
          0
        161
         28
          0
          0
          0
         88
        155
         62
          0
        153
          0
          0
         79
        133
         58
        255
        115
        117
        248
          0
          0
        101
          0
         83
         80
          0
          0
        137
          0
        173
         70
         34
          0
          0
          0
          0
        255
          0
          0
          0
        129
        141
          0
          0
          0
         97
        160
          0
          0
         58
        237
          0
         36
        188
         54
         50
          0
          0
          0
          0
          0
          0
        112
         73
          0
        117
          0
        218
          0
          0
         30
        216
          0
        140
         56
          0
          0
          0
        127
        216
        163
         88
         56
        158
          0
          0
          0
          0
        255
          0
          5
          0
          0
          0
          0
         80
          0
          0
        113
        196
          0
        139
         21
        121
        237
          0
          0
         39
         47
         46
        108
        255
        148
        131
          0
          0
          0
        167
          0
         32
        255
          0
        115
          0
          0
          0
          0
        129
          0
         69
        255
        129
          0
          0
        202
          0
        214
          0
          0
         30
          0
          2
         46
        255
        168
          0
          0
          0
          0
        120
          0
          0
        255
          0
        105
          0
          0
          0
          0
          0
         13
          0
          0
        227
          0
        194
          0
         67
          0
          0
          0
          0
          0
         55
          0
        255
        104
          0
        229
         96
         35
          1
         97
          0
        250
         18
          0
          0
          3
         28
        117
          0
        187
         52
        255
          0
          0
          0
        110
        176
        141
        205
          0
         49
          0
          0
         75
          0
         36
          0
        220
        127
        117
         84
          0
          0
        255
        255
          0
        233
          4
          0
          0
         22
        164
         70
        237
         27
          0
          0
         75
        197
        251
        152
          0
          8
         36
          0
          0
          0
        109
        124
          0
        211
         65
          0
          0
          0
        108
         15
         23
          0
          0
        179
          0
          0
        114
          0
        187
        210
          0
         60
          0
        106
          0
        187
         95
         86
         44
         42
         30
          0
         13
          0
          0
          0
          0
          0
         17
          0
        182
        158
        117
        222
          0
          3
          0
         87
          0
          0
        123
          0
        255
         50
          0
          0
         18
         73
          0
         36
         49
          0
        184
        255
          0
         34
          0
         14
        122
        102
        115
        158
        184
          0
         77
          6
         50
          0
         16
         31
          0
          0
          0
        208
        255
        255
          0
          0
         38
        157
        113
        140
          0
          0
        181
        176
          0
         97
         60
          0
          0
        197
          0
          0
        255
          0
          0
          0
          0
          0
          0
          0
          0
          0
        118
          0
          0
        166
         65
        202
        220
        184
          0
         19
         39
         96
         80
          0
        131
        101
          0
        135
          0
         41
          0
         69
        133
          0
         30
        167
        121
          0
          0
         31
          0
         16
        226
        108
          0
          0
          0
          0
        255
          0
          0
        115
          0
          0
        106
          0
        179
          0
        219
        202
        145
         71
          0
        166
        255
          0
          0
        172
          0
          0
          0
          0
          0
        126
          0
          0
          0
        202
        193
        101
        217
          0
          0
         53
         13
        143
         21
          0
         71
          0
          0
          0
         95
         46
        178
        236
        207
        255
          2
          0
          0
        178
        143
        114
        171
        195
        183
          0
          0
          0
          0
        117
         11
          0
          0
         13
          0
          0
         11
        255
          0
          0
          0
          0
         85
        185
          0
        196
        255
          0
         21
          5
        164
         26
          0
         36
        165
        117
        247
        122
        255
          0
        114
          0
        239
        101
        122
         53
          0
        122
         63
         60
        198
        105
        242
        188
          0
          0
         99
          0
          0
          0
         32
          0
        191
          0
        111
        118
          0
        116
        255
          0
        255
          0
          0
        164
          0
        167
          0
          0
          6
          0
         32
        255
          0
          0
          0
        156
          0
          0
        113
          0
          0
          0
          1
        147
        122
         78
         37
         18
          0
          0
          0
          0
         75
          0
          0
          0
        137
        174
          0
         34
          4
          0
          0
          0
          0
         51
          0
          0
         84
         52
         79
          0
        157
        200
          0
        193
         99
          0
        136
         41
          0
          0
          0
          0
        255
          0
        192
         58
        129
        112
          0
          0
          0
          0
        108
        255
          0
        110
         74
          0
          0
        187
          0
          0
        255
          0
         78
          0
          0
          0
         16
         79
          0
          0
         43
          0
          0
          0
        243
        168
        243
          0
          0
          0
         84
        142
          0
        255
        100
          0
          0
          0
         49
         56
        104
          0
        255
          0
          0
        170
        133
          0
          0
        132
          0
          0
         81
        227
          0
          0
          0
          0
          0
          0
         97
          0
          0
          0
         79
          0
        134
          0
        162
          0
         11
          0
          0
          0
        145
        190
          0
        217
          0
          0
          0
         37
         11
          0
          0
          0
        255
         93
          0
        175
         96
         37
          0
          0
          0
          0
         48
        255
         47
          0
          0
          0
          0
         52
          0
        200
        255
        255
          0
        224
        188
         51
          0
          0
         20
          0
          0
        222
          0
          0
        214
        192
        146
          0
          0
        122
         91
          0
         77
        255
          0
         28
          0
         27
          0
         31
          0
          0
        226
          0
        130
          0
          0
          0
          0
        192
          4
          0
         68
        225
        255
          0
          0
        101
        156
        157
          0
         92
          0
        159
         61
        255
         32
         28
          0
         66
          0
          0
         50
          0
        255
          0
          0
        141
          0
          0
          0
         66
          0
          0
        215
        178
          0
          0
          0
        175
        171
          0
          0
        104
         88
          0
          0
        255
         20
         54
          0
          0
        144
         49
         48
         46
        255
          0
          0
          0
          0
        175
         30
          0
          0
          0
          0
          0
        255
        221
          0
          0
         22
        155
          0
        200
          0
          0
        184
        255
          0
          0
          0
        203
          2
         48
          0
         14
        255
        194
         87
        229
          0
          0
          0
         34
          0
         77
          0
         32
          0
          0
          7
        146
        104
        138
          0
          0
          0
        126
         98
          0
          0
         27
          0
          0
          0
          0
        131
         73
        255
          0
         17
          0
          0
          0
          0
         94
        144
         41
          0
          0
        148
        145
         56
        211
          0
          0
         73
          0
          0
        186
          8
          0
          0
          0
        240
          0
        153
        130
         85
         31
         14
          0
         45
        108
        133
          0
          0
          3
         31
          0
        178
          0
        122
        201
          0
          0
          0
          0
          0
        146
          0
          0
        160
          0
         55
        120
          0
        102
          0
         52
        112
         79
        156
          0
          0
          0
         57
        116
         19
          0
         32
          0
          0
         61
        207
        171
          0
          0
          0
          0
         52
          0
          0
          0
        103
         95
        185
          0
          0
         91
          0
        175
         95
          0
        170
          0
         33
        119
        160
         17
          0
          0
          0
         12
          0
          0
          0
          0
          0
          0
        171
          0
         48
          0
          0
         93
         18
          0
         29
          1
          0
         36
          0
        200
        104
        238
          0
          0
         68
        164
         92
          0
         53
        184
          0
          1
         93
         16
          0
          0
          0
         61
          0
          0
          0
          0
          0
          5
        131
          0
         44
         99
         37
          0
        131
        144
         56
        243
          0
          0
          0
          0
          0
          0
          0
          0
        172
         23
         75
          0
          0
          0
          0
         99
         70
        108
          0
          0
          0
          0
        171
        255
        173
          0
          0
         59
          0
        122
          0
          0
        255
        255
          4
          0
         27
          0
         64
          0
        139
          0
        255
        155
          0
        189
          0
          0
         19
         67
          0
         13
          0
          0
        176
          0
          0
         23
          0
         89
          0
         20
          0
        253
          0
          0
         36
         69
          0
          0
         88
         83
          0
         94
        126
          0
          0
          0
          0
        153
        213
        159
        121
         30
          0
          0
         26
          0
          0
          3
        139
          0
        148
        155
          0
          0
         44
          0
          0
          0
          0
          0
         23
          0
        135
         33
        204
        217
          0
         71
         13
        115
        216
          0
         19
         69
          0
        106
         96
        177
          0
          0
        130
        178
          0
         78
          6
          0
        166
          0
         85
          0
          0
          0
          0
         94
        106
         71
        254
        204
        255
         14
        203
          0
          0
          0
          0
         12
          0
          0
         79
        255
         38
         15
          0
        220
         17
         88
         56
          0
          0
         83
          0
          0
          0
          0
         67
        101
         42
        184
        123
          0
        255
        251
        230
          0
          0
         25
          0
         55
        100
          0
          0
        255
         69
          0
          0
        172
          0
        199
         83
          5
          0
        255
         63
          0
        143
         66
          0
          0
         31
          0
        123
         50
          0
         26
         61
          0
          0
          0
          0
          0
         71
         25
         67
        255
         39
          0
          0
         15
         21
        136
         20
          0
          0
          0
         81
        166
        109
          0
          0
         86
         29
         55
        218
         15
          0
          0
        186
        114
         57
          0
          0
        114
         60
        101
          0
        255
        182
         77
        168
        147
        107
        158
         20
         10
          0
        178
         78
        194
          0
          6
          0
          0
         33
          0
        143
          0
         82
          0
        147
        177
          0
        192
          0
        101
         77
          0
          0
          0
        197
          0
          0
          0
          0
         48
        114
          0
          0
        255
        102
         96
         19
        211
        126
          0
          0
          0
        200
          4
        255
        199
        215
          0
          0
         29
          0
        126
         50
         16
          0
          0
          0
         78
         13
         20
         17
        109
        118
          0
        133
          0
         27
         48
        165
          0
          0
          0
          0
        181
        107
         52
        115
          0
          0
          0
        255
        112
          0
          0
          0
          0
        140
          0
         82
          0
          0
        145
         33
         30
          0
          0
          0
          0
        103
          0
        157
          0
          0
          0
         52
          8
          0
        110
         23
          0
          0
        218
        229
          0
         45
        156
         40
         77
         64
         39
         28
          0
          0
          0
        171
          0
        145
        121
          0
        196
        103
         65
         79
          0
          0
         18
          0
          0
        153
        157
         67
        255
          6
        164
        109
          0
         91
        201
          9
          0
         99
        255
         38
         70
          0
          0
        110
          0
          0
        149
          0
          0
          0
        220
         46
          0
          0
         59
          0
        142
          0
          0
        146
          0
        140
          0
          0
          0
        115
         46
         61
        100
        157
          0
          0
          0
          0
          0
        104
         19
          0
         13
         31
        235
          0
          0
         39
         37
          0
          0
          0
         21
          0
        135
        133
          0
          0
          0
          0
          0
        116
        178
          0
          0
         82
          0
          0
          0
        206
         59
          0
          2
        165
         96
         54
          0
          0
          0
        157
          0
          0
          0
         38
          0
        255
        192
        249
          0
        128
          0
        194
          0
          0
        138
         69
          0
        123
          0
        192
          0
        186
         67
        129
         66
        121
          0
          0
          0
          0
        162
          0
          0
          0
         23
          0
        122
        166
         79
          0
          0
         37
          0
        255
          0
        137
        187
          0
          0
          0
         25
         62
          0
        118
         18
          4
          0
          0
          0
          0
          0
          0
        214
         48
        196
         33
         80
        128
          0
          0
          0
        146
        255
          0
         22
         49
          0
        123
        150
          0
         10
          0
          0
          0
         43
          0
         73
          0
        203
          0
          0
         55
        255
         21
        131
