         63
          0
          0
          0
        103
          0
          0
          0
        255
        255
         98
        255
          0
          0
          0
          0
          0
          0
        199
          0
         73
          0
          0
        255
        255
          0
          0
          0
         87
        255
         32
         77
        159
          0
        127
          0
          0
        157
          0
          0
        255
          0
        123
          0
          0
          0
        103
          0
          0
        144
          0
          0
        255
          0
          3
          0
         63
          0
         99
         12
        122
          0
        179
          0
          0
        203
        110
          0
         57
        198
         89
        255
          0
        255
          0
          0
        130
        155
          0
          0
        160
          0
          0
          0
          0
          0
          0
        255
         42
         91
          0
          0
          0
        255
        207
          0
          0
          0
         77
          0
          0
        150
          0
        255
        255
          0
          0
          0
          0
          0
          0
          0
          0
         78
          0
          0
          0
          0
          0
        148
          0
          0
        163
        101
        147
        255
        194
          0
          7
        178
          2
          0
        210
          0
        113
        255
        255
        255
         69
          0
         66
          0
        209
          0
          0
         93
          0
          0
          0
         91
        101
        255
          0
         92
        138
          0
          0
          0
        115
         16
          0
          0
        123
          0
          0
          0
          0
        255
        255
        255
        255
          0
          0
          0
          0
          0
          0
        171
          0
        242
          0
          0
          3
          0
          0
         66
         39
          0
         40
        255
          0
          0
          0
        163
        177
        160
         67
          0
         91
        172
        255
        255
          4
          0
          0
          0
        124
          0
        114
          0
          0
          0
          0
          0
          5
          0
         21
          0
          0
         25
          0
          0
          0
          0
         10
        247
         77
          0
          0
          0
          0
        255
          0
        255
          0
          0
          0
        255
          0
        143
          0
          0
          2
          0
          0
         48
        113
        255
          0
          0
         26
        161
        119
         58
          0
        255
          0
        238
          0
          0
        162
          0
         64
          0
        255
         86
        181
        255
          0
          0
        199
         67
        106
          0
        113
          0
          0
          0
        140
        255
          0
        151
        144
        196
        226
        255
        142
        255
          0
        140
          0
          0
          0
        180
          0
          0
        255
        255
        237
        255
        245
        255
          0
        140
          0
          0
          0
         77
          0
         36
          0
        255
        255
          0
        100
          0
          0
          0
        237
          0
        141
          0
          3
          0
          0
          0
        129
          0
          0
         63
          0
          0
        217
          0
          0
          0
          0
          0
          0
          0
        132
          0
          0
          0
          0
          0
         71
          0
          0
          0
          0
        255
          0
        150
         94
         64
         21
          0
          0
          0
        255
          0
         26
          0
        142
        251
        213
         36
          0
        234
        181
          0
          0
          0
          0
         87
        220
        150
         43
        151
         72
        255
        219
         64
        156
          0
          0
          0
         82
          0
         61
          0
          0
          0
          0
          0
          0
        255
          0
          0
          0
          0
          0
          0
        216
          0
         13
         13
        145
         96
          0
          0
          0
          0
        134
         85
          0
          0
          0
          0
          0
          0
         39
          0
        255
          0
          0
        112
          0
          0
          0
         42
         74
          0
          0
         75
          0
         28
          0
          0
        185
          0
          0
          0
          0
          0
        225
        255
         13
          0
          0
          0
          0
          0
          0
        255
          0
          0
         49
         39
          0
        174
          3
          0
         91
        203
          0
         83
        255
         19
          0
          0
        254
          0
          0
          0
          7
        136
          0
          0
        117
        116
          0
          0
          0
          0
          0
        255
        255
        255
          0
          0
        173
        255
         15
          0
          0
         67
        118
        255
          0
          0
         63
          0
          0
          0
         88
          0
          0
          0
          0
        218
        159
          0
        255
          0
          3
          0
         37
         12
        255
        227
        255
        230
          0
          8
          0
          0
        116
          0
        195
          0
          0
         24
          0
          0
          0
         62
          0
        134
          0
          0
          0
        255
        219
         18
        218
        123
          0
          0
         50
          0
        255
          0
         46
          0
          0
          0
        167
          0
          0
         89
         83
        182
          0
        106
        203
          0
          0
         68
         23
          0
          0
         15
          0
        214
          0
          0
        233
          0
         82
          0
          0
          0
        255
        255
          0
          0
          0
          0
          0
          0
          0
         93
          0
        187
        163
          0
          0
        255
        255
          0
          0
          0
         22
          0
          0
          0
        106
          0
        147
          0
          0
          0
        113
          0
          0
        255
         24
          0
        120
        255
        146
          0
          0
          7
        224
          0
          0
          0
          0
          0
        103
         60
          0
          0
          0
        255
          0
          0
        195
          0
        182
          0
          0
        177
         16
          0
          0
          0
        255
          0
         42
          0
          0
          0
          0
          0
          0
          0
          0
         54
        204
        240
         84
         77
          0
          0
          0
          0
          8
          0
          0
          0
          0
          0
         57
          0
          0
          0
        255
          9
          0
          0
          0
        255
         64
          0
         19
        255
         18
        255
          0
         17
          0
         57
          0
          0
          0
          0
          0
          0
         57
         78
        108
          1
         65
          0
          0
          0
          0
         18
        255
          0
          0
         56
        130
        255
          0
          0
         23
          0
          0
          0
        147
         95
        193
        255
        176
          0
         61
        201
        235
          0
         45
        144
          0
         74
        109
        208
        106
          0
          0
          0
        255
          0
          0
        255
         47
          0
          0
        190
          0
          0
        171
        138
          0
         66
        176
          0
          0
        160
          4
          0
          0
          0
         71
        255
        155
        189
        190
          0
        167
          0
        109
          0
          0
          0
          0
        255
          0
        190
          0
         19
          0
          0
         49
          0
        104
          0
         31
         19
          0
         68
          0
        193
          0
          0
        141
        135
         22
          0
        151
         27
          0
          9
          0
          0
        255
         56
          0
        255
          0
          0
          0
          0
         64
          0
          0
          0
          0
          0
        202
         57
        120
          0
         54
          0
          0
          0
          0
          0
          0
          0
          0
          0
          0
          0
         20
          0
          0
        255
        212
        255
          0
          0
          0
          0
          0
        217
          0
          0
          0
          0
         88
          0
          0
          0
        142
          0
          0
          0
          0
          0
          3
          0
          0
          0
          0
         32
         16
          0
          0
          0
          0
          0
          0
          0
          0
        176
          0
          0
          0
          0
         95
         19
        179
          0
         11
        181
        110
          0
          0
          0
        211
          0
          0
          0
          0
          0
          0
          0
          0
          0
        255
          0
          0
        184
          0
          0
          0
          0
        104
          0
         51
          0
         71
         50
          0
        214
        127
          4
          0
          0
        147
        105
        120
        166
         97
          0
          0
          0
          1
          0
          0
        190
          0
        255
          0
        255
         50
          0
          0
          0
        133
        105
          0
          0
          0
         74
        204
          0
        253
          0
         86
        105
          0
          0
          0
          0
        120
          0
          0
        228
         48
         34
        115
        255
        255
        255
        255
          0
        230
          0
          0
          0
          0
          0
          0
          0
        142
         73
         73
          0
        122
          0
          0
          0
         50
        255
          0
          0
         97
        173
         86
        132
         78
         19
          0
          0
        255
          0
          0
        229
        125
          0
          0
          0
        147
          0
        146
          0
          0
          0
          0
          0
        224
         10
          0
        139
         67
        255
          0
          0
          1
        149
        239
          0
          0
        169
        116
          0
          0
          0
        255
        138
          0
          0
        166
          0
          0
          0
        134
        154
        128
          0
          0
         97
        116
         65
          0
        208
         14
          0
         48
         11
        202
        157
        255
          0
          0
          0
         72
          6
          0
          0
        255
          0
          0
          0
          0
          0
          0
          0
        156
          0
         38
         47
          0
        255
          0
         82
          0
        224
          0
        255
        141
         12
         63
        255
          0
          0
         10
          0
          0
          0
          0
        161
        207
          0
         94
          0
         51
         37
        122
          6
          0
          0
          0
          0
          7
        204
          0
          0
         71
        255
        154
          0
          0
          0
          1
        199
        190
        115
          0
        195
          3
          0
        212
          0
          0
          0
         41
          0
          0
          0
          0
          0
         14
          0
        255
          0
        164
         36
          0
          0
         70
          0
          0
        255
          0
         89
          0
          0
          0
         74
        138
          0
          0
          0
          0
        255
          0
        255
          0
        255
        198
         83
         96
          0
          0
          0
        119
         93
        122
          0
        207
          0
         19
          0
        120
          0
        223
         43
        102
          0
          0
          0
        112
        184
        138
          0
          0
        242
         62
        233
          0
          0
        147
          0
        121
          0
          0
        211
          0
        106
          0
          0
          0
        169
         82
        234
          0
        255
        209
          8
         56
         11
          0
        255
          0
        121
          0
          0
          0
          0
        255
        255
        101
        255
          0
          0
         22
        169
         40
          0
        177
         13
        154
        255
        255
         71
          0
         73
          0
        255
        175
          0
        150
        142
          0
         27
        124
          0
          0
          0
        255
          0
          0
         58
         16
          0
          0
          0
        125
          0
         43
        110
         47
          0
          0
        173
          0
          0
          0
          0
          2
          0
          0
         53
         51
        125
          0
          0
         41
          0
         82
        159
        255
          0
        218
         53
          0
          0
          0
         45
          0
          0
         38
        250
        170
         16
          0
          0
          8
        151
          0
        209
        150
          0
          0
        116
          0
        110
          0
          0
          0
          0
          0
          0
          0
        255
          0
        141
          0
          0
        203
         50
          0
          0
          0
        214
        162
          0
         89
          0
          0
          0
         30
        219
          0
        255
          0
          0
          0
         17
          0
          0
          0
          2
          0
        255
          0
        255
        152
        106
          0
        252
          0
         73
         93
         17
          0
         75
          0
         29
          0
         84
          0
         39
         11
          0
         13
        255
        206
         54
         91
          0
          0
          0
        189
          0
         82
         14
          0
        255
          0
          0
          0
        255
        219
          0
        121
         66
          0
          0
         61
         46
        159
         75
          0
          0
          0
        245
         49
        255
          0
          0
          0
        192
        226
          0
          0
          0
         46
          0
        255
        255
          0
          0
          0
        162
          0
        108
         98
          0
          0
          0
         28
          0
          0
        219
          0
          0
          0
          0
        128
          0
         99
          0
          0
          0
        200
        255
         20
        151
          0
          0
        255
        104
        169
          0
         80
        255
          0
          0
        139
          0
          0
          0
          0
         88
          0
        204
          0
          0
        132
        255
        248
        255
         64
         87
         85
         50
          0
          0
         64
        177
          0
          0
        255
        255
        182
          0
         14
        107
         63
        157
          0
        142
          0
          0
          8
         69
          0
        220
          0
        131
         73
          0
        210
          0
          0
         99
        213
        135
          3
          0
          0
          0
         22
          0
          0
          0
          0
        173
         93
          0
        116
         37
         54
        255
         36
          0
        109
          3
          0
        169
          0
         30
          0
          0
         16
        255
          0
        245
         81
        164
          0
        255
         46
         26
        112
          0
          0
          0
        159
          0
          0
          0
        220
         13
        124
          0
        103
        110
        197
          0
          0
          0
          0
        102
          0
        224
          4
          0
          0
        255
        184
          0
          0
          0
          0
          0
          0
          0
        255
          0
          0
        255
          0
        255
         31
          0
          0
          0
          0
          0
        219
          0
          0
        183
          0
          0
          0
          0
          0
        236
        161
          0
        206
          0
          0
        193
          0
          0
        161
          0
          0
        255
         57
        255
          0
        120
          0
          0
          0
          0
          0
        247
          0
          0
          0
          0
        237
        127
          0
        226
          0
        255
         34
          0
          0
          0
          0
          0
        172
          0
          0
          0
        255
        225
          0
        255
          0
          0
         93
        154
          0
          0
          0
          0
          0
          0
        162
          1
        183
         14
          0
          0
          0
        255
         24
        139
          6
         56
          0
        150
          0
          0
          0
          0
          0
        255
          0
        214
          3
         40
        184
         40
          0
          2
        156
          0
        125
          0
        118
         79
          0
         92
          0
         24
          0
         20
          0
         69
        177
          0
          0
          0
        201
          0
          0
        215
          0
        255
          0
        190
          0
        255
          0
        164
        117
         24
         11
          0
         21
         90
          0
        205
        206
          0
        111
          0
         66
        255
          0
          0
        134
        170
          0
          0
         58
        217
         98
          0
          0
        255
         88
          0
          0
          0
          0
        212
        167
          0
          0
          0
          0
          0
          3
        255
        114
          0
          0
          0
          0
          0
          0
        117
          0
        117
          0
        234
         89
          0
          0
          0
          0
        255
          0
          0
         91
          0
          0
          7
         92
         38
          0
        199
         88
         83
         10
          0
        255
        166
          0
        166
          0
        255
          0
          0
          0
        137
        126
        255
        133
          9
          0
        255
        255
        255
         69
        255
         43
          0
        184
         80
          0
          0
          0
         75
        155
         42
        132
          0
          0
          0
          5
          0
          0
          0
        242
        193
          5
         85
        189
          0
        204
         52
         50
        255
        255
          0
          0
        255
          0
          0
          0
        156
          0
          0
          0
        243
        255
          0
          0
          0
        166
          9
          0
          0
          0
        132
          0
          0
          0
          0
          0
        168
          0
        103
         57
          0
         49
        255
         10
         98
          0
          0
         76
         86
        127
          0
         48
        120
         51
          0
          0
        255
          0
         42
          0
         20
        229
         70
          0
          0
          0
          0
          0
        255
         55
         67
          0
          0
        255
          0
          0
          0
         77
         35
         68
          0
          0
        255
         64
         24
          0
         10
          0
          0
          0
          0
          0
          0
          0
        255
          0
         20
          0
        149
        255
          0
          0
        139
         49
         33
          0
          0
          0
          0
          0
          0
          0
          0
          0
          0
          0
          0
          0
          0
         31
        230
          0
          0
          0
          0
         23
          0
          0
        199
          0
        227
          0
          0
          0
        126
         57
         53
        144
          0
          0
          0
         97
          0
          0
          0
         37
          0
        110
          0
          0
          0
          0
          0
          0
          0
         38
          0
          0
          0
          0
          0
          0
        190
        255
        255
          0
         82
         14
         35
        255
          0
          0
          0
          0
        255
         81
          0
          0
        255
          0
        228
        155
         56
          0
          0
          0
          0
          0
          0
          0
        255
         24
          0
          0
        254
          0
        255
        128
         98
          0
         91
         12
        255
          0
          0
          6
          0
        178
        211
          0
          0
         33
          0
        239
          0
        167
          0
         22
          0
         38
          0
        210
        249
         23
          0
