        255
          0
         28
          0
          0
          0
         53
         92
          0
          0
          0
          0
        255
          0
          0
        146
          0
          0
          0
         43
          0
          0
         64
        255
          0
          0
        255
         26
         91
        255
          0
          0
          0
          0
         13
          0
          0
          0
          0
         13
          0
          0
        172
          0
         41
          0
          0
          0
          0
         19
          0
          0
        184
          0
          0
        168
        233
          0
        255
          0
          0
          0
        113
         67
          1
        255
          0
          0
          0
         89
          0
          0
        255
          0
          0
          0
          0
          0
          0
          0
          0
          0
          0
          0
          0
         25
         16
        255
          0
          0
          0
        174
          0
          0
          0
          0
        255
        255
          0
          0
          0
          0
          0
          0
          0
          0
          0
          0
        255
          0
          0
          0
         90
         75
         13
        133
          0
          0
          0
        110
        232
        255
          0
          0
          0
          0
          0
          9
          0
          0
         39
          0
          0
         81
         32
        111
          0
          0
          8
        255
          0
          0
         53
          0
          0
         22
          0
          0
        215
          0
          8
        255
          0
          0
          0
          0
          0
          0
          0
        165
          0
        116
          0
        129
          0
        116
          0
         66
          0
          0
          0
          0
          0
        210
         23
         12
          0
         58
          0
          0
        255
          0
          0
        255
          0
          0
          0
        177
          0
          0
        228
         67
          0
        255
          0
          0
          0
         28
          0
         67
          0
          0
          0
          0
          0
          0
          0
         81
         38
        102
          0
          0
        255
          0
          0
         32
          0
          0
          0
        162
          0
        255
          0
          0
        255
        142
        101
         56
          0
         81
          0
        154
        255
         14
         96
          0
          0
          0
        201
        120
         60
         22
          0
        235
          0
          0
         26
          0
          0
          0
        255
          0
          7
        255
          0
         44
          0
          0
          0
        102
        255
          0
         20
          0
        255
          0
         16
          0
          0
          0
          0
          0
        197
          1
         32
        174
          0
         19
        255
        255
          0
          0
          0
          0
        141
          0
          0
          0
         99
        158
          0
         32
          0
        109
         40
          0
         67
        161
          0
          0
        255
          0
        166
        132
          0
          0
          8
        170
          0
        134
        255
          0
          0
          0
        255
        194
         45
          0
          0
          0
          0
          0
          0
          0
          0
         30
          0
          0
         53
         48
         37
          0
          0
          0
         38
        108
          0
        109
          0
        139
          0
          0
        197
          0
        162
          0
        255
         10
         41
          0
        235
        134
          0
        179
         35
         63
          0
          0
          0
         62
        255
          0
          0
          0
          0
          0
          0
        133
          0
          0
          0
         38
         47
        138
          0
          0
          0
        255
          0
          9
          0
          0
          0
          0
          0
         76
          3
          0
         20
          0
        193
          0
          0
        121
          0
        255
        137
          0
          0
        138
        159
          0
         66
        250
        146
        140
        193
         72
        147
          0
        143
          0
          0
          0
          0
          0
          0
          0
          0
          0
          0
        118
          0
         53
         56
          0
        140
        255
        255
          0
          0
          0
         31
        101
          0
        216
         80
         51
         76
        225
          0
          0
        142
         78
          0
          0
        200
          0
          0
        250
          0
          0
        159
          0
        166
         52
          0
        133
        142
          0
        255
        213
         27
          7
         88
          0
         18
        190
          0
        155
          0
        255
        226
        144
          0
          0
          0
          0
          0
          0
        136
        255
         51
         17
          0
          0
          0
         26
        255
         80
          0
          0
        255
          0
          0
         79
          0
          0
          0
        249
          0
         85
          0
          0
          0
        255
         63
          0
          0
        255
          0
          1
          0
          0
          0
        110
        255
          0
          7
         40
          0
          0
         22
          0
        255
        228
          0
        149
        108
         45
          0
        211
          0
          0
        228
        164
          0
          0
        189
          0
         63
          0
          0
          0
          0
         11
          0
          5
        235
         78
        163
         54
          0
          0
          0
          0
        255
          0
          0
         11
         42
          0
          0
        125
        255
          0
          0
          0
        165
          0
        255
         24
         12
          0
        110
          0
          0
          0
          0
          0
         37
          0
          0
          0
        255
          0
          0
          0
          0
          0
          0
          0
          0
          0
         40
          0
          0
          0
         60
          0
          0
          0
          0
          5
         43
        255
          0
          0
          0
          0
          0
          0
          0
          0
        155
        168
          0
         22
         92
          0
          0
          0
          2
          0
          0
         36
          0
          0
         37
         20
          0
          0
        178
          0
          0
          0
          0
          0
          0
          0
        255
        179
          3
          0
          0
          0
          0
        126
          0
          0
          0
          0
        255
          0
          0
         93
         73
         46
        227
        251
          0
          0
         33
          0
        101
          0
          0
        191
        213
          0
         40
          0
        255
         31
          0
          0
          0
          0
         47
        120
          0
          0
        148
        255
        255
         56
          0
          0
          0
         82
        133
        255
         91
         39
        111
          0
         91
          0
         24
         41
          0
          0
         12
        180
         22
          0
         87
          0
          0
          0
          0
          0
          0
          0
          0
          0
          0
          0
        255
         41
          0
          0
        255
         91
         82
        116
          0
          0
         12
        255
          0
          0
        255
        155
        137
          0
        255
        255
        108
          0
          0
         64
         23
          0
        255
          0
          0
          0
        255
          0
          0
         81
         88
          0
          0
          0
        255
          0
          0
          0
          0
        255
        178
          0
          0
        255
          0
          0
          0
          0
          0
         32
          0
          0
          0
          0
        255
          0
        138
          0
        155
          0
          0
         63
         96
         70
          0
          0
          0
         75
          0
        255
          0
          0
          0
         13
        186
          0
          0
          0
          0
        221
          0
        129
          0
          0
          0
          0
          0
          4
        193
          0
        255
          0
        210
          0
        127
          8
         63
         80
          0
         12
         98
         14
         28
          0
          0
          0
         80
          0
        201
          0
          0
          0
        104
          0
          0
        128
         60
          0
          0
        112
          0
        255
          0
         79
        234
          0
         18
         61
          0
        102
          0
         38
        192
          0
        103
          0
         66
          0
          0
          0
          0
         33
        115
          0
         37
         29
        106
          0
         86
          0
          0
        108
        127
          0
          0
          0
        196
          0
          0
        115
          0
          0
          0
          0
        255
          0
        115
          0
        255
          0
        255
          0
         65
          0
          0
         49
          0
          0
          0
         20
          0
        142
        255
          0
        126
          0
          0
          0
        200
          0
         19
          0
         28
        169
          0
          0
        109
          0
          0
        221
        139
         93
          0
          0
        184
          0
        238
          0
          0
          0
          0
        123
          0
          0
        255
          0
          0
          0
        255
        174
        105
          0
          0
          0
          0
        231
          0
         50
          7
        255
          0
          0
         16
          0
          0
          0
        155
         17
        255
        255
          0
          0
          0
          0
          0
          0
          0
          0
        216
          0
          0
          0
          1
          0
          0
          0
          0
        169
        108
          0
        206
        255
        175
         88
          0
          0
         53
          0
          0
        106
        255
        167
          0
          0
        138
          0
          0
         42
        255
          0
          0
          0
          0
          0
          0
          0
          0
          0
         10
          0
          0
          0
        255
          0
          0
        255
          0
          0
          0
        179
          0
        255
        255
          0
          0
          0
        255
         80
         16
        144
        255
          0
          0
          0
        255
        180
          0
         69
        154
         89
          0
        220
          0
          0
        255
        255
          0
        255
          0
          0
        165
        255
          0
          0
        255
        108
          0
          0
          0
          0
        210
        102
        255
          0
        251
         49
          0
         17
          0
          7
         60
          0
          0
          8
          0
         28
        255
        255
        224
          0
        175
        158
          0
        255
          0
         13
          0
        255
          0
          0
          0
          0
          0
        168
        255
          0
          0
          0
          0
        183
          0
         91
          0
          0
          0
          0
        255
         74
        243
         82
          0
          0
        255
         71
         67
          0
          0
        206
        193
          0
          0
         15
          0
         98
          2
         68
          0
        149
        255
          0
          0
          0
          0
         78
        214
          0
         59
         78
          0
          0
         24
          0
          0
          0
        255
          0
          0
          0
        227
          0
        134
          0
          0
          0
        255
         47
        151
          0
          0
         18
          0
          0
          0
          5
          0
         11
          0
          0
          0
        215
          0
          0
        201
        103
         97
          0
        149
          0
        136
        255
          0
          0
        196
          0
          0
          0
         34
         74
        173
        132
        255
          0
          0
          0
          0
          0
         86
          0
          0
          0
          0
        102
        161
          0
        247
        228
        231
         12
        109
          0
        181
        255
          0
          0
          0
        255
          0
         46
          0
         34
          0
        151
        255
         98
          0
          0
        255
        213
          0
         10
          0
         51
          0
         57
          0
         82
         78
          0
        127
          0
          0
         99
          0
          0
          0
         84
        153
        255
          0
         90
        255
          0
          0
          0
        255
         22
          7
          0
        255
        127
         61
         30
          0
          0
          0
        254
        255
          3
          0
          0
          0
        255
          0
          0
         34
        248
        188
          0
          0
          0
          0
          0
          0
        132
          0
          0
          0
        184
         16
          9
          0
         10
          0
        104
        135
          0
          0
        218
        226
        115
        232
          0
          0
        255
          0
          0
        148
        255
        147
          0
          0
          0
          0
          0
        198
          0
          0
         20
        255
          0
          0
          0
          0
        173
        128
         78
         45
          0
          0
          0
          0
         37
         85
          0
        184
         16
          0
          0
        107
          0
          0
         72
          0
        255
          0
          0
          0
         34
          0
         89
          0
          0
          0
          0
          0
          0
          0
          0
          0
        109
         96
        111
          0
         94
        124
        255
        167
        255
          0
          0
          0
          0
        220
          0
          0
          0
         88
          0
          0
          0
         41
          0
          0
         36
          0
          0
          0
         19
          0
         24
          0
         52
          0
        186
          0
          0
        248
          0
          0
        255
          0
          0
         48
          0
        231
          0
         10
          0
          0
          0
        255
        122
         13
        169
          0
          0
          0
          0
          0
          0
          0
          0
        113
         65
        151
        228
          0
        119
        255
         98
          0
          0
        133
          0
          0
        255
        164
        107
          0
         37
          0
          0
          0
          0
          0
          0
        208
        130
        233
         13
        237
          6
          0
          0
          0
          0
         31
          0
         58
        114
        122
          0
        205
          0
          0
          0
          0
        255
          0
          0
          0
          0
         29
          0
          0
          0
          0
          0
          0
         92
        212
          0
        255
          0
        209
          0
          0
         76
          0
        252
          0
         21
        128
         10
        120
          0
        255
          0
        104
          0
        140
          7
        255
        255
         99
         69
        255
          0
          0
          0
        255
        196
          0
          0
          0
         30
          0
          0
         20
          0
          0
          0
        255
         85
          0
          0
        236
        189
        238
          0
          0
        255
          0
          0
          0
          0
          0
          0
          0
          0
          0
          0
        255
          0
          0
          0
        255
          0
          0
         99
        138
         63
        255
          0
          0
         81
        204
        255
          0
          0
          0
        186
        193
        110
         79
          0
          0
         52
          0
          0
          0
          0
          0
          0
          0
          0
        255
         12
          0
         34
          0
          0
         68
          0
          0
          0
          0
         42
        154
          0
        103
          0
          0
          0
          0
          0
        210
        208
          0
          0
          0
         34
        255
          0
        163
        115
          0
         46
          0
          0
        255
          0
          0
          0
          0
          0
          0
        154
          0
          0
          0
          0
        194
          0
          0
        168
        160
          0
         49
         79
          0
          0
          0
        116
        226
          0
         46
          0
          0
          0
        255
        255
         66
          0
        174
        150
        195
         26
          0
        214
          0
          0
          0
          0
        168
        171
          0
          0
          0
          0
          0
         32
          0
          0
          0
          0
         92
          0
        178
          0
          0
        111
          0
          0
          0
          0
        181
          0
          0
          0
         63
          0
          0
        151
        117
          0
        156
         28
          0
          0
          6
          0
          0
          0
          0
        255
         49
         36
          0
          0
          0
          0
          0
         41
          0
          0
          0
         99
        255
          0
        186
          0
         53
        226
          0
          0
        195
          0
        154
          0
        150
          0
         34
          0
          0
          0
          0
          0
          0
          0
         29
         27
         64
        114
          0
         76
         35
          0
        255
          0
          0
          0
        218
        104
        142
          0
          0
        121
         86
          0
        190
          0
        209
         19
          0
          0
         66
          4
        255
        136
         45
          0
        193
          0
          0
          0
          0
          0
        255
          0
          0
          0
          0
        113
        112
          0
          0
        116
          0
          0
          0
          0
          0
        250
          0
          0
          0
          0
         39
          0
          0
          0
          0
          0
          0
          0
          0
          0
          0
        133
          0
        114
        255
          0
          0
          0
        195
          0
          0
          0
          0
          0
          0
          0
          0
          0
         72
         22
        133
        153
        129
         64
          0
          0
          0
          0
        150
          0
         65
          0
        232
          0
          0
        255
          0
          0
         81
          0
         48
         69
          0
          0
        204
          0
        255
        255
          0
          7
          0
         46
         13
        255
        162
          0
          0
          0
          0
         76
          0
        102
         16
          0
        255
          0
          0
        255
        255
        129
          0
        120
          0
          0
        235
          0
        255
        157
          0
          0
          0
          0
        255
          0
         63
        255
        150
          0
          0
          0
          0
          0
        227
          0
          0
          0
          0
          0
          0
        255
          0
          0
          0
        134
          0
          0
         55
          0
        255
         43
        198
          0
          0
          0
        255
          0
          0
        255
          0
         17
          0
          0
          0
          5
          0
          2
          0
        129
          0
          0
          0
        148
          0
        166
         70
          2
          0
          0
        108
          0
        104
        182
         45
         26
          0
        141
        255
          0
        228
          0
          0
          0
          0
         87
          0
         28
          0
          0
          0
        117
        255
         38
          0
         22
          0
         51
          0
        152
        190
         77
        148
        158
        216
        123
         65
          0
          0
        255
        255
          0
        126
         71
        180
          0
          0
          0
          0
         36
          0
          0
          0
        171
        255
          0
          0
        255
        255
         30
          0
        157
        189
          0
          0
        215
        255
        100
          0
          0
          0
         74
        255
          0
          0
        255
        231
          0
         10
          0
         83
          0
        160
         86
        186
          0
        255
         49
          0
        255
        255
        152
          0
         68
         86
          0
          0
          0
          0
         71
          0
          0
         13
        102
          1
          0
          0
         69
          0
          0
