          0
        152
         46
          0
          0
          0
          0
         79
          0
        150
        137
         97
          0
          0
         11
          0
        166
        175
          0
         17
          0
          0
          0
         34
          0
          0
          0
         99
          0
          0
         74
          0
        124
          0
          0
          0
          0
          0
          0
         40
          0
         41
          0
        209
          0
          0
         62
         15
         84
          0
          0
          0
          0
          0
        128
          0
          0
          0
          0
          0
          0
          0
          0
          0
        186
        191
         55
          0
          0
          0
          0
         11
          0
          0
          0
        149
        112
         32
          0
          0
          0
        146
          0
          0
          0
         83
         87
         35
         57
          0
          0
          0
         80
          0
          0
        235
        219
          0
          0
         58
          0
          0
          0
         36
          0
        132
          0
          0
          0
        111
         38
         75
         40
          0
          0
          0
         85
        108
        119
          0
         24
         53
          0
          0
          2
         29
          0
         83
          1
        184
          0
        209
        255
          0
          4
          0
        255
          0
          0
          0
        146
        255
          0
         38
         53
        172
        111
          0
        245
          0
          0
         88
         47
         75
          0
          0
          0
          0
          0
          0
          0
          0
          0
          0
        205
          0
         68
         17
          0
          6
          0
        132
        248
        178
          0
          0
          0
          0
          0
          0
         23
          0
          0
          0
          0
          0
         12
          0
          0
          0
          0
          0
         67
          0
          0
         39
          0
         14
         22
          0
        255
          0
        255
         38
        157
          0
          0
        104
          0
          0
        153
          0
          0
         97
          0
          0
          0
          0
          0
         18
          0
          0
          0
          0
        151
        203
         41
          0
          0
          0
          0
          0
          0
        141
        255
         51
         92
        233
          0
          0
         18
          0
          0
          0
         43
          0
         83
        117
          0
          6
         14
          0
          0
        122
          0
          0
          0
          0
          0
          0
          0
          0
         61
        103
        255
          0
        112
          0
         34
          0
         18
         27
          0
        140
        172
          0
          0
         35
          0
         56
          0
          0
         46
         83
         66
          0
        141
         57
        108
        173
          0
          0
        255
          0
          0
          0
          0
        113
         99
         55
        163
          0
          0
          0
         98
        152
          0
        135
          0
          0
          0
        159
         65
          0
          0
         65
          0
          0
         10
         70
          0
        195
          0
          0
        194
          0
         54
         30
          0
          0
        230
          0
        221
        191
          0
          0
        170
          0
          0
        167
          0
          0
         88
          0
          0
        235
        135
          0
          0
        114
          0
          0
        101
         49
          0
          0
          0
          0
          0
        149
          0
          0
        255
          0
        201
        255
          0
          0
          0
          0
          0
          0
          0
          0
          0
          0
         25
        115
         24
          0
        227
          0
          0
          0
          0
        207
          0
         75
          0
         78
          0
        170
        255
        138
          0
          0
          0
          0
          0
          0
         71
          0
          0
         27
        143
         30
          0
         72
          0
          0
          0
         74
         32
          0
          0
        125
          0
         65
         24
          0
        195
          0
          0
          0
          0
         25
         96
        139
        128
          0
        197
          0
          0
         12
          0
         93
        146
          0
         53
          0
          0
        232
          0
          0
          0
          0
         36
        155
        242
        103
          0
         23
        131
         84
          0
        115
        105
          0
        198
          0
         42
          0
          0
        232
          0
         38
        112
         46
        181
          0
        124
         98
          0
        208
         74
          0
          0
          0
          0
        221
          0
        146
          0
          0
          0
          0
          0
        110
          0
          0
        255
         42
         20
         55
          0
        255
        194
         53
        172
         83
          0
         10
          0
        183
          0
          0
         94
          0
          0
        132
          0
         26
