          0
          0
         91
          0
          0
        159
          0
        255
        104
          0
         40
          0
        155
          0
        103
          0
          0
         83
         29
         64
          0
        203
        207
          0
          0
        224
          7
        107
        115
          0
         86
          0
          0
          0
        137
          0
          0
        227
          0
        157
         89
         46
          4
          0
          0
          0
         91
          7
          0
         81
        117
          0
          0
         35
        218
          0
          0
         70
         37
          0
         95
        162
          0
        182
        157
         46
        183
         69
          0
          0
        255
          0
         65
         81
          4
         74
         85
          0
         86
         11
          0
          0
         48
          0
        159
        217
        176
        130
          0
          0
         52
         62
         51
         59
          0
          0
          0
          0
        154
         78
         19
          0
          0
          0
        193
         55
         45
          0
        144
        207
         88
         27
          0
          0
          0
          0
         98
        165
        106
          0
          0
        111
          0
         55
         57
        106
          0
          0
          0
          0
         89
          0
        114
          0
          9
        255
        124
          0
          0
          0
         33
          2
         28
          0
          7
          0
          0
          0
        110
          0
        243
        158
          0
        205
         35
          0
        122
          0
         59
          0
          0
          0
          0
         84
         56
        192
         32
        255
        162
         24
          0
          0
         18
          0
          0
          0
          0
          3
          0
          0
          0
        151
         58
        186
          0
         24
          0
         83
         96
        143
          0
          0
          0
          4
          0
          0
         91
         27
         81
          0
        207
          0
          0
          0
        114
        122
         16
          0
          0
          0
         62
         46
          0
        179
        100
          0
        134
        172
          0
         35
          0
          0
          0
         23
          0
         91
        143
        101
        117
         61
          0
          0
         56
          0
          0
          0
         85
          0
          0
         15
          0
         33
          0
         46
          0
        174
          0
          0
          0
        255
          5
          0
        112
          0
          0
          0
          0
          0
        173
          0
        109
        203
          0
          0
        104
         90
         32
          0
          0
        155
          0
          0
          5
          0
          0
          0
          0
        115
          0
        255
        131
        176
          0
          0
         75
          0
          0
        209
        132
          0
        153
         41
          0
        255
         39
        255
        119
          0
         18
         88
        178
          0
          0
          0
          0
          0
          0
          0
        172
        188
        230
          0
         54
        185
          0
        105
          0
          0
         69
          0
          0
          0
         44
        149
         94
        247
          0
        250
        210
         13
         25
          0
        168
        198
          0
        104
         25
          0
          0
          0
        190
         77
        255
          0
          1
        199
         51
        127
        146
          0
          7
          0
          0
          0
          0
         93
          0
        234
        240
        188
         81
         53
         28
          0
        129
          2
         91
         11
          0
          0
          0
          0
          0
        148
          0
         64
         35
        136
         13
          8
          0
        139
          0
          0
        111
          0
          0
        136
          0
        248
          0
          0
        171
         82
         16
          0
         49
        118
          0
         10
         99
          0
          0
          0
          0
        129
          0
        197
          0
        223
          0
         55
          0
         95
         72
          0
          0
          0
         79
        160
        105
          0
        255
        231
        119
         13
          0
          0
         28
          0
          0
         87
          0
          0
         69
         19
         96
        223
         73
          0
          0
         58
          0
        151
         64
          0
          0
          0
          0
          0
         90
          0
          0
        165
          0
        250
          0
         78
         23
          0
         79
          0
          0
        131
          0
          0
          0
          0
         88
        146
        203
          0
          0
         32
          0
          0
          0
          0
          0
          0
         15
         45
         59
         34
         82
        169
        111
        188
          0
         46
         15
          0
        120
          0
        120
         86
         99
          0
          0
          0
         36
         67
         62
          0
          0
        255
          0
         27
          0
          0
          6
          0
