        255
        255
        128
        255
          0
        255
        132
         29
          0
        180
          0
        255
        221
        255
        215
        120
        255
          0
        104
          0
        174
         44
          0
        129
          0
         34
          0
          0
          7
        110
          0
         66
          0
        255
          0
        255
          0
         13
        132
          0
          0
          0
        142
          0
        241
          0
          0
         27
        255
          0
        214
          0
         94
          0
        113
          0
        159
         82
          0
        121
         21
        243
          0
          0
          0
          0
          0
          0
          0
          0
          0
         46
        255
          0
          0
        134
          0
         44
        255
         16
        166
        137
        211
        128
        155
         25
          0
          0
         40
        255
          0
          0
          6
        223
          0
          0
          0
          0
         42
          0
          0
        205
          0
          0
          0
          0
         68
        255
         71
         17
          0
          0
          0
          0
        163
          0
        164
         48
          0
          0
          0
        241
          0
        255
          0
        165
         57
        149
          0
          0
        111
          0
         94
        214
          0
         14
         95
         10
          0
        164
          0
        255
          0
          0
          0
          0
         65
        186
        140
          7
          0
        166
          0
          0
          0
          0
          0
        143
          0
          0
          0
          0
          0
          0
        140
          0
          0
          0
         87
          0
         83
         47
        218
        255
          0
         97
          0
          0
        152
          0
         11
          0
        100
          0
        120
          0
          0
         36
        125
        192
         79
          0
          0
          0
        120
        255
          0
         41
        251
         13
         35
          0
          0
          0
          0
        197
          0
         62
         31
         13
          0
        173
         62
         21
          0
          0
          0
         15
        255
        255
        216
          0
          0
        163
        255
        255
         90
          0
         90
        113
          0
         63
          0
          0
        138
        255
          0
        251
          0
         83
         96
          0
          0
        205
         55
          0
         34
          7
          0
         31
        255
         92
        219
          0
        156
        171
          0
          0
         79
          0
        108
          0
         40
          0
          0
          6
         77
         32
          0
        255
        242
         47
         49
        148
        120
        189
         98
         27
          0
          0
          0
        183
          0
          0
          0
          0
          0
          0
          0
        255
        129
          0
        152
         24
        156
          0
         62
        101
          0
          0
         20
        168
          0
         72
          0
          0
         15
         94
        131
        120
          0
          0
         23
        255
          0
        255
        255
          0
         17
         24
          0
          0
          0
          0
          0
          0
         10
          0
         67
          0
          0
        162
          9
        255
        255
          0
          0
         65
         62
        145
        180
         85
          0
        212
          0
          0
        158
        255
        254
          0
         77
          0
          0
          0
          0
          0
        104
          0
        255
        179
        179
        191
         33
          0
          0
        255
          0
         85
          0
          0
        138
        116
        152
          0
          0
          0
        130
        255
          0
          0
         65
          0
          0
          0
          0
        255
        135
          0
          0
        145
        227
          5
          0
         98
          0
        166
          0
        129
          0
        105
          0
          0
          0
        120
        156
         45
          0
          0
        196
        255
        233
         47
         95
        169
          0
          0
          0
        222
         94
        255
          0
        246
          0
          0
        234
         31
         27
        255
          0
        255
          0
         73
         68
          0
          0
        134
         96
         66
          0
          0
         27
        255
          0
          0
        138
        108
        255
          0
          0
          0
          0
          0
        161
        102
          0
         33
          0
          0
         37
          0
          0
         92
          0
         55
         56
          0
          0
        219
        194
         93
         10
        173
          0
          0
          0
          0
          0
          0
          0
          0
          0
          0
        168
        116
          0
          0
         32
        141
          0
          0
          0
        201
          0
        255
          0
          0
          0
         77
          0
          0
          0
         98
          0
          0
        154
        255
        171
        138
        203
        234
        146
          0
          0
          0
          0
        255
          0
          0
          0
          0
          0
        153
          0
        185
          0
        255
        200
         92
          0
          0
         11
        134
          0
        157
          0
        243
          0
          0
          0
          0
          0
         58
          0
         86
          0
        151
          0
        255
        103
          0
        109
          4
          0
          6
          0
          0
          0
          0
          0
          0
          0
          5
         78
        135
          0
          0
          0
          6
        170
          0
        255
        255
          0
        210
         22
          0
          1
        246
        118
          1
        161
          0
         94
          0
        193
         36
          0
          0
         32
          0
         50
          0
          0
          0
        143
          0
        197
        117
          0
         33
          0
          0
        136
          0
          0
        146
        183
          0
          0
        255
         60
        170
          0
          0
         85
          0
          0
         72
          0
          0
          0
          0
        179
         61
          0
          0
        129
          0
        152
        161
          0
        139
        127
          0
        255
         10
          0
          4
          0
        148
          0
         90
          0
          0
          0
         82
         50
          0
        132
         17
          0
        255
        180
        255
         11
          0
        114
          0
         78
          0
        112
         51
        190
        201
          0
          0
        255
          0
          0
        131
          0
        160
        255
          0
         80
        174
         82
          0
          0
         36
        136
          0
          0
          0
          0
          0
         29
         14
        108
          0
         89
         90
          0
        131
          0
         64
          0
          0
        255
        255
        122
         94
         53
          0
        115
          0
          0
        255
          0
        202
          0
        115
          6
          0
          0
         75
          0
          0
        179
         53
          0
         62
          0
          6
          0
        137
          0
          0
          0
          0
        255
          0
          0
          0
          0
          0
          0
          0
         44
        255
          0
          0
        201
          0
         24
          0
          0
          0
          0
          0
          0
         60
          0
          0
          0
         16
          0
         21
         45
        106
         13
        255
        255
        255
          0
         59
        141
        130
        129
        255
          5
          0
         85
          0
         46
         56
          0
          3
          0
        255
          0
          0
          4
          0
          0
        192
          0
         57
        194
         74
          0
        201
         70
        189
          0
         61
          0
        123
          0
          0
        255
        203
          0
        255
         43
          0
          0
        126
         41
         25
          0
         23
          0
        255
         46
         53
          0
          0
        100
          0
        130
          0
          0
         76
          0
          0
          0
          0
          0
        132
        190
          0
        137
        240
         71
          0
        161
          0
          8
          1
        255
          8
        243
          0
          0
        255
         22
          0
         34
          0
         64
        129
        116
        159
        255
          0
          0
          0
        112
        255
          0
        231
         60
          0
        243
          0
          0
          0
        115
          0
        191
        169
          0
          0
          0
         98
          0
          0
        131
         10
          0
          0
         19
          0
        121
          0
        152
         85
        217
          0
          0
          0
          0
         75
        161
          0
        159
        255
          0
        171
         95
          4
          0
          0
          0
          0
          0
         69
          0
        255
        179
         43
          0
          0
          0
         13
        174
        163
          0
          0
          0
         76
        255
        196
          0
         11
        178
          0
        255
          0
          0
        233
          0
          0
         42
        159
         98
          0
          0
          0
         13
          0
         79
         60
          0
          0
          0
          0
        164
          0
        255
          0
          0
          0
          0
        255
          0
        136
          0
        165
        177
        138
        150
        198
         81
          0
        149
          0
          6
          0
          0
        155
          0
        255
        255
         41
         22
          0
          0
          0
        139
         26
          0
        181
         58
         91
          0
          0
          0
        238
          0
        158
        254
          0
        255
          0
          0
         84
         86
        115
          0
         26
          0
         80
         78
        255
          0
          0
          0
         43
         96
        142
          0
         67
        149
        175
        117
        218
         99
        255
          0
          0
          0
        104
          0
          0
          0
          0
          0
          0
          0
          0
         67
          0
         37
          0
        227
          0
        188
         71
          0
        171
          0
        158
        106
        119
          0
          0
        193
          0
        255
        255
          0
          0
          0
         69
        122
          0
          0
         97
          7
          0
         78
        134
          0
        113
        220
          0
          0
          0
         28
         72
         15
          0
          0
         19
          0
        171
        255
        191
        157
        135
        204
          0
          0
         80
          0
          0
          0
        255
        255
        255
          0
         89
          0
         11
        213
         19
          0
        152
          0
          0
        169
        123
         20
          0
          0
          0
          0
        120
         14
        172
          0
         81
          0
        255
          0
        144
        255
          0
          0
        229
        255
          0
        103
         44
          0
        160
          0
          0
        247
          0
          0
          0
        200
          0
         23
          0
          0
          0
        174
          0
          0
        218
         54
          0
          0
          0
          0
          0
        219
        177
          0
          0
          0
        255
          0
          0
        169
          0
        143
          0
         44
        250
          0
        255
        226
         69
          0
          0
          0
          0
         60
        167
         11
        106
          0
         43
        255
        255
          0
        202
        148
        170
          0
          0
          0
        236
        149
         55
        103
         65
          0
          0
          0
          0
          0
          0
         35
         28
          0
          0
          0
          0
        158
          0
          0
        255
          0
          0
        255
         81
         68
        103
          0
          0
        255
        255
          0
        255
         96
          0
          0
        138
          4
          0
         57
         98
          0
          0
        118
         11
          0
          0
          0
        151
         91
          0
        125
        148
          0
        204
          0
          0
         15
        195
        224
          0
          0
          0
        113
        174
         86
          0
          0
          0
        190
        107
          0
          0
         84
          0
          0
         84
          0
          0
          0
        188
          0
         81
          2
        253
          0
          0
          0
        183
          0
        140
          1
        127
        144
          0
         41
        192
         92
        204
        255
         27
          0
          0
          0
         86
         80
         56
         11
         91
         20
          0
         96
        128
        183
        154
          0
        198
         62
        206
          0
          0
          0
        132
        247
          0
         41
          0
          0
         19
        108
          0
        206
        184
          0
          0
          0
        255
          0
        140
          0
         72
        176
        172
         54
         43
        124
          0
          2
        118
          0
         80
          0
        255
          0
          2
          0
          0
        255
        166
          0
        151
          0
         26
          0
          0
        231
          0
         30
          0
          0
         84
         15
         47
         95
         33
         90
        182
         69
        183
          0
         73
          0
          0
        255
          0
          0
         84
        212
          0
          0
        255
          0
          0
          0
        220
        195
          0
          0
          0
        177
          0
        163
          0
          0
         60
         29
          0
        156
          0
         89
          0
          0
          0
        170
          0
          0
        233
        195
          0
        234
        113
        157
          0
          0
          0
         85
          0
          0
          0
          5
          0
          0
        163
          0
          0
        131
          0
         65
          0
         88
        134
         74
          0
          0
        195
          0
          0
          0
          0
          0
        237
        184
          0
        255
        124
          0
        226
          0
         20
          0
        156
          0
          0
          0
        176
         70
          0
          6
        106
         31
        172
         32
          0
         52
        160
          0
         44
          0
          0
        255
         56
        194
        123
        117
          0
        255
        255
        230
         70
        160
          0
          0
        140
        131
         88
          0
          0
          0
          0
        164
         19
         24
        163
          0
        136
          0
          0
          0
          0
        219
          0
          0
        121
          0
        161
          0
         98
          0
          0
          0
        255
        143
        209
        220
        147
          0
          0
          0
        114
          0
          0
          0
          0
          0
        176
          0
          0
         96
         74
          0
        255
         84
         88
        148
          0
          0
        124
          0
          0
          0
          0
         88
        255
          0
        169
         64
        166
          0
        169
         62
          0
          0
          9
        171
          0
          3
          0
         87
        219
          0
         69
          0
          0
        200
         14
        255
          0
        216
         51
          0
        106
        255
        255
        255
        255
         80
          0
          0
          0
          0
          0
          0
          0
          2
          0
         52
          0
          0
          0
         42
          0
        129
         89
          0
        167
          0
          0
        255
        255
          0
        231
          0
          0
          0
         86
          0
          0
        132
        217
          0
          0
          0
        190
          0
         77
          0
          0
        157
         60
          0
          0
         16
         62
         79
        163
         89
        130
          0
        255
          0
        227
        255
        238
          0
          0
          0
          0
        154
        255
          0
          0
          1
        156
          0
         35
        232
          0
          0
        255
        255
          0
          0
          0
        154
          0
        105
          0
          0
         67
         78
        145
          0
          0
          0
        233
          0
          0
          0
          0
        255
        255
        135
        110
          0
        169
        255
         83
          0
          0
          0
        255
        162
          0
          7
          0
          0
         10
         41
        172
          0
          0
          0
        205
        255
        240
        208
        212
          3
         94
        255
        255
         58
          3
        135
          0
        240
          0
          0
        107
          0
          0
        115
          0
          9
         19
          0
          0
        173
          0
        101
          0
          0
        127
         29
        227
        197
          0
          0
         93
          0
          0
          0
          0
          0
        255
         94
          0
         69
        128
          0
          0
          0
        255
          0
        143
         47
         49
          0
         12
          0
         38
        123
          0
          0
         52
         59
          0
          0
        255
        187
        147
          0
          0
          0
          0
         33
        227
        120
          0
          0
          0
        255
          0
          0
          0
          0
          0
         17
          0
          0
          0
          0
        182
        144
        151
        255
         75
        112
          0
          0
          0
        161
        150
         34
          0
          0
        255
          0
          0
        155
          0
          0
         56
        104
          0
        104
          0
          0
          0
          0
        102
          0
          0
        133
        114
        140
          0
          9
          0
         66
          0
        255
        255
          0
         51
          3
          0
        153
          0
          0
        238
         26
        255
        110
          0
          0
          0
        113
          0
          0
        255
          0
         74
          0
        167
          0
        115
        167
          0
          0
        109
        139
          0
        255
          0
          0
        138
        255
          0
          0
          0
          0
         51
        117
         86
          0
        127
        255
          5
          0
        255
          0
          0
          0
        126
          0
        112
          0
          0
          0
        128
        214
        131
        133
         74
        255
          0
          0
          2
        204
          0
        197
          0
          0
        117
        135
          0
          0
          0
         71
         45
          0
          0
          0
          0
        102
          0
          0
        139
          0
          0
        125
        124
          0
          0
          0
          0
        255
          0
          0
        111
        216
          0
        203
          0
          0
        234
        161
          0
        139
          0
         87
         16
        231
          0
          2
        227
         64
         58
          0
          0
         96
         67
         39
        125
          0
          0
         44
          0
        248
        255
        242
         94
        122
          0
        255
          0
          0
        193
        101
        247
         37
          0
          0
         97
          0
        255
          0
          8
         17
         86
          0
         50
          0
          4
          0
         94
         35
         14
          0
          0
        255
          0
        237
          0
        189
        172
         85
        255
        104
        143
        122
         22
          0
         59
          0
         71
        172
        123
          0
         71
        133
          0
          0
         24
          0
        122
          0
          0
          0
          0
         18
          8
          0
        255
          0
         77
          0
          0
          0
        249
          0
        255
          0
         60
         47
        186
         43
          0
          0
         59
          0
          0
          0
          0
          0
        139
         90
          0
        175
         25
          0
        212
          0
        109
         61
          0
          0
        243
          0
          0
          0
          0
        255
        255
        138
          0
          0
         79
          0
          0
          0
          0
          0
          0
        248
          0
          0
          0
          0
        227
          0
          0
          0
          0
         60
        255
          0
        255
        157
          0
          0
         91
         20
          0
          0
         15
         51
        111
        255
          0
          0
          0
          0
        232
          0
          0
        165
         52
          0
          0
          0
         62
        140
          0
         85
        208
          0
        220
        100
          0
          0
         75
        148
          0
          0
          0
        255
        255
         62
          0
          0
          0
         28
         94
          0
          0
         20
        149
         61
          0
          0
        126
          0
         71
         42
          0
          0
        154
         44
          0
        255
          0
          0
        155
         27
          0
        255
        133
          0
          0
          0
         25
          6
          0
         45
          0
         67
        172
          0
          0
        186
        100
          9
          0
          0
          0
        109
        123
        255
        248
         84
        199
        255
          0
         82
         38
          0
          0
        255
        125
        255
        253
         43
         16
         51
          0
         68
          0
        192
          0
         42
          0
        114
         78
          0
          0
         14
         24
         61
         37
          1
        210
          0
        179
         76
          0
        248
        175
          0
          0
         48
          0
          0
          0
         80
          0
          0
         67
         74
         62
         94
        207
          0
         40
        213
         91
          0
          0
          0
          0
        119
        102
          9
        140
         10
         35
        136
        255
          0
         59
          0
        140
        255
          0
        255
          0
         17
          0
         83
        189
          0
          0
          0
          0
          0
          0
          5
         87
          0
        104
          0
         72
        127
        183
          0
        144
         87
        255
          0
         40
         34
         43
          0
          0
          0
          0
          0
          0
        123
          0
          0
          0
        119
          0
          0
         61
          0
          0
        136
         83
          0
          0
        197
         50
          0
        178
          0
          9
         79
         95
          0
        191
          0
        243
          0
         12
          0
          0
        120
          0
         52
          5
        254
        159
        204
         16
          0
        193
          0
        253
          0
         13
          0
          0
          0
        161
          0
          0
          0
        159
        106
          0
        255
          0
          0
         67
          0
        125
          0
        255
          0
          0
        160
         56
         57
          0
          0
          0
          0
         20
        219
        255
          0
         96
          0
          0
        180
        155
        208
        102
          0
         37
          0
         83
        232
          0
          0
          0
          0
          0
          0
          0
          0
        255
        141
         64
          0
         86
        229
         54
          0
        184
          0
          0
          0
         45
          0
         78
        158
         75
          0
          0
          0
        214
          0
          0
        163
        255
        237
          0
         49
         11
         46
          0
        255
        174
          0
        120
          0
        149
         85
        108
          0
         31
          0
          0
        119
         33
          0
          0
          0
         89
        185
        102
          0
        151
        105
        145
        255
        255
          0
         56
         67
          0
        117
        255
         79
        181
          0
         91
         75
          0
          0
          0
        244
         40
          0
          0
          1
          0
          0
          0
          0
          0
        148
        132
        253
         48
        208
        122
          0
          0
          0
        172
        198
        113
          0
        255
         23
        187
        137
          0
          0
          0
        132
          0
          0
          0
          0
        255
        163
          0
          0
          0
         39
          3
        120
          0
        140
        252
          0
        139
          0
          0
        239
         61
          0
        145
        206
        255
          0
          0
        156
        231
          0
        172
          0
          0
          0
        106
          0
        255
        103
          0
         94
          0
          0
        167
        132
         36
          0
        255
        159
          0
          0
          0
          0
         41
        106
          0
          0
          0
          0
        255
        138
          0
         60
        126
         75
          0
          0
          0
          0
          0
        255
         30
          0
          0
          0
          0
          0
         14
          0
         51
         77
          0
          0
          0
          0
         95
          0
          0
          0
          0
          0
          0
        140
          0
        114
          0
        255
          0
         11
         48
          0
        255
        217
         23
          0
        149
          0
        127
        206
          0
        255
          0
         33
         22
          0
        251
        232
          0
         64
         90
         19
          0
          0
        225
         99
          0
          0
          0
        157
        147
          0
        231
         74
          0
          0
          0
         18
          0
         27
          0
        116
          0
          2
        122
         72
          0
        153
          0
        238
          0
         74
          0
         18
          0
          0
        137
          0
        195
        116
          0
          0
          0
          0
          0
        245
          0
          0
          0
          0
          0
          0
          7
        195
        131
        192
        255
        127
          0
          0
        255
        220
         98
          0
        151
        182
        100
          0
        255
         61
          0
          0
          0
        185
          0
          0
        255
        193
        145
         72
          0
          0
          0
          0
         22
        121
         91
          0
        199
          0
        109
        255
          0
          0
         38
        255
          0
          0
          0
          0
          0
         91
          0
         74
        189
          0
          0
        242
          0
          0
          0
        225
          0
         41
          0
          0
          0
        112
         43
        255
         82
          0
         82
        117
          0
        224
         97
          0
          0
        255
        255
         39
        221
         35
          0
         18
          0
         39
          0
        218
        149
          0
          0
        135
          0
        106
          0
          0
         25
        134
        151
          0
        184
        158
         64
        243
        224
        170
        160
          0
         98
          7
        255
        214
        199
         66
          0
         40
        151
        226
        107
          0
          0
         34
          0
         20
         65
         56
          0
         32
         56
         97
          0
          0
          0
          0
        181
          0
         54
         75
          3
        255
          0
        140
        168
        163
          0
          0
          0
          3
          0
          0
          0
          0
          0
          0
         16
        154
         77
        153
          0
          4
          0
         15
          0
         74
          0
          0
          0
        249
          0
         76
        166
        150
         10
          0
          0
          0
          0
          0
        195
          0
          0
        255
          0
          0
          0
        231
          0
          0
          9
        195
          0
          0
          0
        144
          0
        255
          0
          0
        228
        255
        255
        238
        163
         26
        130
          2
          0
          0
        255
         70
        121
         75
          0
          0
         21
          9
         15
          0
          0
         55
         54
        194
          0
          0
         31
        123
        151
        255
        164
        219
          0
          0
          0
          0
          0
          0
        121
          0
        232
        255
        255
         54
        117
         31
          0
          0
          0
         22
          0
        231
        255
          0
          0
         11
        127
          0
         60
          0
        113
        255
        195
          0
          0
        255
         44
          0
        111
          0
         39
         81
          0
         82
        255
        119
        179
          0
          0
          0
          0
          0
          0
        192
          0
          0
          0
          0
          0
          0
        135
         93
        146
          0
        136
          0
          0
          0
          0
         17
          0
          0
          0
          0
          0
        255
          0
        153
        182
          0
        129
          0
          0
          0
        255
          0
          0
          0
          0
        160
         17
          0
        192
        102
          0
        130
          0
         49
        255
          0
        255
          0
          0
        210
         78
        255
          0
          0
        255
         72
         86
        122
        127
        144
          0
          0
        171
         26
         61
        206
         34
          0
          0
         75
        172
        145
          0
          0
          0
          9
         28
        255
        255
          0
        213
         42
          0
          0
        238
          0
        255
         56
          0
         23
          0
          0
          0
          0
        255
          0
         95
        181
        120
          0
          0
        106
         77
        126
        150
          0
         71
        138
          0
        255
          0
          0
         91
          0
          0
          0
          0
        106
        133
          0
         26
        217
         72
          0
        101
          0
        128
          0
        255
          0
          0
         58
          0
        199
          0
        160
         20
         57
        133
        141
         70
         87
        255
          0
        135
          0
        104
        157
          0
        255
          0
         61
          0
         66
        189
        255
         84
          0
          0
          0
        255
        191
         36
        167
        173
          0
        106
          0
          0
          0
        255
          0
          0
          0
          0
          0
         19
          0
         57
        197
          0
          0
        255
        116
         19
         24
          0
          0
          0
         29
          0
          0
          0
         75
        102
        139
          0
          0
          0
        186
        150
          0
        201
         97
        163
        255
        255
        189
        175
        152
          0
         74
          0
          0
        171
         36
          0
          0
          0
        255
          0
          0
        121
          0
          0
        107
         36
        147
          0
          0
         57
         72
          0
          0
        248
          0
        126
        255
          0
        255
        238
          0
          0
        231
          0
        255
        238
         22
        128
        255
         28
          0
          0
          5
          0
          0
          0
          0
         38
        183
          0
        101
          0
        170
          0
          0
        175
          0
         34
        245
        237
          0
        179
          0
         29
        255
          0
          0
        255
        136
          0
          0
          0
          0
          0
          0
        176
          0
          0
         98
          0
          0
         50
        153
          8
          0
          0
          0
        150
        178
          0
         41
          0
          0
        158
          0
        116
        200
        204
          0
        153
        100
         53
          0
          0
         14
          0
          0
        136
          0
          0
          0
          0
          0
         99
        187
          0
          0
          0
          0
        255
        145
          0
        190
        211
          0
        219
          0
        162
        194
        255
        159
        255
         81
         20
         55
          0
        255
         32
          0
         93
          0
          0
         25
         18
          0
          0
         97
         32
          0
         93
          0
        255
          0
          0
        172
          0
          0
        214
         69
          1
        211
          0
          0
          0
         83
         54
          0
          0
          0
          0
          0
        188
          0
        255
         60
         75
          0
         11
         71
        147
        184
          0
          0
          0
        164
        130
          0
        130
          0
        236
         65
          0
        255
        255
          0
        255
        130
          0
        101
        150
          0
          0
          0
        167
          0
          0
          0
        113
        255
          0
          0
        124
          0
          0
          0
          0
          0
         14
        230
        165
          0
          0
          0
          0
        167
          0
         66
          0
         53
         36
          0
          0
          0
        141
         21
         57
          0
          0
        146
          0
          0
          0
        137
          0
        143
          0
          0
          0
        221
          0
          0
        196
          0
          0
        255
          0
         36
        255
          0
        255
         92
          0
        255
          0
          0
          0
        184
         82
          0
        255
          0
          0
          0
          0
         50
          0
         80
          0
          0
          0
         62
          0
          0
          0
        107
        198
          0
          0
        255
        141
        186
        115
        146
          0
          0
          0
          0
          0
        235
          0
         69
          0
         25
         70
          0
          0
          0
          0
        131
         32
          0
          0
          0
          0
          0
          0
          0
         90
          0
          0
          0
        255
          0
        191
          0
         87
         37
         20
          0
          0
          0
          0
          0
        255
          0
          0
         14
          0
          0
         22
        152
          0
        229
        255
          0
        131
          0
          0
          0
        149
          0
        112
          0
          0
        255
        255
        159
          4
         14
          0
          0
         46
          0
          0
         49
          0
         91
          0
          0
          0
         33
        203
          0
          0
        231
          0
         40
         75
          0
         32
          0
        216
          0
        128
          0
        255
          0
        255
         73
          0
          0
        192
        147
         97
        250
        255
          0
          0
          0
         28
          0
        184
          0
        130
        141
        173
          0
          0
        106
        255
          0
          0
          0
        200
          0
        131
          0
          0
          0
          0
          0
         64
        209
        105
          0
         29
          0
        255
          0
        145
        206
         49
          0
         12
          0
          0
          0
          0
        111
          0
         63
         61
        255
         40
          0
         53
         69
         71
        168
          0
        108
          0
        118
          0
         87
        171
        255
         96
          0
        255
        241
          0
        113
         98
          0
          0
         42
        235
          0
        113
        141
          0
          5
         43
          0
        188
          0
          0
          0
         40
          0
        255
        255
        255
          4
          0
          4
        193
         61
          0
        108
        255
          0
          0
          9
        132
          6
          0
        193
         25
          0
         89
          0
        255
          0
        123
        255
        118
          0
         24
        135
          0
        255
        176
        255
        255
        100
         11
        178
         99
        169
          0
          0
        255
          0
          0
        239
          0
          0
          4
          0
         43
         96
         17
          0
        255
          0
          0
        255
         80
         47
        132
          0
         18
        255
        255
          0
        255
         42
        214
          0
          0
          0
          0
          0
          0
          0
          0
          0
          0
          0
         59
         68
         66
         94
          0
          0
        207
        161
        103
          0
        255
          0
        208
          0
          1
        247
        255
          0
          0
         57
          0
         99
          0
         27
          0
         74
         43
          0
        255
          0
         16
          0
         31
          0
        155
        110
        176
          0
        116
        170
          0
        255
        255
          0
        152
          0
        128
          0
        227
          0
          0
         19
         31
         86
          0
          0
          0
          0
        161
        113
          0
         42
        115
         66
        168
          0
         54
        121
          0
         36
        146
          0
          0
        255
          0
        155
         80
         82
          0
          0
        255
        230
        255
          0
        153
         13
          0
        255
          0
          0
          0
          0
        215
        109
          0
        183
          0
        192
         85
        193
          0
        109
        140
         97
         37
          0
        255
        205
        192
         49
          0
          0
          0
        184
         66
         58
          0
         50
          0
          3
          0
          0
          0
          0
          0
         82
         68
          9
          0
          0
         74
         66
          0
          0
          0
        114
        128
          0
        255
          0
        114
        220
        103
        202
          0
         66
        255
          0
          0
          0
          0
          0
          0
        137
        124
        182
          0
          0
         93
         96
          0
        206
          0
          0
        104
        255
         49
        210
        107
          0
          0
          0
         13
        249
          0
          0
          0
        255
          0
          0
          0
         19
          0
          0
         72
          0
        180
        249
          0
        109
         28
          0
         31
          0
         64
         56
        114
          0
        131
          0
          0
          0
        255
          0
        106
          0
          0
         82
        255
        255
        255
        151
          0
          0
          0
          0
          0
          0
          0
         85
          0
        255
         64
          0
          0
          0
        137
         42
        107
        211
        188
          0
          0
          0
        238
         12
        119
          0
        158
          0
          0
          0
          0
        113
        255
        217
        145
          0
         88
        179
        255
          0
        181
         20
         90
          0
          0
          0
          0
          0
        176
          0
         51
          0
        210
        243
          0
          0
         41
          0
          0
        255
        212
          0
        129
         91
          0
          0
        179
        167
        120
         19
          0
          0
          0
          0
         93
          0
         77
          0
          0
          0
          0
          0
        120
         20
        176
        177
         59
          0
        128
         54
          0
        255
        237
        255
         19
          0
        115
         55
          0
          0
          0
          0
          0
        104
          0
          0
         93
          0
          0
          0
         89
          0
          0
          0
          0
        177
        150
        255
          0
        255
        192
        242
         45
        196
          0
          0
          0
        100
          0
          0
        141
        255
          0
          0
         20
        241
        255
          0
          0
          0
          0
          0
         59
        165
          0
         16
         89
          0
         45
        255
        255
        255
          0
          0
         82
        255
          0
          0
          0
          0
        187
         89
        177
          0
         33
        239
        255
          0
          0
        255
          0
        149
        121
        125
          0
          0
         21
         46
        110
          3
          0
          0
          0
          0
        221
        255
        148
         65
        155
        255
        255
        154
          0
          0
         45
          0
          0
         54
        144
          0
          0
        225
         94
          0
          0
          0
          0
          0
        142
          0
         57
        168
         14
          0
          0
        255
          0
          0
         46
         86
        200
          0
         81
         34
         37
        134
          9
          0
          0
        181
        160
          0
          0
          0
         26
          0
         43
          0
        208
          0
         87
          0
          0
        151
        255
          0
          0
        255
         46
         65
        106
        255
        161
          0
        255
         26
          0
        117
          0
        238
         91
          0
          0
        234
          0
         58
          0
        255
         35
          0
          0
        181
          0
        116
          0
         24
        152
        255
        255
        202
        241
          0
          0
        255
        255
        255
        255
         78
          0
        194
          0
         78
          0
          0
        255
          0
        255
         66
         42
          0
          0
          0
        112
        183
          0
          0
        231
        165
          0
          0
          0
         41
        124
          0
         16
          0
        172
          3
        246
        100
          0
          0
        184
          0
          0
          0
          0
        147
          0
         24
          0
          0
          0
         77
        173
          0
        132
          0
        144
          0
          0
        220
          0
          0
         44
          0
        135
        255
        191
          0
          0
        159
         15
        138
          0
          0
          0
        195
        193
          0
        255
         43
        133
         86
         91
         75
         56
        167
        122
         10
          0
         57
        159
        255
        255
          0
        128
          0
          0
        255
          0
          0
          0
         93
        210
          0
          0
          0
          0
          0
        255
          0
          0
         83
         95
          0
          0
         95
         23
          0
          0
          0
         41
        198
         81
          0
          0
          0
        167
          0
          0
          0
          0
        137
        234
         89
         20
        161
          0
        255
         49
          0
          0
          0
          0
        226
         90
          0
          0
        207
          0
          0
         64
        251
        137
          0
         73
        255
          0
          0
        125
        255
        125
          0
        255
          0
          0
          0
          0
          0
          0
        255
         71
          0
          0
        238
          0
          0
          0
          0
          0
        109
         98
        168
          0
          0
          0
        179
         70
        226
        255
          0
          0
          0
          0
         36
          0
        191
        255
        155
          0
         20
         78
        255
         24
        173
        255
         21
          0
        171
          0
         61
         47
        145
         82
        160
        164
          0
         97
          0
          0
        139
          0
          0
          0
          0
          0
          0
        255
         53
          0
         52
        111
        158
          0
        147
          0
        145
         64
          0
          0
         10
         55
        170
          0
         19
        169
        175
        109
        255
          0
          0
        241
          0
        255
        200
        115
        104
          0
        255
        200
          0
          0
          0
          0
          0
          0
        255
          0
        221
          0
         91
          0
        157
         55
          0
        139
         33
          0
        156
        163
         95
          0
         21
        159
        238
          0
          0
          0
        107
          3
         69
        232
        255
        255
         36
          0
          0
          0
          0
        107
        220
          0
          0
          0
         69
         38
          2
          0
          0
          0
        167
          0
        255
         71
        134
         33
         50
          0
        174
        104
          2
          0
        102
          0
          0
        252
         97
        137
        216
          0
          0
         77
         14
         13
          0
          0
          0
         26
          0
          0
          0
         84
         71
          0
         99
        116
        114
        216
          0
          0
        159
          0
          0
         99
        241
        251
          0
        129
          0
         75
          0
          0
        255
         58
          0
        255
        208
        215
          0
         40
        112
          0
          0
          0
         72
          0
          0
        135
          0
        185
          0
        255
        223
         45
        216
        136
          0
          0
          0
          0
          0
          0
        203
         75
          0
          0
        209
        255
          0
        255
        160
          0
         44
        134
          0
          0
          0
         48
          0
          0
          0
        207
        163
          0
         11
        145
          0
        113
          0
         16
        229
          0
        157
         57
        182
         36
        255
        150
        131
          0
        236
        255
          0
          0
          0
          0
         90
          0
          0
        166
          0
          0
        124
          0
        255
        255
          0
         86
          0
         57
          0
        255
          0
        255
         78
          0
          0
        162
        157
          0
        245
        255
          0
        255
          0
          0
        116
          0
         84
         89
        168
         98
          0
        191
          0
          0
        255
          0
          0
        180
          0
          0
        164
        255
         96
        227
         50
          0
          0
          0
         50
          0
          0
          0
          0
        255
        194
         85
          0
        147
         72
          0
        166
        178
          0
         30
          0
         85
        255
        242
        178
        168
          0
          0
        255
        255
        255
          0
         53
          0
        165
          0
        164
         57
          0
         89
          0
          0
         18
          0
          0
         81
          0
        183
        141
         68
          0
        130
          3
          0
        237
        244
        238
          0
          0
          0
        112
        224
          0
        255
         24
         72
        107
          0
          0
         66
        142
          0
          0
          0
         88
          0
          0
          0
          0
        120
          0
          0
          0
        224
         29
          0
        120
          0
        185
        228
          0
          0
        255
          0
        255
          0
         60
        243
          0
        186
         14
          0
         33
          0
        149
          0
        157
          0
          0
        138
          0
          0
        112
         78
          0
         23
        132
          0
         65
          0
          0
        142
          0
        164
          0
        255
         80
          0
         98
         73
        246
          0
         97
          0
        167
        255
          0
          0
          0
          0
          0
          0
          0
          0
         95
         64
          0
         55
         59
          0
        130
          0
        253
         86
          0
          0
          0
          0
          0
          0
          0
        189
          0
          0
        255
          0
          0
         16
        229
          0
         75
          0
         28
         38
          0
          0
        136
          0
          0
          0
        115
         20
        255
        255
          0
        170
          0
        118
        158
         33
        115
        255
         43
        171
        108
          0
          0
          0
          0
          0
          0
          0
          0
         82
        174
          0
        212
          0
        128
          0
        108
        251
          0
        255
        216
          0
          0
        150
          0
        152
        124
          0
         31
         86
        127
        255
          0
         91
          0
         18
          0
          0
        235
          0
          0
          0
          0
          0
          0
          0
        162
          0
         52
          0
          0
        255
          0
        255
         16
        223
          0
          0
          0
        255
          0
        128
          4
          0
          0
          0
          0
        129
         10
        209
          0
        255
          0
         48
          0
          0
          0
        151
        192
        109
          0
        168
         13
         68
          0
          0
        112
        159
          0
          0
          0
        253
          0
        223
          0
         59
         93
          0
          0
         29
          0
        255
          0
        255
        213
         49
          0
         10
          0
        112
         96
        157
          0
        194
          0
          0
        255
          0
          0
        116
         53
         73
        255
        222
          0
          0
          0
          0
        206
          0
        255
          0
        220
          0
          0
          0
          0
          0
          0
          1
          0
          2
        124
        158
          0
        178
          0
          0
        242
         52
          0
         50
          0
          0
          0
        253
          0
          0
        152
        192
          0
        132
          0
          0
          0
          0
          0
          0
          0
         56
          0
        118
        135
         33
        145
          0
         66
        233
         62
         50
          0
        255
        255
         20
        255
        117
        255
        240
         16
        255
          0
          0
         58
          0
         94
          0
          0
        130
        227
          0
         83
          0
        255
          0
         42
         29
         97
          0
          0
         12
         27
        106
          0
          0
         25
          0
          0
          0
          0
          0
          0
        164
          0
          0
          0
         26
          0
          0
        216
         82
          0
          0
        113
          0
          0
         18
         78
          0
          0
         81
          0
        135
          0
        255
          0
        255
          0
          0
         55
        122
         44
        195
          0
          0
        132
          0
          0
          0
        255
          0
          0
          0
        205
          0
        239
         50
        118
          0
          0
          0
          0
          0
        255
          0
          0
          0
          0
          0
        145
          0
          0
         76
          0
        255
          0
        253
         70
          0
        214
        154
        234
        191
          0
        176
          0
        255
        108
         68
          0
          0
          0
          6
        172
          0
          0
        162
          0
          0
        255
        255
          0
         17
          0
          0
          0
        230
          0
        199
          0
         21
          0
          0
         91
         53
          0
          0
          0
          0
        142
          0
          0
          0
          0
        171
          0
          0
          0
        113
         86
        220
        255
          0
          0
        138
          0
          0
          0
        255
          0
        255
         11
          0
          0
         10
          0
         81
        198
        181
         98
          0
          0
          0
          0
         46
          0
        199
          0
          0
          0
         91
         46
        216
        231
        255
          0
         93
          0
          0
          0
          0
        167
          0
        103
         44
          3
          0
          0
          0
          4
          0
          0
          0
         45
          0
         13
         82
         20
        221
          0
          0
        101
        217
         10
          0
          0
        143
          0
         71
         31
          0
        219
          0
          0
          0
        109
        227
        124
         82
        138
          1
          0
        178
          0
        255
         87
          0
         13
         51
          0
          0
          0
          0
          0
        180
          0
         90
        255
          0
          0
        128
          0
        113
        186
        233
        255
          0
        101
        229
          0
          0
          0
        153
        145
         71
          0
          0
          0
          0
          0
        122
         77
          0
          0
          4
          0
          0
          0
        160
         40
         19
          0
        227
          0
          2
        255
          0
          0
          0
        160
          0
          0
          0
        114
          0
          0
          0
          0
          0
         79
        101
          0
          0
          0
        231
        199
         78
          0
         43
        214
          0
        225
          0
          0
          0
         53
          0
          0
          0
        255
        255
        136
        233
        113
         43
          0
        184
          0
        244
          1
          0
         35
        116
          0
          0
          0
          1
        186
          0
         79
          0
          0
          0
        132
        255
          0
        158
          0
          0
          0
          0
          0
        255
          0
        255
          0
          0
        255
          0
          0
          0
          0
          0
        236
         66
          0
         38
        130
          0
        193
          0
          0
        176
          0
          0
          0
          0
          0
         48
        241
          0
          0
        255
         96
        255
          0
          0
         70
        133
          0
          8
        143
          0
         25
          0
        110
         79
          0
          0
         15
         87
          0
          0
          0
         66
        144
         12
          0
          0
          0
         50
          0
        169
         82
          0
          0
         95
         79
         19
          0
          0
         96
         80
         25
          0
          0
          0
          0
          0
        117
        114
          6
        108
        157
        116
         36
        142
        130
        200
        159
         20
          0
         95
          0
         31
         72
        255
         68
        255
         27
         90
          0
          0
        216
          0
          0
        148
          0
          0
         94
         72
         13
          0
         12
        156
        108
          0
          0
          0
          0
        255
        255
        255
        248
         30
          0
          0
          0
        188
        248
          0
        120
         49
          0
          0
          0
          7
         91
        190
          0
        255
          0
          0
          0
         15
          0
         70
        186
         35
          0
          0
        218
          0
        255
          0
          0
         98
          0
          0
        102
        255
          0
        255
         79
          0
        255
          0
         55
          0
          0
        255
          0
          0
        181
          0
         69
          0
          0
          9
        160
          0
          0
         65
          0
          0
        255
        255
        235
        145
          0
          0
        255
          0
        255
        255
         24
          0
        136
         94
          0
          0
        210
        255
         33
         56
        230
          0
         73
         41
          0
        163
          0
         13
          0
         52
        190
        147
          0
         17
          0
        146
          0
        139
          0
          0
          0
        255
          0
        255
        102
          0
        195
         51
          0
          0
        240
          0
          0
          0
          0
          0
          0
          0
          0
        102
        255
          0
          0
          0
        255
          0
        142
          0
          0
         86
          9
        164
         79
          0
          0
          0
          0
          0
        255
          0
          0
          0
          6
         30
         61
          0
          0
        175
         63
         88
        196
          0
          0
         62
          0
         31
        255
          0
          0
          0
          0
         70
          0
        121
          0
          0
        109
          0
        255
        142
          0
          0
          0
         25
         14
        233
         21
        115
         80
          0
          0
         41
          0
         60
          0
          0
        195
          0
          0
        255
          0
        175
          0
          0
        200
          0
        141
        131
        120
        237
          0
          0
          0
          0
        206
        255
          0
        113
          0
         35
         33
        132
          4
         25
        187
          0
          0
        121
         14
         71
          0
        127
          0
        109
          0
          0
          0
        255
          0
        228
        131
        138
         69
          0
        158
          0
          0
          0
        192
          0
         72
          0
          0
          0
          0
         95
        171
          0
        142
        243
        137
         34
          0
        255
        159
         51
          0
        152
        255
          0
          0
        255
          0
          0
          0
        148
        129
         16
        242
         14
          0
          0
          0
         17
          1
          0
          0
        216
        142
          0
          0
        113
        134
          0
          0
          0
        147
         55
          0
          0
          0
          0
          0
          0
         84
          0
        185
        168
         43
         88
         16
        255
          0
        255
          0
         53
          0
          0
          0
        150
        156
        170
          0
          0
          0
          0
        255
        171
          0
          0
          0
          0
        177
          0
          0
          0
        138
         80
        113
        157
          0
          0
          0
          0
          0
          0
        156
        124
          0
          0
          0
          0
        165
         26
          0
         83
          0
          0
        255
        217
          0
          0
         97
          0
        255
        154
          0
          0
        124
          0
          0
         41
          0
          0
          0
         52
        211
          0
          0
         63
          0
          0
          0
          0
          0
         14
         37
         66
          0
          0
        255
        246
          0
          0
          0
          0
          0
        243
         89
          0
         92
          0
         92
          0
        255
        152
          0
        207
          0
         58
          6
          0
        116
         44
          0
         60
        150
         38
         21
        192
         57
        202
        255
          3
          0
          3
          0
        160
          0
          0
          0
        203
         85
        248
          0
        106
          0
          0
          0
          0
          0
          0
          0
          0
        155
          0
          0
        198
        122
          0
          0
          0
          0
         42
        197
        255
        185
        154
        158
        132
        255
          0
         45
        255
        151
         16
        202
          0
          0
          0
        212
         63
          0
          0
          0
         33
          0
          0
          0
        141
        181
        109
         89
        197
         48
          0
        255
        255
         88
        228
          0
         97
        202
        255
         14
         53
        118
          0
          0
          0
          0
          0
          0
          0
          0
          0
        232
          0
          0
          0
         89
        237
        107
        147
          0
        110
         51
          0
        255
          0
          0
        134
          0
          0
          0
          0
          0
        228
          0
         87
        136
         53
         19
        106
          0
        146
          0
          0
          0
          0
          0
          0
         27
        163
        103
          0
          0
        102
        164
          0
          0
        193
          0
          8
          0
        109
         72
          0
          0
          0
         74
        211
          0
          0
        202
          3
          0
          0
          0
          0
          0
          0
          0
          0
         95
         51
         87
         45
          0
         89
          0
          0
          0
          0
          0
          0
        125
          0
        255
          0
          0
          0
          0
          0
        153
        102
        255
          0
          0
        255
          0
          0
        162
          0
          0
        118
          8
        186
          0
          0
        255
        133
          0
          0
         43
          0
        197
         82
        255
          0
        164
          0
         16
          0
        140
          0
        113
        169
        196
          0
          0
        167
          0
        138
        144
          0
        179
          0
          0
          0
          0
         67
          0
          0
        135
        105
          0
        255
          0
         94
          0
         88
          0
         51
         68
        255
         74
          0
          0
          0
          0
          0
         79
          0
          0
          0
         46
         11
         15
          0
          0
        196
        207
        165
          0
          0
        224
         77
          0
        206
          0
        152
          0
          3
          0
        255
          0
        225
        142
          5
          0
         66
          0
         12
          0
          0
        132
          0
         44
         71
          0
         20
          0
         73
         52
          0
          0
        133
          0
          0
          0
         64
          0
          0
          0
          0
          0
         83
          0
          0
         57
        115
          0
          0
        127
          0
        106
        255
        232
          0
         41
         16
          0
          0
         89
          6
         62
        133
        255
         60
          0
          0
          0
          0
          0
          0
          0
          0
         18
        255
          0
        240
         56
         69
        254
         96
         25
         31
          0
          0
          0
          0
          0
         41
         92
          0
          0
          0
         71
         82
        247
        195
        101
        112
          0
          0
         25
         21
          0
          0
        255
          0
        188
        181
         66
          0
          0
          0
        255
        145
          0
          0
        199
        244
          0
          0
          0
          0
        154
         12
        181
          0
          0
        165
          0
          0
          0
         31
          0
        134
          0
        169
          0
        231
        248
        255
          0
          0
          0
          0
          0
         54
          0
        255
        162
          0
         55
         19
          0
          0
          2
        102
        189
        175
        216
         80
          0
         36
        255
         64
          0
          0
          0
          0
          0
        255
          0
          0
          0
          0
         62
        128
        230
         27
        194
         66
        211
          0
         98
        120
          0
          0
          0
        126
        165
        103
        135
         91
         21
        253
          0
        255
        212
         61
        255
          0
          0
          0
          0
          0
          0
          0
         29
          0
          0
          0
          0
          0
          0
          0
          7
         32
          0
          0
         82
        106
          0
        137
          9
        250
          0
         31
          0
          0
         23
          0
          0
          0
          0
          0
          0
        154
          0
          0
          0
          0
        255
          0
          0
          0
          0
        255
        108
         50
          0
         14
        115
         26
         76
        162
          0
          0
        151
         86
        238
          0
          0
        155
          1
          0
          0
         57
          0
          0
        160
         31
        230
        188
          0
          0
          0
        255
        230
        255
          0
         15
        255
          0
        156
         76
        112
          0
        255
          0
        186
         56
        126
          0
          9
         58
          0
         90
         13
         55
          0
          0
        126
          0
          0
          0
         88
          0
          0
          0
          0
          0
          0
          5
         64
          0
         13
        204
        124
        145
          0
          0
          0
         40
        255
        255
        222
        158
          0
         30
        216
          0
        255
        255
         88
          0
          0
          0
         39
         32
        185
        107
          0
          0
          0
          0
        153
          0
          0
        110
         84
        131
          0
        183
          0
        125
          0
         95
        198
          0
         47
         10
        255
        255
        174
         95
          0
          0
         17
        143
          0
          0
          0
         57
          0
          0
         47
         52
          0
          0
        120
        102
        107
          0
         30
        212
         39
         83
        255
          0
          0
         36
        255
        154
         89
          0
          0
        214
          0
          0
          0
          0
        255
         62
          0
         96
          0
          0
         32
          0
          0
          0
         62
         78
         77
          0
         81
        166
        117
          0
        255
        255
          0
         85
          0
          0
         69
          0
          0
          0
          0
          0
        187
         80
        237
          0
          0
        255
         50
        255
          0
          0
        215
          0
        138
        167
        168
          0
          0
        151
        139
         19
          0
          0
          0
        112
          0
         98
          0
        255
          0
          0
          0
        137
         82
        152
        255
          0
          0
          0
          0
          0
        206
         84
        122
          0
        127
          0
        167
         73
          0
        181
          0
          0
          0
         22
         10
         83
          0
         93
        173
          0
          0
         46
         77
         52
          0
         28
          0
          0
          0
         23
        237
         21
         68
          0
          0
          0
        146
        199
         46
        159
          0
        140
          0
         47
          0
          0
        255
          0
          0
        176
        200
        255
          0
        255
         86
        159
          0
          0
        255
          0
          0
          0
          0
        255
          0
        132
          0
          0
          0
        186
         19
        145
        168
         79
          0
        244
          0
        255
          0
          0
        235
          0
          0
        255
          0
          0
          0
          0
          0
          0
          0
          0
          0
        255
          0
          0
          6
        122
         81
         13
          0
         33
         84
         27
        145
         34
          0
          0
          0
          0
          0
        216
         76
          0
          0
          0
        186
          0
          0
          0
          0
        169
          0
        177
        243
        127
        201
          0
          0
         31
          0
          0
          0
          0
         57
        104
          0
        248
        127
        255
        255
        255
          0
        195
         83
          0
        127
        227
          0
        255
        127
         18
          9
          0
        255
        187
          0
          0
         78
        255
         36
         62
          0
         36
          0
        208
        174
        161
        255
        255
         77
        198
        141
          0
          0
        207
          0
        135
          0
        100
          0
        196
          0
         12
        184
          0
        255
        124
          0
        134
          0
          0
        150
        116
          0
         16
          9
          0
          2
          0
          0
          0
        134
          0
         48
        226
          0
        215
          0
          0
        156
        255
          0
        255
        109
          0
          0
        107
          0
          0
        161
        244
          0
          0
          7
        122
        173
        107
          0
          0
        192
          0
        105
        212
          0
         71
        242
          0
          0
        213
          0
          0
          0
          0
          0
          0
          0
        138
         36
         70
        255
        177
        191
        108
        168
          1
        173
         95
          0
         66
          0
        122
          0
          6
          0
        185
         12
        239
          0
          0
          0
         71
          0
        161
          0
        255
          0
        255
         89
        239
        174
          0
          0
          0
          0
          0
          0
          0
         95
          0
          0
          0
          0
         83
        115
        127
          0
        105
        134
          0
        255
        194
          0
         40
        126
          0
        255
          0
        255
        255
          0
          0
          0
        120
          0
          0
        234
        105
          0
          0
        132
         65
         21
          0
          0
        144
        173
          0
         43
        198
          1
         81
        128
        255
        122
         85
          0
          0
        220
          0
          0
        184
        114
          0
         27
         45
        150
          0
          0
         34
          0
          0
          0
         32
          0
         50
        194
        136
          1
        144
          0
        254
          0
          0
        180
          0
        195
        155
          0
         92
          0
        180
          0
        255
          0
        119
          0
          0
         81
        114
          0
         45
          0
        255
        104
          0
          0
          0
         97
         53
        131
          0
        100
          0
          0
        141
          0
          0
          0
        161
          0
          0
        193
        142
          0
          0
        109
        223
          0
          0
          0
         45
          0
        116
        223
          0
        255
        111
        148
          0
        117
          0
        138
          0
          0
        140
         51
        191
          0
          0
          0
          0
          0
         89
          0
          0
         44
        251
        125
         69
        130
          0
        170
          0
        247
          0
          0
          0
          0
         56
        244
          0
         56
         19
          0
          0
          0
        166
          0
         38
          0
          0
          0
        145
          0
          0
          0
          0
        111
        255
          0
          0
         10
        184
        255
          0
        114
          0
          0
        255
        113
         88
          0
        172
        113
        231
          0
         63
          0
         55
          0
          0
         97
        207
          0
        193
          0
        131
          0
          0
         40
          0
          0
          0
        127
          0
          0
          0
        105
         18
        235
          0
        216
          0
          0
          0
          0
        232
        151
         12
          0
          0
          0
         87
          0
          0
        118
         38
          0
         30
          0
        255
        167
        197
          0
        218
         26
          2
          0
        168
          0
        255
          0
          0
          0
          0
          0
          0
          0
        102
         14
        147
        128
          0
        181
        255
          0
        255
          0
        209
          0
          0
        117
        255
          0
        255
        103
          0
          0
          0
        255
          0
          0
          0
         46
          0
          0
        136
          0
          0
        171
        119
         38
          0
         47
         60
        156
          0
          0
          0
          0
          0
          0
          0
          0
          0
          0
        147
        122
          0
          4
          0
        255
          0
        160
          0
          0
          0
         64
         81
          0
          0
        215
        149
         95
         69
        255
          0
        145
        155
        255
          0
          0
        189
          0
          0
        246
        252
          0
        255
         45
         24
        117
         62
          0
          0
          0
         64
        235
         37
          0
          0
          0
          0
          0
         94
          0
        137
        255
        243
          0
        226
          0
          0
        255
        125
          0
          0
          0
         79
          0
          0
         67
         32
         90
        177
          0
          0
          0
        144
          0
          0
        151
         26
          0
        116
        127
         54
        160
          0
          0
         88
         62
        255
          0
         12
        196
         80
          0
        156
        233
          0
          0
        242
        100
          0
        255
          0
          0
          0
          0
         76
          0
        220
         85
          5
         62
        179
        103
          0
        174
        110
        176
          8
         27
        255
          0
          0
         31
         83
          0
          0
          0
         37
        255
         34
         24
        156
        255
        173
        255
        105
          0
        140
          0
          0
          0
         74
          0
          0
         97
          5
         95
         98
        254
        164
          0
        107
        255
          3
          0
        163
          0
          0
        255
          0
         59
          0
         51
          0
          0
        194
          0
         73
          0
          0
        193
          0
        187
          0
          0
          0
         52
          0
          0
          0
         15
        218
          0
        181
          0
          0
          0
        156
          0
          0
          0
        157
          0
        255
        150
          0
         59
          0
        255
          0
          0
        185
        216
          0
          0
          0
        163
          0
          0
         40
        174
        143
          0
        107
        148
        255
          0
        255
        255
         82
          0
        156
          0
        255
          7
        255
          0
         63
          8
        128
          0
          0
          0
          0
          0
          0
          0
          0
         86
          0
          0
        209
        158
          0
          0
        255
          0
        161
        255
          0
        177
          0
          0
          0
          0
        222
         21
        255
        132
          0
        188
        171
          0
          0
         31
          0
          0
          0
         20
         29
          0
         11
          0
        173
         84
        155
          0
          0
         43
          0
        229
        255
        146
         78
          0
         57
          0
          0
          0
        255
        109
          0
          0
          0
        255
          0
          0
        158
        233
        255
          0
        118
          0
         24
          0
        178
        114
        182
          0
        112
          0
         39
        255
          0
          0
        209
          0
          0
        255
          0
          0
        143
          0
         77
          0
        127
         94
          6
          0
          2
         19
          0
          0
          0
          0
          0
          0
          0
        120
          0
          0
          0
         74
        255
          0
        110
          0
        224
          6
          0
          0
        205
          0
        253
         90
          0
         26
        165
          0
         46
          0
         14
          0
        255
        174
         61
        233
          0
          0
          0
         93
          0
          0
         72
          0
         65
          0
          0
          0
         98
          0
         48
          9
        255
          0
          0
          0
          0
          0
        115
          0
          0
          0
         72
        150
         64
        249
          0
          0
          0
          0
        106
        196
          0
          0
        107
        211
          0
          0
        255
          0
          9
          0
         18
          0
         56
        255
          0
          0
          0
          0
          0
          0
          1
          5
          0
          0
        151
          0
          0
          0
         52
         30
          0
          0
         23
          0
          0
         30
          0
          0
          0
         12
          0
        236
          6
          2
         59
          3
          0
          0
          5
         86
          0
        203
         96
          0
        255
        137
        255
         82
          9
          0
         33
         29
        119
        171
        120
          0
        163
          0
          0
        255
          0
          0
          0
          0
          0
         18
          0
          0
        255
          0
          0
          0
          2
          0
         54
          0
        113
         48
        182
        203
          0
          0
        163
          0
         17
          0
          0
          0
        138
          0
        255
        167
          0
          0
          0
          0
          0
        112
          0
        120
        133
          0
         54
          0
          0
         79
         24
          0
          0
          0
          0
         44
        104
          0
        112
          2
         58
          0
         96
          0
          0
          0
          0
        255
        110
        205
          0
          0
          0
        144
         58
          0
        190
          9
          0
          0
          0
          0
        136
          0
          0
          0
        197
         46
        136
          0
         48
          0
         17
          0
        127
          0
          0
         19
          0
        255
          0
          0
          0
          0
          0
        179
          0
         97
          0
          0
         27
         20
         10
        255
          0
          0
         64
        136
          0
        233
        135
          0
        192
         72
         40
        205
        101
          0
          0
        177
          0
        255
          0
        253
          0
         21
          0
          0
         51
        255
          0
          0
         11
         89
          0
          0
          0
          0
        255
         26
          0
        108
        109
        255
        189
         92
         70
          0
          0
          0
          0
          0
          0
          0
          0
          0
          0
          0
          0
          0
         52
         89
        255
          0
          0
          0
          0
         51
          0
          0
          0
         63
          0
          0
          0
          0
          0
        177
        138
          0
         69
          0
          0
        119
          0
        255
          0
          0
          0
          0
          0
          0
          0
        103
         72
          0
          0
          0
          0
          0
        138
          0
        198
          4
        228
        255
          0
          0
        170
        111
         79
          0
        122
        126
          0
          0
          0
        167
        255
          0
          0
          0
          0
        255
          0
          0
         77
          6
        103
          0
         38
         28
         87
          0
          0
        104
        166
        114
        115
          0
        118
          0
        111
        177
         84
          0
        255
          0
          0
        237
          0
          0
          0
          0
          0
         39
          0
          0
        255
          0
          0
          0
        174
          0
        124
          0
        229
         39
         23
        201
          0
        255
        176
        173
        154
          0
         64
          0
          0
         94
          0
        108
          0
        255
          0
          0
          0
         87
          0
          0
          0
         16
        119
          1
        188
         25
         43
          0
          0
        100
        255
        190
          0
          0
         94
         30
        175
        187
         45
          0
          0
          0
          0
        255
          0
          0
          0
         80
         42
         68
          0
          0
        255
          0
         89
        151
          0
          0
          0
          0
        247
         96
          0
        105
        115
          0
          0
        161
          0
          0
         94
          0
          0
          7
          0
          0
          0
          0
          0
          0
          0
          0
          0
         32
        255
          0
          0
         10
          0
        165
          0
          0
          0
         48
        255
          0
        119
          0
          0
         67
        121
          0
        178
          0
          0
        205
          0
          0
          0
          0
          0
          0
          0
          0
          0
          0
        140
          0
         34
          0
          0
          0
         42
          0
        255
         61
          0
        149
          0
          0
        136
          0
        150
          0
          0
          0
        251
         90
          0
        255
        255
          0
          0
          0
         56
          0
         12
        101
        232
          0
        189
         62
         92
          0
        133
          0
        198
        221
         93
          0
        113
          0
          0
          0
        157
          0
          4
        255
        255
        178
          0
          0
          0
          0
          0
         17
        145
