        186
          0
         42
          0
          0
          0
          0
          0
          0
          0
         65
          0
         96
          0
        148
        157
        248
          0
          0
         75
          0
         16
        121
          0
        189
        158
        191
          0
         85
        255
          0
        173
         62
        255
        208
        102
          0
        213
        155
          0
        185
        176
         57
          0
          0
          0
        178
        101
          0
          0
        163
          0
          0
        255
          0
          0
         50
          0
         30
          0
         55
        218
        184
          0
         92
        255
         88
          0
          0
        136
        167
          0
         77
        200
         62
          0
         63
          0
          0
        131
        142
         16
          0
         90
        255
         13
          0
        149
          0
        162
          0
          0
        123
        134
          0
          5
        148
          0
          0
         59
        119
        125
          0
          0
         77
        102
         49
          0
        251
          0
          0
         95
        255
          0
        133
          0
          0
         56
          0
        108
          0
         32
        189
        211
        200
        255
        255
        169
        150
          0
          0
        107
        142
        163
          0
          0
          0
          0
          1
          0
        234
          0
        255
         54
          0
          0
        217
         23
          0
          0
        107
          0
          0
          0
        209
        120
          0
        125
        168
        204
        215
        190
        160
         72
         83
          0
          0
        110
        139
        193
         82
          0
         54
        183
          0
         64
         21
          0
          0
         63
          0
          0
         39
          0
        217
         68
          0
          0
        162
         78
          0
         96
        208
        164
          0
          0
          0
          0
          0
          0
        116
        255
        121
        255
        172
         91
        135
         79
         99
         15
        186
         55
        255
          0
          0
         66
        255
         16
         22
        175
        114
        255
          0
          0
         83
          0
          0
          0
          0
          0
          0
        182
          0
          0
         30
          0
          0
          0
          0
          0
          0
         64
         19
          0
          0
        111
          0
        130
         16
          0
          0
         41
        149
         33
         21
        145
          0
          0
          0
          0
          0
        180
          0
          0
          0
          0
          0
          0
          0
          4
        114
        103
          0
          0
          0
        158
        238
        150
        255
         95
          0
         38
        147
        161
        127
        255
        255
          0
          0
        246
        170
          0
          0
        108
          0
          0
        149
         44
         71
          0
          0
          0
          0
         53
          0
          0
          0
         78
         21
         89
          0
        177
         44
          0
          0
          0
        113
          0
          0
          0
          0
        255
         54
          0
          0
          0
        247
          0
        130
          0
         59
        223
          0
          0
          0
          8
        255
          0
          0
          0
         15
         10
          0
          0
          0
          0
          0
        212
          0
          0
        255
         24
          0
        181
          0
         93
         35
         36
          0
         81
          0
        249
         42
        147
          0
          0
          0
         28
         65
          0
          0
          0
          0
          0
        206
        182
        255
          0
          0
        188
          0
          0
          0
          6
          0
          0
         39
        166
          0
        112
        157
         82
          0
        164
         37
         87
          0
          0
          0
          0
         72
          0
        153
        155
         29
          0
         25
         56
        255
         22
        133
        228
          0
          0
          0
          0
          0
        234
          0
          0
         23
         89
         13
        205
          0
          0
          0
          0
        211
          8
         28
         11
        255
          0
        112
        195
         21
          0
         63
        148
        194
          0
         44
        192
         39
          0
        158
         77
          0
        236
        223
          0
         74
          0
         38
        133
          0
        248
          0
        201
         74
         21
          0
          0
        130
          0
          0
        202
          0
          0
         64
         29
          0
          0
          0
        218
          0
          0
          0
        188
          0
        203
          0
          0
          0
          0
          0
        124
          0
          0
          0
          0
         73
          0
          0
        117
          0
         54
          0
         45
        103
        238
          0
          0
          0
          4
        211
        191
          0
          0
        255
          0
          0
        251
         81
          0
          0
        152
          0
          0
        157
        255
          0
          0
          0
          0
        233
        129
        255
          0
          0
          0
          6
        255
        225
        167
          0
          0
        120
         19
          0
          0
          0
          0
          0
         77
          0
          0
          0
          0
          0
        182
        148
          0
          3
        255
          0
         56
          0
         40
          0
          0
          0
          0
          5
        117
         84
          4
          0
          0
         29
        171
          0
          0
          0
          0
          0
        208
          0
        113
          0
          0
        249
        163
          0
          0
          0
        203
          0
         31
          0
         11
         20
          0
          0
          0
         16
        255
        107
          0
         25
          0
        118
        255
          6
          0
         36
         24
          0
        198
          0
          0
          0
         41
        237
         46
        179
         43
         16
        255
          0
          0
          0
         64
        255
          0
         23
         37
          0
          0
        255
          0
          0
          0
         18
          0
         75
          0
        255
          0
          0
          0
          0
         15
         99
        156
          0
          0
        146
          0
        113
          0
          0
         50
          0
         71
          0
          0
         63
        180
          0
          0
          0
          0
          0
         66
          0
          0
          0
          0
          0
          0
          0
          0
        103
          0
          0
        117
          0
          0
        175
          0
          0
        188
          0
          0
          0
         63
        255
        110
          0
        175
          0
          0
        211
         58
          0
          0
        178
          0
          0
          0
          0
        110
         56
        236
         43
         48
          0
          0
         89
          0
        136
         58
         39
         64
          0
          0
        160
         22
         86
         75
          0
        174
          0
          0
          0
          0
          0
         52
          0
        108
          0
          0
          0
          0
          0
          0
          0
          0
          0
          0
          0
        195
          0
        255
          0
          0
          0
          0
          0
        128
          0
          0
        140
         17
          0
         64
          0
          0
          0
          8
         15
        123
          0
          0
        255
          0
          7
          0
        141
          0
         35
        133
          0
          0
         14
        125
        128
          0
          0
         14
          4
        109
        210
          0
          0
        169
         50
         90
        255
        168
         28
        107
          0
        148
          0
          0
          0
          0
         44
          0
         96
         12
          0
         49
        162
          0
         40
         80
         58
        255
          0
          0
          0
         36
          0
        117
          0
          0
          0
        222
        107
         56
          0
         52
        123
        138
          0
          0
          0
        255
          0
          0
         83
          0
          0
         81
        255
        153
          0
          0
        111
        255
        141
          0
          0
         15
        140
          0
          0
          0
        191
        255
          0
        146
        126
          0
          0
         28
          0
          0
          0
          0
          0
        255
        177
          0
          0
         90
        214
          0
        145
          0
          0
        157
        203
          0
          0
         11
        218
          0
         55
          0
          0
        255
          0
        173
          0
          0
         31
         83
         81
          0
          0
          0
          0
        140
        136
         68
        215
        173
         90
          0
        156
          0
         23
          0
        149
          0
          0
         24
          0
          0
          0
        115
        178
          0
          0
        176
          0
          0
          0
        142
         75
          0
        204
        204
          0
        176
        147
          0
          0
          0
          0
          0
          0
          0
          6
        160
          0
          0
         65
        104
        255
        105
          0
        211
         62
        240
         75
        152
         53
        105
          0
          0
        121
         59
          0
         29
          0
          0
         62
        240
          0
         94
        255
          0
          0
          0
        122
          0
          0
          0
          0
         51
        153
        100
          0
         21
          0
        255
          0
         40
        255
          0
        124
        255
        182
          0
        117
          0
        151
          0
          0
          0
         38
        125
          0
          0
          0
          0
          0
        255
        149
          0
          0
          0
          0
        123
        222
         22
          0
        155
          0
          0
          0
          0
         28
          0
         26
          0
        207
          0
          0
          0
         77
          0
          0
        210
        190
          0
          0
          0
        100
          0
        157
          0
         82
        112
        183
          0
          0
          0
         47
        255
          0
          0
        255
          0
        186
         97
          0
          0
          0
        208
         62
          0
        169
          0
          0
        161
          0
          0
          0
        255
         88
        255
         54
        146
          0
        124
         40
          0
          0
         41
          0
         56
          0
        150
        123
         31
          0
          0
          0
        255
        255
         12
         22
          0
        114
        110
          0
        191
        123
        204
          0
          0
          0
        138
          0
          0
         12
         65
        219
          0
          0
        131
        224
        255
          0
          0
          0
        111
         96
          0
          0
          0
          0
          0
          0
        178
         45
          0
          0
        125
          0
          0
        178
        212
         56
        255
         93
        111
          0
          0
        255
          0
        152
          0
          0
        100
        110
         90
          0
          0
          0
        216
          0
          0
          0
          0
          0
        247
          0
          0
          0
         82
          0
          0
         93
          0
          0
         58
          0
          0
          0
          8
         85
          0
          0
         15
          0
          0
        146
        161
          7
          0
         59
         90
          0
          0
          0
        126
          0
         98
          0
        154
          0
        108
         16
          0
        140
          0
        135
        255
        111
          0
          0
          8
        204
        126
          0
        142
        101
          0
          0
          0
          0
          0
        255
        140
          0
          0
         95
          0
         81
        131
        115
         36
         12
         17
          0
          0
        163
        255
          0
          0
         38
          0
          0
         18
        255
          0
          0
        204
          0
        255
         31
          0
          0
        173
         27
        188
         48
          0
          0
         13
        197
        212
          0
          0
          0
        143
          0
          0
          0
          0
          0
          0
        221
          0
          0
          0
          0
         20
          0
         78
         38
         67
        255
          0
          0
          0
          0
          0
        128
          0
        255
          0
        112
        228
         34
          0
          0
          0
        254
        206
          7
          0
          0
        255
          0
         54
          3
        110
        198
          1
          0
          0
        177
         61
        143
        174
          0
         86
        255
          0
         31
          0
          0
          0
          5
         81
          4
          0
          0
        204
          0
          0
        120
          0
         20
          0
          0
          0
          0
        154
        221
          0
          0
         80
          0
          0
         30
        162
          0
         84
          0
         56
          0
          0
          0
          0
          0
        255
         89
          0
          0
        115
        107
          0
        157
         10
          0
        124
        235
         10
          0
        131
          0
        116
         71
        214
          0
        255
          0
          0
          0
          0
          0
        136
         21
          0
          0
        183
          0
          0
          0
          0
          0
         53
         76
          0
          0
          0
          0
          0
          0
          0
          0
         82
          0
          0
        125
        205
          0
         66
         49
         21
          0
         48
        245
          0
          0
          0
         43
          0
          0
          0
        255
          0
          0
         97
        191
        199
        124
          0
         10
        251
          0
          0
          0
         35
        255
          0
          0
         81
          0
        250
         38
          0
        113
          0
          0
          0
          0
          0
          0
          0
          0
        235
         97
         66
          0
          0
          0
          0
        117
          0
         57
        160
          0
          4
         38
          0
        255
          0
        195
         86
          0
          0
          0
        131
        255
          0
         46
          0
          0
          0
          0
          0
          0
        206
         49
          0
          0
          3
        107
          0
          0
          0
         42
        255
          0
        111
          0
         72
        255
        107
          4
        131
          0
         82
          0
          5
          0
          0
          0
          0
        172
          0
          0
        255
        158
          0
          0
         71
          0
        175
          0
        184
          0
          0
         73
          0
         48
          0
          0
          0
          0
          0
          0
          0
         27
        152
          0
          0
          0
         98
          0
         64
          0
          0
        255
          0
         47
         29
         73
          0
         76
          0
         92
         56
        153
        192
          0
          0
        249
          0
        230
        134
         58
          0
          0
          0
        255
        194
         65
        159
         35
         19
        192
        103
          0
         56
          0
         55
         38
         22
        221
        215
          0
         13
          0
          0
         50
          0
         63
         48
          0
          0
          0
        168
        184
          0
          0
        207
          0
          0
         68
        184
        255
        112
        139
        249
          0
          7
        130
         94
          0
          0
         67
          0
          0
          2
         91
          0
         53
          3
        109
          0
          0
          0
          0
        123
        255
         99
          0
          0
          0
        125
          0
        139
         33
          0
          0
        229
        120
          0
          0
        255
          0
          0
        138
         32
          0
         10
        161
          0
          0
         70
        101
          0
          0
          0
          0
         70
         84
        121
          0
          0
        159
        255
          0
         95
          0
          0
          0
        199
          0
          0
          0
         55
          0
        222
         13
        157
          0
        120
          0
          0
         56
        148
         38
        255
          0
          0
        102
         28
        225
          0
        133
          0
          0
          0
         16
          0
          0
         41
         96
        255
          0
          0
          0
         55
        177
        182
          0
          0
          0
         42
        111
          0
        103
        229
         78
          0
          0
          0
        147
         28
         13
          0
        126
        183
          1
         98
          0
         90
          0
          0
        200
        123
          0
          0
          0
          0
          0
        255
        253
          0
          0
         79
         68
          0
         85
          0
          0
          0
        173
          0
          0
         21
        254
          0
          0
        132
         90
         39
         14
        162
          0
          0
          0
        146
          9
        255
        253
        139
          0
          0
          0
        105
          0
        165
          0
        179
          0
        184
         39
        255
          0
          0
          0
        143
          0
         98
         83
         23
        141
          0
          0
          0
          0
         86
          0
        167
         39
         73
        112
        160
          0
         62
          0
          0
         63
        206
          0
        125
         54
          0
        137
          0
          0
          0
          0
          0
          0
        112
          0
          0
         43
          0
         66
        177
         11
        119
          0
         71
          0
          0
          0
          0
          0
          0
         86
        255
         51
         23
         35
          0
          0
          0
          0
         88
        255
          0
         12
          0
        145
         73
          0
        101
          0
          0
         74
          0
          0
          0
        119
        112
          0
          0
        255
         69
          0
         10
          0
          0
         58
        181
          0
          0
         37
         55
          0
        255
        209
         58
         73
        143
        255
        112
          0
        100
          0
          0
         77
          0
          0
          0
        114
         77
          0
          0
          0
          0
        151
         21
        140
          0
          0
         74
         14
          0
          0
         88
          0
          0
        255
         17
          0
        128
        206
         86
          0
          0
          0
         47
          0
         20
        209
          0
          0
         43
          0
          0
          0
          0
          0
        103
         22
          0
         36
        112
        110
          0
         17
         59
        139
        255
        250
          0
          0
        114
        132
         63
          0
          0
         21
          0
        111
         50
        255
          0
         51
         87
          0
          0
          0
         84
          0
        117
        176
          0
         64
         80
          0
        184
          0
          0
          0
          0
        255
          0
          0
        151
        183
          0
          0
        211
        154
         56
          0
          0
        251
          0
         39
        157
          0
          0
          0
         31
          0
         44
         71
         53
        159
        162
          0
         91
          0
         40
         65
        185
        255
          0
         74
         99
        225
        107
          0
         93
        221
          0
          0
          0
        186
          0
         20
          0
          0
          0
        255
          0
        159
         18
         41
          3
        152
          0
          0
          0
          0
          0
          0
        255
          0
          0
          0
          0
          0
        124
         50
         10
         60
         88
          0
          0
          0
         35
         66
          0
          0
          0
        255
         95
