          0
        163
        255
          0
          0
          0
        113
          0
          0
        133
          0
        140
          0
          0
          0
          0
          0
         83
          0
          0
         32
          0
          0
         72
         77
          0
        255
          0
        255
         10
          0
        255
          0
        238
          0
        130
        136
          0
          0
          0
          0
         83
          0
          0
          0
        226
        255
          0
        248
         97
          0
          0
        213
          0
          0
          0
          0
         46
          0
         20
          0
          0
          0
          0
          0
          0
        108
          0
         21
          0
          0
          0
          0
          0
         98
          0
          0
          0
          0
        123
          0
          0
          0
         25
        185
          0
         40
          0
         58
          0
          0
         37
        255
         69
        105
        160
         14
          0
          0
          0
          0
          0
         51
          0
         16
         42
          0
        130
          0
          0
         95
         50
          0
        234
         38
          0
        101
          0
          0
         26
          0
          5
          0
          0
          0
         86
          0
        176
          0
          0
        255
         90
        108
         93
          0
          0
          0
          0
         49
          0
          0
        116
          0
          0
          0
         53
          1
          0
        170
          0
          0
         48
         50
          0
        255
          0
        225
          0
          0
        201
         56
          0
        201
          0
         22
        255
        239
        198
          0
          0
         11
        166
         28
          0
          0
        201
         20
          0
          0
          0
        133
         13
          0
         79
          0
        255
          0
         83
          0
          0
          0
        187
        164
        255
        161
        106
        169
         75
          0
        255
          0
         37
         29
          0
        255
        125
          0
          0
          0
        179
          0
         95
          0
          0
          0
          0
          0
        140
        150
          0
          0
         33
          0
         72
          0
          0
          0
          0
          0
          0
          0
          0
          0
          0
        187
        188
          0
          0
          0
        182
         15
         84
        150
          0
          0
         30
        104
          0
          6
        172
        255
         14
          0
          0
        131
        255
         55
          0
        255
          0
        100
        229
          0
        255
          0
          0
          0
          0
          0
        123
          0
          0
          0
          0
          0
         76
          0
          0
        130
         74
          0
          0
          0
          0
          0
          0
          0
          0
        149
          0
        126
          0
          9
        120
          0
         46
         27
         17
          0
        165
          0
         32
        116
         84
          0
        222
          0
        179
        205
          0
        239
         35
         42
          0
         58
          0
         41
        104
          0
          0
        133
         35
        169
        116
        214
          0
          0
        208
          0
          0
          0
          9
          0
          0
          0
          0
          0
          0
        173
          0
          0
          2
         50
         10
         24
          0
        140
          0
          0
          0
          0
         64
          0
        147
          0
          0
          0
          0
        151
          0
         55
          0
        100
          0
          0
        185
        255
         52
          0
        196
          4
         38
          0
         22
          0
          8
          0
          0
          0
          0
        255
         69
        255
        133
          4
          0
          0
          0
          0
          0
          0
          0
          0
          0
        146
          0
          0
        224
          0
        159
          0
         98
         57
        214
          0
          0
          0
          0
          0
          0
        255
          0
          0
          0
        255
         97
          0
         97
          0
        115
         87
          0
        180
          0
          0
          0
         93
        159
          0
        197
          0
          2
         27
          0
          0
        179
          0
         21
          0
         53
          0
        127
        163
         74
        255
         40
        255
          0
          0
          0
        255
          0
          0
          0
         98
        198
          0
          0
         70
        210
          0
          0
          0
          0
        160
          0
          7
         97
          0
         37
         85
         25
          0
         24
        255
          0
          0
          0
          0
          0
         16
          0
        108
          0
          0
          0
        200
          0
          0
          0
          0
        110
         62
          0
          0
        104
          0
        239
        111
          0
          0
         19
          0
          0
          0
        255
          0
          0
        109
         93
          0
        156
