         58
          0
          0
        162
        149
          0
          0
          0
          0
          0
          0
         66
          0
        101
          0
        168
         82
          0
        207
        135
          0
          0
        125
          0
        163
        120
         60
          0
          0
         93
         71
          0
          0
          0
        252
          0
          0
        101
        104
        176
        103
          0
          0
         73
          0
        255
          0
         73
        122
         54
          0
         30
        163
          0
        216
        174
        143
         64
        188
         38
          0
          0
         21
          5
          0
         29
          0
          0
          0
          0
         73
        116
          0
        110
          0
         91
          0
          0
          0
        185
          0
          0
          0
         39
          0
          0
         15
          0
          0
          0
          0
        128
          0
         12
          6
          0
          0
          0
        158
        224
          0
          0
         46
         92
          0
          0
          0
        153
          0
        113
        255
          0
          0
          0
          0
        108
          0
          0
        196
        246
        181
          0
          0
          0
         23
        166
         25
          0
          0
          0
        255
        200
          0
          0
          0
        130
        102
        173
          0
         99
          0
          0
          0
          0
          0
         84
        231
          0
        247
          0
        118
          0
        186
         89
         49
          0
        118
         15
          0
          5
          0
          0
        148
          0
          0
         95
         76
        104
          0
         61
         31
         44
          0
          0
          0
          0
        143
         85
          0
          0
          0
        171
          0
        141
         80
          0
        148
        101
          0
        137
          0
        126
        116
          0
          0
        159
          0
          0
         34
          0
         41
          0
          0
        159
          0
         69
          0
        130
          0
         36
        253
        117
          0
        115
          0
          0
        163
          0
         45
         30
         76
         18
          0
          0
          0
          0
         80
          0
        172
         68
          0
         57
         26
        101
         40
         52
        124
          0
          0
          0
         92
          0
          0
          0
          0
          0
         40
        122
          6
          0
          0
         42
        103
        102
          0
          0
         19
          0
          0
        220
        174
          0
          0
        150
        163
          0
          0
        116
          0
        255
          0
         45
          0
         84
        132
         54
        197
          0
         96
        138
        158
        122
        151
         75
         35
        141
         74
          0
          0
         10
          0
        206
          0
          8
          0
         36
        239
          0
          0
         20
        113
          0
          0
          0
        153
         60
          0
          7
          0
          0
          0
        144
         36
         79
         66
         99
        113
         94
          0
        182
          7
         13
        111
          0
          0
         11
          0
        172
          0
         89
         48
          0
        120
          0
          0
         33
          0
         45
        239
          0
         66
        224
         14
        156
          0
         13
          0
        100
         80
         73
         89
          0
          0
          0
        162
        201
          0
          0
          5
        108
          0
          0
          0
          0
          0
          0
          0
          0
          0
         75
        179
          0
         16
        120
        147
         31
          0
          0
         55
         90
          2
         66
          0
        199
          0
          0
          0
        221
        172
         71
        102
        119
         46
        186
         69
         63
         35
          0
        255
          0
         65
          0
        194
          0
         94
          0
        172
        255
          8
          0
          0
          0
          0
        199
          0
        166
          0
         22
          0
        126
          0
          0
          0
          0
          0
         25
         29
          0
          0
          0
          0
         31
         35
          0
         50
          0
          0
        133
         96
        255
         23
          0
          0
         33
         11
        107
         80
          0
         13
          0
         50
          0
        147
          0
         31
        163
         73
        131
         25
         19
          0
          0
          0
        117
         11
        113
        209
          0
        101
        208
          0
        161
        213
          0
          3
         40
         32
        162
         41
          0
         95
          0
          0
         89
          0
        126
          0
        136
        196
          0
          0
          4
         81
        100
          0
          0
          0
         53
          0
          0
         82
          0
        139
          0
          1
         84
          0
         55
         69
         79
         34
        110
