         99
         12
        187
          0
        106
        136
          0
          0
        255
        246
          0
          0
         18
          0
          0
          0
         30
          0
          0
          0
        211
          0
          0
        197
         56
          0
        152
          0
         68
          0
        185
         16
        154
        128
        141
          0
          0
          0
          0
          0
         23
          0
          7
          0
         46
          0
          0
          0
         35
        237
         85
          0
        174
          0
          0
          0
         45
        130
          0
          0
          0
          0
        145
        207
         11
         62
        134
         58
          0
          0
          8
          0
        171
          0
        136
          0
        119
          0
         22
          0
         29
          0
          0
          0
        145
          0
         22
          0
         56
         41
          0
          0
          0
          0
          0
          0
          0
         19
        139
         99
          0
        108
          0
         82
          0
         34
          0
          0
        255
          0
        131
          0
          0
         36
          0
          0
         91
         51
         66
         62
          0
          0
          0
        215
          0
          0
        103
        164
          0
          0
          0
          0
          0
          0
          0
          0
          0
          0
          9
          0
          0
         76
          0
          0
         71
          0
        255
          0
          0
          0
          0
          0
         11
        194
        255
          0
        128
          0
          0
        213
         93
          0
          0
        126
          0
         62
          0
          0
          0
          0
         19
          0
          0
          0
          0
        141
          0
        252
          0
          0
          0
          0
          0
          0
          0
          0
          0
          0
          0
         34
          0
         32
         79
        209
          0
          0
          0
          0
          0
          0
          0
         59
         88
          0
          0
          0
          0
          0
        127
          0
          0
        206
        153
         72
         46
         66
          0
          0
          0
          0
          0
          0
          0
          0
          9
          0
         60
          0
          7
        116
        255
         46
         28
         62
          0
         11
          0
        255
          0
          0
          0
          0
        255
          0
        255
        109
         66
          0
         82
          0
        255
          0
          0
          0
          0
          0
          0
        147
        144
          0
        123
          0
          0
         58
          0
          0
          0
          0
          0
         73
          0
         40
          0
          0
        250
        255
        130
          0
          0
          0
          0
        107
        255
         17
         96
         64
          0
        255
          0
          0
         58
         64
          0
          0
          0
          0
          0
          0
        183
          8
        202
          0
        110
         53
         85
         12
          0
          0
          0
         51
          0
          0
         25
         17
          0
         39
          0
        133
        168
        185
        160
          0
        148
         42
         14
          0
          0
          0
        108
        141
          0
          0
        225
          0
          0
        219
          0
        255
          0
        180
         84
        110
        166
         38
          0
        205
        255
          3
        252
         89
          9
        255
          0
        133
         83
          0
          0
         12
        255
          0
         93
          0
          0
          0
          0
          0
          0
        193
          7
          0
        221
          0
         89
         77
          0
         14
        120
          0
        255
          0
        255
         42
          0
          0
          0
         14
         84
          0
          0
          0
        255
          9
        255
          0
        159
          0
         42
        121
         16
          0
        141
         31
         28
          0
          0
          0
          0
         54
          0
          0
          0
          0
        116
          0
        121
          0
          0
        110
          0
          0
          0
          0
          0
          0
         17
         33
        115
          0
        100
          0
          0
          0
         42
          0
         33
          0
        255
        117
        125
         31
         44
          8
        221
          0
          0
          0
          0
        255
          0
          0
          0
          0
          0
          5
          0
          0
          0
         92
         61
        119
          0
        122
        255
         57
        104
          0
          0
          9
        255
         74
        126
          0
          0
          0
        186
         40
          0
          0
          8
         43
         39
          0
          0
          0
          0
          0
        108
          0
          0
        100
         25
          0
          0
         24
          0
        123
         43
         52
          0
        255
        255
         60
          0
         11
          0
          0
          0
         16
          0
          0
          0
          0
