          0
          0
        255
        255
          0
         97
          0
         32
         46
          0
        235
          0
        138
        137
          0
         28
          0
          0
        207
          0
        255
        167
        128
        224
          0
        189
        255
          0
          0
         75
          0
          0
        255
          0
        255
          0
         54
          0
          0
         71
          0
        186
        214
         82
          0
        136
        170
        255
        173
          0
        171
          0
        255
          0
          0
         13
         37
         58
        175
        154
          0
        148
          0
          0
          0
          0
        248
        255
          0
          0
          0
        255
        255
         79
          0
          0
          0
          0
        220
          0
          0
         40
        130
          0
        255
        212
          0
         38
         80
         67
        255
         25
          0
        255
        255
         73
        208
        107
          0
        255
          0
         10
          0
          0
        151
         46
         64
          0
          0
        155
         56
        160
         80
        145
        141
         43
        112
          0
          0
         81
         37
        131
          0
          0
          9
          0
        214
          0
         38
          0
        255
         94
          0
         16
          6
        187
         98
        249
        226
        208
         28
         15
          0
        230
          0
          0
        197
          0
        156
         71
          0
          0
         80
        191
        247
          0
          0
         17
          0
        163
        125
          0
        200
        143
        255
         93
          0
          9
         61
        188
         92
        255
        195
         20
          0
        196
          0
          0
        172
          0
        199
          0
          0
         75
         71
         87
          0
        179
          0
        141
         86
          0
          0
         31
         32
        210
          0
        134
          0
         45
         95
          0
        115
        169
        162
        118
        149
          0
          0
          0
        218
          0
        214
          0
          3
         31
        118
        162
        255
         94
          0
         23
        255
        255
        220
         20
        255
        255
          0
         37
          0
        194
         95
          0
        145
        255
         84
         98
          0
          0
          0
         61
          0
        102
        254
         83
         77
          0
         54
        162
        255
        147
          0
        119
          0
          0
          6
         62
         53
        118
          0
         92
          0
        236
        100
        199
        171
          0
        139
          0
        255
          8
        255
        240
        229
         28
          0
          0
         78
          0
         92
          0
        255
        136
          0
        205
         87
          0
        185
          0
        234
        186
         25
         98
        101
         80
        184
         45
        255
        255
        186
         64
          0
        255
          0
          0
        175
          0
         56
         60
        128
          0
         11
        177
          0
        123
          0
        122
        199
          0
        109
          0
          0
        255
          0
         35
         85
        178
        255
        149
         92
          0
          0
          0
          0
          0
         63
          0
        102
          0
        210
          0
         88
         98
        204
        161
        152
        255
          0
        245
        134
          0
         18
         89
        255
         58
          0
        143
          0
        255
          0
        103
        198
          0
         85
        115
          0
        255
        223
          0
        232
          0
        146
         96
        128
          0
        163
          0
        218
         62
          0
        247
        255
          0
          0
          0
        255
          0
          0
         78
        174
        243
          0
         45
        254
        255
        182
          0
          0
          0
          0
          0
          0
          0
          0
          0
        124
        114
        203
        160
        255
        104
          0
        186
          0
        255
          0
          0
        162
        106
         21
         20
        136
         50
          0
        129
        125
        181
        224
         47
        255
        122
          0
          0
        169
          0
         79
         83
        143
        110
         93
          0
        133
        179
          0
          0
        255
          0
         38
         86
         86
        199
          0
         53
          0
        169
          0
          0
         50
        135
          0
         17
          0
          0
          0
          0
          0
         29
        200
         76
        122
        139
         73
        204
          0
          3
          0
        156
          0
          0
        133
          0
        255
          0
          0
        109
          0
         56
        222
        195
        255
        255
        128
         35
          0
        250
          0
        251
          0
          0
        255
        193
        142
        125
          0
          0
          0
        167
          0
         18
          0
        255
          0
          0
        255
          0
        255
         73
        255
        143
        110
          0
          0
        175
        122
          0
          0
          0
        182
          0
          0
          9
        144
        158
        106
        119
          0
        104
          0
         48
          0
        113
         78
        121
        149
        135
        115
        206
          0
         41
         52
        115
        160
          0
         82
          0
         53
          0
          0
        255
          0
          0
          0
         18
         88
          0
          0
        217
          0
         89
          0
          0
          0
        113
        255
          0
          0
          0
        239
          0
        255
         65
          0
          0
          0
          0
          0
        223
        172
          5
          0
          0
          0
          0
        169
          0
          0
         94
         42
        165
        186
          0
          0
        127
          0
        173
          0
        137
         31
         22
        150
          0
        210
         84
          0
          0
          0
          0
        205
        219
        139
         33
          0
          0
          0
         50
        142
        176
         79
         11
          1
        109
          0
        108
         68
          0
          0
          0
        255
        244
        192
          1
          0
          0
         34
          0
          0
          0
        138
          0
          0
        109
        123
          0
          0
          0
        255
        255
        195
          0
         29
          1
         66
          0
          0
        183
        238
          0
          0
          0
        148
          0
        120
          3
        255
        115
        175
         86
          0
        197
        186
        194
         37
        255
         13
        140
        255
         67
          0
        203
        155
          0
        210
         56
         38
         90
          0
        176
         80
         66
          0
         30
         41
         67
          0
          0
        138
         63
        253
         67
        234
        215
          0
          0
        215
         38
         95
        126
          0
          0
          0
          0
        222
          0
        209
         25
          0
        154
          0
          0
         99
         24
          0
        126
          6
          0
        155
          0
        255
         46
        255
          0
         24
        156
          0
          0
        214
        101
          0
        185
        255
         63
        255
         54
         10
         57
         63
          0
         24
        113
        134
        188
          0
          0
          0
        255
        224
          0
         42
          0
         65
        255
        197
         66
        108
          0
          0
          0
        209
        117
        192
          2
          0
          0
         42
          0
          0
          0
        250
        152
         22
        219
          0
        214
          0
          2
          0
          0
        226
          0
         84
         30
          0
        193
          0
          0
          0
         15
        202
         16
        252
         59
        132
          0
        137
        248
        255
         84
        171
          0
        255
          0
         57
         14
        168
        113
        140
          0
          0
        188
        255
         95
        138
          0
        209
        255
        229
         11
          0
         96
        192
        170
        184
        181
        196
          0
        255
          0
        255
          0
        188
          0
          4
          2
        154
          0
         56
         93
          0
          0
          0
        255
         82
          0
        186
          0
        105
        255
        195
        112
          0
          0
          0
          0
        134
        255
          0
        144
        255
         96
        158
         31
        227
          0
        100
         91
        157
        141
          0
         99
          0
          0
        255
         23
          0
          0
         62
          2
          0
         21
        170
          0
          0
          0
          0
          0
          0
          0
        118
         24
          0
         17
         56
         51
          0
        255
        207
          0
        135
          0
          0
         48
        253
          0
          0
          0
        255
        255
        177
          0
        139
          0
          0
        124
          0
         10
        255
        209
        190
        121
         77
        158
        255
        210
         51
        255
        189
          0
          0
         74
        114
        206
          0
        172
          0
          0
          0
         23
         51
          0
        146
          0
          0
          0
        255
        152
          0
         35
        255
          0
          0
        138
        182
          0
          0
          0
          0
         23
        198
        201
        119
         35
         89
          0
        214
          0
         20
         26
          0
         50
          0
        145
          0
          0
        255
          0
          0
        122
          0
        177
        194
          0
         38
          6
        143
         36
          0
        255
          0
          0
          0
        176
         10
        193
          0
        158
          0
          0
        168
         45
        255
         25
        255
          0
          0
          0
        255
        255
        155
          0
          0
         51
          0
        212
          0
          4
          0
          0
          0
         60
         85
          1
          0
          0
        101
          0
          0
          0
          0
        154
          0
          0
        255
        150
          0
        147
        255
          0
        255
          0
          0
          0
        112
         34
        203
         86
        143
         70
         14
         66
          0
         25
        225
        134
          0
          0
        186
        188
        142
        113
        178
         80
          0
          0
          0
         90
         57
        255
          0
         57
          0
        255
          0
         99
        101
         58
          0
        123
          0
        233
        221
          0
         80
         95
          0
        131
        132
          0
        255
        110
        138
         95
          1
         21
        191
          0
          0
        138
          0
          0
          0
        124
        255
          0
        255
        166
         67
         22
          0
         97
          0
        154
        138
          0
        255
          0
          0
         90
        198
          0
         63
          0
        110
        129
        223
        134
        255
        125
          0
          0
        255
          0
        164
         60
        197
          0
        237
         53
          0
         58
          0
          0
         99
          0
         69
          0
          0
        249
          0
          0
        142
        135
         75
          0
         27
        122
         52
        197
         29
        159
          0
        221
          0
        175
        202
         61
          0
        255
        255
         70
          0
          0
          0
         31
        112
        130
         57
        176
        255
        227
        255
          0
         91
          0
          0
        204
          0
          0
          0
        188
          2
          0
          0
        184
         59
          0
          2
          0
        255
          0
        255
          2
          0
          0
          0
          0
          0
        122
          0
          0
         65
          0
        224
        255
          0
          0
        102
         37
        154
        224
          0
        138
        222
          0
          0
         90
        106
        255
        233
         50
        160
        103
        180
        102
          0
          0
          0
          0
        247
        194
        138
        113
          0
          0
          0
        204
         94
         91
          0
          0
          0
         72
        116
          0
        255
          0
          0
         27
        255
        207
         70
        150
        255
         77
        211
         99
        103
          5
          0
        163
          0
          0
        212
          0
        198
        171
          0
          0
          0
          0
          0
         23
          2
         75
          0
        122
         85
          0
          0
          0
        236
          0
        241
         32
        236
          0
          0
         28
         55
         90
        179
        131
          0
        223
          0
          0
          0
          0
        128
        146
        144
         52
        108
         62
        102
        196
         39
        101
        255
          0
          0
        183
          0
          0
        140
         28
         71
        248
          0
          0
          0
          0
          0
        199
        108
        217
        218
          0
          0
          0
          0
        244
        226
         16
        140
          0
         66
          0
          0
        103
         39
          0
         19
          0
        255
        215
        211
          0
        193
        255
        229
        145
          0
        155
        122
         72
        171
        139
          0
         59
        175
         54
          0
          0
          0
          0
          0
         39
         66
         82
          0
        129
          0
          0
          0
          0
        255
          0
        240
          0
        102
          0
          0
        166
        255
         67
        221
        251
        224
         83
          0
         91
        255
        221
          0
          0
          0
          0
         48
          6
         54
          0
        168
          6
         49
          0
          0
        142
          0
        198
         70
          0
        255
         55
          0
        107
        200
          0
        255
        138
        255
          0
        136
        127
          0
        115
          0
          0
          0
         49
          0
         77
        104
         64
         12
         65
        254
          0
          0
          0
        175
         67
          0
         40
         94
         26
          0
          0
          0
          0
        255
          0
        166
        255
         44
          3
        255
          0
          0
          0
        147
        173
        158
          0
        148
         20
        243
        185
        255
          0
          0
        225
        255
          0
         79
          0
        255
          0
          0
        144
          0
          1
        149
          0
        137
        119
        104
          0
          0
        219
        241
        185
          0
          0
        212
        141
        111
         64
         82
          0
          0
          0
        241
         29
        255
        127
          0
          0
         36
        135
        209
         80
          0
        250
        230
          0
        112
        119
         56
          0
        172
         85
          0
          0
          0
         54
        123
          0
          0
        113
          1
          0
        154
          0
          0
          0
        198
          0
          0
          0
        255
        255
          0
          0
        139
        120
          0
        142
         43
         78
         84
         78
         74
          0
          0
          0
        150
         89
          0
        134
        118
          0
        182
          0
          0
          0
        255
        255
        255
        175
          0
         45
        255
        255
        231
          0
          0
         87
        255
        226
        159
        255
        125
         96
        132
        217
          0
        255
        207
          0
          0
         77
         25
        102
          0
         89
          0
          0
          0
        210
        255
          0
        255
         16
          0
        174
        255
        144
        255
         38
        205
          0
        223
        243
        200
          0
        249
        117
          0
          0
          0
          0
         66
          0
          0
        141
          0
        207
        163
        172
          0
        216
        115
        133
         48
          0
          0
          0
          0
          0
         78
        231
        157
          0
         54
        111
         92
         12
          0
          0
        213
         46
        180
          0
        184
         34
         64
         48
          0
        175
        255
        119
          0
         80
          0
        255
         14
        104
          0
        219
        255
          0
          0
         38
          0
        232
         89
         47
        156
         17
          0
        211
          0
         49
        180
        119
         33
         66
         57
         53
          0
        133
         47
          0
          0
          0
          0
          0
         92
          0
        255
        255
        235
         40
         25
        136
          0
          0
        221
        178
         63
          0
        255
          0
          0
          0
          0
        165
        212
         94
         56
          0
        177
        164
        223
          0
          0
         15
          0
         72
        130
          0
        203
        115
         85
          0
          0
         88
        166
          0
         92
        102
        162
         20
          0
          0
          0
          0
          0
        255
         71
          0
         23
          0
          0
        181
          0
        124
          0
        100
        255
        255
         41
         23
        140
        255
        255
         77
          0
         76
        219
         96
          0
        159
          2
          0
        255
         52
          0
        116
        160
          0
        226
        166
         39
         32
         20
         87
        148
          0
        252
          0
          0
        255
        176
         38
        202
          0
        239
         47
        255
        130
        255
        219
          1
        212
         45
          1
         53
        117
          0
          0
        120
        112
          4
          0
          3
        165
          0
         57
        255
          0
          0
          0
        255
          0
         89
          0
          0
        255
        255
         37
        123
        134
        211
        129
         52
        255
        227
         68
        255
         80
          0
          0
        144
         78
         13
          0
          0
        172
          0
         64
         50
        232
         58
          0
        255
          0
        170
          0
        255
          0
        160
          0
          0
         48
          0
        119
        117
        255
        220
         81
          0
          0
          0
          0
          0
          7
        129
        163
          6
        185
        151
        128
          0
         17
          0
        250
        168
          0
         56
         37
        178
        202
          0
         17
          0
        141
          0
          0
          0
          0
        100
        133
          0
        189
          0
         93
          0
          0
        255
          0
        128
         31
          0
        129
          0
          0
          0
        255
        255
          0
          0
          0
        255
        138
        255
        142
        170
        255
        230
         29
          0
        204
        157
        163
          0
        250
        255
        255
          8
          0
        140
        201
         46
          0
          0
         99
          3
         58
          0
         97
          0
         56
         16
          0
        255
        255
          0
         50
        255
        255
          0
          0
        107
         72
          0
         70
          0
          0
        255
        206
        218
          0
          0
          0
          0
        137
        155
         83
          0
          0
          0
          0
        255
          0
        227
         23
        255
          0
          0
         82
          0
          0
          0
          0
        219
        255
         96
          0
        255
        203
         38
         56
         19
          0
          8
        243
         58
        230
        133
        209
        128
          0
          0
          0
          0
        255
          0
          0
        248
        255
        255
        115
         20
          0
        188
          0
         27
         97
        102
          0
          0
          0
        116
         32
        185
          0
        126
          0
          0
        216
         90
        123
          0
         11
          0
        107
        255
          0
        242
          0
        255
          0
          0
          0
          0
          0
          0
         44
        118
        255
        239
          0
        139
        114
          0
        131
        147
          0
         61
        117
         55
         61
          0
        137
          0
          0
          0
          0
          0
          0
          0
          0
        255
          0
        176
         71
          0
        124
          0
        187
        255
         38
         12
         78
          3
          0
          0
          0
          0
          0
        130
          0
          5
          0
          0
        156
          0
          0
          0
         43
        255
        190
        136
        105
          0
          0
        255
        126
          0
          0
        222
         96
        185
         55
         76
          0
          0
        184
          0
        162
        222
          0
          0
          0
          0
        127
         68
        144
        166
         98
          0
         67
          0
          0
        163
         13
        255
        196
          0
          0
        165
          0
         43
          0
        226
         59
         93
         85
        255
        255
          0
          0
        202
         22
         44
         38
         37
          0
          0
          0
        195
         21
          0
          0
        255
        255
          0
          0
        255
          0
          0
         89
        255
          0
         53
        117
        253
        255
         44
         80
        255
        105
          0
          0
        223
          0
        190
          0
        143
          0
         92
        210
          0
          0
          0
          0
         27
        255
        245
          0
          0
         60
          0
        138
        131
         70
        255
          0
          0
        255
        183
        147
          0
          0
        255
         25
          0
          0
         98
         61
        153
          0
          0
          0
        113
         47
          0
          0
        255
          0
          0
          0
        255
          0
        204
          0
        255
         77
          0
        213
        207
         75
        166
        160
          0
          0
          0
        216
        117
        210
          0
         41
         85
        131
          0
          0
        113
         46
          0
        100
          0
        255
         38
          1
        255
         50
        101
         25
          0
          0
          0
        234
        127
        255
        110
         92
        255
          0
          0
          0
        168
          0
        126
        133
         38
        190
          0
         87
          0
         11
        144
         88
          4
          0
         80
          0
         56
        255
         47
          0
          0
          0
          0
          0
         89
        255
        185
          0
          0
        185
          0
          0
          0
          0
        255
          0
         24
          0
          3
         47
          0
          0
          0
        147
        162
          0
        175
         85
          0
          0
        158
          6
         91
         13
          0
        207
         94
         12
         82
         99
          0
          0
          0
          0
        236
         20
        190
          0
         93
          0
          0
         25
          0
          0
         49
         47
          0
          0
        147
          0
        244
        123
        166
         94
         36
          0
        137
        204
        127
        193
          0
         45
        255
          0
          0
        119
         46
          0
         32
        214
         33
          0
          0
        115
        208
          5
          0
        189
        255
        112
         38
        102
          0
          0
        255
         70
          0
          0
        144
        228
        202
        255
          0
          0
          0
        154
        202
        248
          7
          0
         67
          0
          0
        113
          0
        191
          0
          0
          0
         23
          0
        122
          0
        101
        255
         63
        251
          6
          0
          0
        206
          0
          0
        255
        118
        109
        255
         20
        131
          0
          0
          0
         68
         19
         50
        153
         96
        195
          0
         52
          0
         58
        255
          0
        233
         87
         33
         24
        255
         55
          0
          0
          0
          0
        136
        152
        129
         64
          0
          0
          0
        169
        157
        193
         89
          0
         13
          0
          0
        187
          0
        192
          0
          0
          0
          0
        226
          0
        255
        255
        255
        131
         15
         10
          0
        187
         98
        138
        161
          0
         59
          0
          0
          0
         56
        194
        148
        114
         52
        127
          0
          0
          0
          0
        242
          0
        255
          0
          0
          0
        255
          0
        255
         98
         70
         39
        208
          0
        126
        196
        232
          0
        255
          0
          0
          0
        116
          0
          0
        175
        127
          0
         12
          0
          0
          0
        255
          0
         34
          0
        130
         64
        231
        255
        255
         89
          0
          0
        236
        198
        122
        145
        230
          0
          0
        255
          0
          0
        169
          0
        250
          0
         97
          0
          0
        121
          0
          0
          0
         27
        255
          0
         44
          0
        255
        160
        114
          0
          0
          0
        255
        164
        166
         60
         78
        177
        229
          0
         51
        212
        148
        186
         83
        148
         67
         16
        156
        176
          0
         21
          0
        116
          0
          0
         37
          0
         33
         12
        255
          8
          0
         57
          0
          0
        156
        167
          0
         66
          0
          0
        201
        139
        172
         87
         53
          0
          0
         71
         44
        146
          0
          0
        255
         40
        255
          0
          0
         83
          9
        146
        255
          0
        255
        235
          0
          0
        177
        189
         94
         17
          0
        129
        255
          0
        209
          0
          0
        146
          0
        214
          0
        140
        225
         39
          0
         17
          0
        103
          0
          0
        255
         25
          0
          3
          0
        176
        191
        163
        182
          0
         40
         21
          0
          0
        166
        251
          0
        109
        210
          0
         18
        131
         50
         64
          0
          0
          0
        126
        255
          0
        152
         68
         11
          5
          0
         71
          0
         16
         90
        196
          0
        126
         89
         43
        255
          2
          0
          0
        218
         19
        227
          0
         37
         86
         29
        173
         58
          0
          0
         42
         50
          0
          0
         51
        255
        232
        187
         16
          0
          0
        112
         38
        227
        240
        101
          0
         27
         44
        255
          0
        141
          0
         16
         24
         55
          0
         62
          0
          0
          0
         40
         70
         41
         23
        162
          0
        255
         52
        170
          3
         11
         33
         30
        153
        101
        210
          0
          0
        124
         31
          4
        127
         25
         19
        109
         41
         24
        211
        140
        117
          0
        106
        146
        199
          0
          0
        196
          0
         89
          0
        255
          0
         31
        199
          0
        226
        196
         78
         52
          0
          0
          0
        255
         49
         75
          0
         83
         53
         93
          0
          4
          7
        124
          6
          0
          0
          0
          0
        205
        146
        255
          0
          0
          0
          0
         45
        118
          0
         91
         79
          0
        182
        105
          0
        255
         92
          9
          0
         57
          0
        100
        196
          0
        100
          0
          0
          2
        139
        255
         86
         29
          0
          0
        255
          0
        132
         85
          0
        255
          0
        125
          0
        196
          0
          0
        137
        255
        255
        228
          0
         65
        113
        152
        153
        114
         76
          0
          1
          0
          0
        118
          0
        255
         30
         27
          0
          0
          0
          0
        165
        206
        115
        142
        255
        239
         51
        255
          0
          0
          0
        198
        220
        134
          0
        109
         57
         83
        162
        255
        109
          0
         29
          0
          0
         13
          0
          0
        255
          0
          0
        198
         34
         42
          0
          0
        255
        123
        125
          0
          0
          0
          0
          0
        186
        184
          0
          9
        243
          0
        143
        224
         11
          0
        131
        255
         68
        181
        121
        255
         29
        255
         33
          0
        210
         65
          0
        246
        204
        158
          0
          0
          0
          0
         36
        183
        181
         56
         48
          0
          0
        178
         30
          0
        255
          0
          0
          0
        255
        190
          0
        133
          0
          0
         43
          0
          0
          9
        237
         80
        147
        236
          0
         67
        255
        191
         96
         75
          0
        243
        224
        163
         39
         32
        184
          0
        120
        151
          0
        255
          0
          0
          0
        255
        170
        108
         99
        255
        139
        116
          0
        255
        201
         12
          0
        255
          0
          0
        108
        207
          0
        114
        255
          0
         19
          0
         72
        255
          0
          0
        240
          0
          0
        171
          0
          0
        242
         59
         93
        176
         18
          0
        194
          0
        185
          0
         39
          0
        109
         90
        165
          0
         86
        154
          0
         78
          0
         90
        176
        160
        170
          0
        116
        150
          0
         67
         85
        255
        222
        255
         54
          0
         59
        255
          0
        149
         90
        163
          3
          0
        255
        255
          0
          0
          3
        255
          0
         33
        205
         34
        210
        189
        189
         70
         82
          0
        103
         40
          0
        144
         21
        255
          0
        255
        100
         39
          0
        255
        186
        148
        107
         54
          0
          0
          0
         73
          0
         75
        141
         80
        148
          0
        132
          0
        255
        253
          0
        185
          0
        217
         44
        225
          0
          0
         44
        234
         10
        149
          0
         32
        255
         95
          0
          0
          0
          0
        231
         34
          0
          0
          0
         65
         23
        159
        181
          0
          0
          0
         47
          0
          0
          0
          0
        255
        255
         21
          0
          0
          0
        255
        181
        146
        255
        121
          0
        255
          0
          0
         77
         68
          0
         12
         15
         96
          0
         28
         77
        255
        255
          0
          0
        255
        255
        248
         66
          0
          0
          0
         78
          0
         15
        247
        142
        255
          0
         75
         68
         35
        155
         76
         47
        192
        160
        207
         60
        145
         86
         72
        183
          0
          0
          0
          0
          0
          0
         42
          7
        188
        227
        255
         15
         81
          0
          0
         93
        240
         61
          0
         69
          0
        255
        180
        255
        234
          0
        246
          0
        103
        191
          0
          0
          0
          0
         29
          0
        255
          0
        187
          0
         95
        255
          0
         94
          0
          0
          0
          0
        225
        255
          0
         95
          0
         79
        150
          0
          8
          0
         52
          0
         50
         90
         70
        120
         20
        114
        255
          0
        255
         19
        255
          3
         74
         80
        255
         76
          0
         62
          0
          0
        206
         84
        116
          4
         61
          0
        255
          0
          0
          0
        153
        143
        103
          9
          0
        113
        255
         21
        173
          0
        255
        111
          0
          0
        255
          0
          0
          0
          0
         49
          0
        233
        240
         64
         94
          0
          0
          0
          0
        244
        229
          0
        202
          0
         60
         54
        195
        132
          0
          0
          0
          0
        255
        147
         37
         83
        200
          0
          0
          0
          0
         27
        255
        255
        208
        164
         39
          0
          0
        156
          0
          0
         99
         71
          6
         41
         22
         81
        169
        162
          0
        227
          0
        102
          0
          0
          0
          0
        255
          0
          0
        146
          0
        167
         77
        214
         80
         27
          0
        157
        103
        195
        201
          0
          0
        255
        142
         62
          0
          0
          0
        164
        220
        187
          0
        210
        255
          0
          0
          0
         36
        111
          0
          0
          0
          2
        226
        209
        253
        112
        122
        165
          0
          0
          0
         31
        193
          0
         31
          0
         14
         56
          0
         82
         60
        177
          0
         92
        255
          0
         94
         80
        255
        255
        255
          0
        255
          0
          0
          0
        194
        255
        154
          0
        255
        134
        172
        108
        180
          0
        120
         77
          0
          0
          0
         92
        251
          0
         93
          0
          0
        255
        255
          0
          0
          0
          0
         52
         59
         34
          0
          0
         85
          0
          0
         61
          0
        255
          0
         80
         39
        125
         60
         32
         73
        173
         36
          0
        109
          0
        255
         34
          6
          0
          0
          0
        255
        224
        178
        167
          0
        126
        199
          0
        156
          0
          0
          0
          0
          0
          0
          0
          0
          0
         13
        114
          0
        114
          0
        136
          0
          0
        255
          0
        255
          0
        174
          0
        116
         33
        255
        156
          0
          0
        133
          0
        217
         72
        196
        144
        169
         18
          0
          0
          0
        219
          0
         24
         32
          0
          3
        217
         29
         91
        236
          0
        255
        255
          0
         27
        255
        175
          0
          0
          0
         35
        178
        182
        143
        225
          0
         42
        105
        240
        255
        255
          0
        120
        113
          0
         38
          0
          0
        218
          0
          0
        166
         99
        189
          0
        242
        150
          2
        201
        255
        163
          0
        172
          0
          0
        240
        161
         86
        117
         28
          0
          0
          0
          0
          0
        233
        146
        145
          8
        173
        182
        255
          0
          0
        115
          0
        255
        223
        125
        255
        255
          0
        109
         60
          0
        178
         72
         43
          0
        150
          0
          0
         58
          0
         40
          0
          0
        164
          0
        112
          0
         44
        108
          0
        255
          0
        158
        255
        193
        194
         61
          0
        185
          0
         56
          0
          0
        114
        125
          0
          0
          0
          0
          0
          0
          0
          0
          0
        158
        227
        113
        107
        142
        156
        201
        118
         77
          0
          0
          0
          0
        199
        157
        229
        115
        212
        123
         97
          0
        104
         42
         32
        249
          0
         40
          0
          0
        202
          0
        178
          0
          0
         23
        157
         15
          0
        125
          0
         16
          0
          0
         18
         20
         50
         27
          0
         28
        255
         99
        255
          0
        118
         44
        152
          0
        217
         97
        215
        114
          0
          0
          0
         18
        130
          0
          0
         25
        122
        107
          0
          0
          0
        125
        195
          0
        105
        106
          8
        123
        220
         10
        255
          4
        207
        113
         52
        222
        100
         94
        255
        255
         30
          0
        154
        128
        190
         27
          0
          0
          0
         29
          0
          0
          0
        138
        255
        175
        221
          0
        124
         48
        255
          0
        255
          0
        237
          0
         91
        109
          0
          0
          0
          0
        255
        239
        120
          0
        113
         97
        150
          0
         14
         51
          0
          0
        248
         26
          0
          0
         62
          0
          2
          0
          0
         78
         95
        142
        146
         87
         46
        128
          2
        130
        255
          0
          0
          0
        119
          0
         73
          0
         37
         14
        101
         72
         69
          0
          0
        218
        255
          0
         21
          0
          0
        224
          0
        132
         68
        116
        235
         74
        131
         87
          0
          0
          0
          0
          0
         57
        176
          0
        185
         77
          0
        160
          0
        209
        108
          0
          0
        109
        186
          0
          0
          0
        255
          0
          0
          0
          0
          0
          0
        194
         92
        255
         12
         58
         54
        255
          0
        255
          0
         41
        138
          0
          8
          0
        149
        192
        225
          0
          0
         96
          0
          0
         32
         94
        255
        249
        255
         45
          0
          0
        253
         18
        198
          0
        175
         49
        103
          0
        255
          0
         84
         44
        234
        232
          0
         85
         46
        141
          0
          0
          0
         39
        255
          0
         71
          0
        255
         33
        255
         78
          0
        172
        255
          0
        192
        255
        241
          0
          0
        255
        240
          0
        184
          0
         96
          0
         58
         67
          0
        213
        200
        255
          0
         70
        149
        255
        121
          0
        255
        179
          0
         73
         27
         15
        255
          0
        235
        255
        178
         40
         47
        255
          0
        220
         19
          0
         64
        151
          0
          0
        208
          0
          0
         75
        255
         36
        255
          0
          0
          0
         44
        255
          0
         85
        255
        163
          0
        160
          0
        255
         29
          0
         28
          0
        255
         91
        176
         72
        255
        116
          0
         88
          0
         50
          0
          0
          0
        101
          0
        255
        204
          0
        245
         20
        255
         58
          0
          0
        209
        126
        209
         32
          0
          0
        153
        115
          0
        255
        187
        130
         12
          0
        132
        108
          0
        173
          0
          0
        147
        202
        147
          0
          0
          0
        255
         38
          0
        165
         21
        145
        211
          0
         44
         53
        208
         51
          1
         93
          0
          0
          0
        104
         62
         87
          3
          0
          0
        124
          0
        255
          0
        245
        255
         46
          0
         28
          0
          0
        255
         18
          0
          0
        255
          0
        129
          0
         71
          0
        255
          0
        255
          0
          0
          0
         36
         15
         48
        187
         37
        189
          0
          0
          0
        166
          0
        255
         54
          0
        255
          0
          0
        162
          0
        113
          0
          0
        216
          0
        232
          0
          0
         10
          0
         65
          0
        229
          0
          0
         63
        189
          0
        184
        155
         13
          0
          0
        255
        255
        100
          0
        163
          0
        195
        133
         45
        208
        255
        163
        255
        255
          0
          0
        240
          0
          0
         87
          0
          0
         94
        211
         43
          0
          0
          0
          0
          0
          0
         57
          0
          0
         88
          2
        255
         67
        255
          0
          0
         66
          0
        160
        124
         46
          0
          0
          0
         92
          0
         40
        205
          0
        127
          0
        121
         99
        101
        183
        110
          0
          0
        141
        255
        132
         19
          0
          0
        255
          0
        130
          0
         58
          0
         81
        210
        236
        238
          1
         20
          0
          0
        192
          0
          0
        156
         44
          3
        178
        203
         84
          0
          0
          0
        154
          0
        255
          0
          0
        116
         30
        255
        115
         47
        121
          0
          0
         19
         99
        213
        100
          0
        248
          0
          0
        229
          0
          0
          0
          0
        246
          0
          5
         44
          0
          0
         55
        147
          0
        150
         16
        199
         86
          0
         56
          0
        108
        159
        198
        255
         93
          0
         62
        255
          0
        185
          0
        217
         52
          0
        160
         23
         86
        166
          0
          0
        117
        242
        255
        255
          0
        255
         86
        194
         63
          0
        171
          0
          2
        167
         88
        153
         31
        127
          0
        255
          0
        242
         76
         77
          0
        156
         56
         52
        112
          0
         75
         78
          0
          0
         25
          0
         66
          0
          0
        255
          0
        246
        157
          0
          0
          0
         17
          0
        218
         92
          2
         83
          0
          0
          0
        147
          0
          0
          0
         43
          0
          0
        107
        193
          0
          0
          0
        189
          0
        221
          0
         47
        255
          0
         64
         63
        138
          0
          0
         39
        241
         90
         96
        255
         86
          0
          0
          0
        154
         30
         17
         45
         35
        110
        120
          0
          0
          0
        137
          0
         76
         84
          0
        117
          0
        255
         81
        255
        124
          0
        141
        151
        255
         28
         29
          0
         71
         79
        198
        211
         42
        111
        137
         43
          0
          0
        100
          0
        166
          0
          0
        255
          0
        231
          0
        150
        196
          0
         71
          0
        110
          0
          0
          6
         89
         43
          0
          0
        255
          0
        133
        237
        205
        229
          0
         44
        230
        103
         65
          0
         91
          0
          0
        187
        155
         11
          0
        255
          0
          0
          0
        255
        118
          0
        240
          0
         61
          0
        159
          0
         51
         47
         11
          0
         29
        138
        132
         62
         40
         63
          0
         74
          0
        232
          0
          0
          0
          0
         22
         41
        255
          0
        115
        134
          8
         64
          0
         63
          0
          0
         61
          0
        221
          0
         64
          0
          0
        213
        101
          0
         47
          0
        103
          0
          0
          0
          0
         76
          0
        160
          0
        255
        127
        169
        164
        179
         32
          0
        172
          0
        112
        211
         74
          0
          8
        255
          0
          0
          0
        137
         39
        122
        154
          0
         97
        109
          0
          0
        136
        126
          0
        214
          0
        165
        106
        255
        136
        255
        100
         18
        194
          0
        231
        232
        120
          0
          0
          0
          0
          0
         61
        244
          0
         27
         46
         34
        165
          0
          0
          0
          0
          0
        227
        138
         96
        239
          0
        255
          0
         92
        178
        178
        156
        131
        142
          0
         37
        255
        123
          0
          0
        236
          0
         94
          0
         28
         27
          0
        172
          0
          0
          0
          0
          0
        175
         52
          0
        255
         98
        242
        111
          0
         60
          0
        253
         74
          6
          1
          0
        255
        125
         17
        139
        198
          0
         21
          0
         21
          0
        118
        134
          0
          0
          0
         33
         39
          0
        255
          0
          0
          0
         95
        106
          0
          0
          0
          0
          0
         46
        150
          0
          0
          0
          0
          0
          0
        113
         46
         64
          0
        253
        134
        171
          0
          0
          0
        228
        255
         26
          7
        155
        255
          3
          0
          0
          0
          0
          0
        167
        243
         95
        149
          0
          0
         45
          0
          0
        220
         43
          0
          0
          0
         71
         60
        114
          0
          0
          0
         24
          0
          0
        110
          0
          0
         11
          0
         41
          0
        104
          0
          0
          0
        150
        105
         30
          0
          0
        255
          0
          0
        111
        101
          0
          0
          0
          0
        103
          0
          0
        255
        160
        192
          0
        119
          0
        112
          0
        205
        169
          0
          0
        247
        163
          0
        255
          0
         62
        151
         36
          0
         37
          0
         93
        217
         88
        168
          0
         41
         39
         91
          0
          0
         93
        255
        255
         94
         10
        255
        255
        195
          0
        109
          6
        184
         89
        219
        255
        241
         33
          0
          0
          0
          0
        173
          0
        154
          0
          0
        187
         87
        157
          0
          0
        255
        165
        255
          0
        219
          0
        209
        235
        149
        120
          0
        141
         43
        189
         72
        243
        150
          0
        255
          0
        255
        158
        101
          0
        197
        113
         75
        113
        105
        122
          0
          0
          0
          0
        202
          0
        168
         19
        215
          0
         65
        133
          0
        215
          0
          0
        136
          0
         57
          2
         89
          0
        255
        255
        205
        125
          0
          0
         51
         16
         32
          0
         46
          0
          0
         72
         30
        255
        158
          0
         48
         45
          0
          3
          0
        142
         27
        222
        154
        255
        174
         38
          0
         78
         51
        143
         64
          0
        238
          0
         61
          0
        141
        215
        125
         46
        227
         78
          0
          0
        135
         62
        255
          0
          0
          0
          0
        166
         88
         60
          0
         93
         79
         42
        255
        255
        255
          0
         30
          0
          8
         60
         62
          0
          0
        146
        224
          0
         38
          0
        129
          0
        255
          0
        181
         53
          0
        133
          1
        198
        183
          0
        163
        255
          0
          0
          0
          0
          0
         32
          0
        255
        147
         30
          0
        101
         64
         57
         40
          0
          0
          0
        255
          0
         79
          3
        196
          0
          0
          0
          0
          0
        105
          0
         10
          0
        132
        161
         50
        125
          0
         12
          0
          0
        165
        191
          0
          0
         89
        194
          0
          2
        216
        164
        240
        255
          0
          0
        255
        255
          0
         67
        150
          0
        103
          0
         59
        165
        206
          0
         61
        175
         72
          0
        204
          0
        255
        230
        137
         15
          0
        107
          0
         10
          0
         42
          0
          0
        107
          4
        255
          0
          0
         77
          0
         73
         96
         62
          0
         24
        221
        104
          0
          0
        255
          0
        227
          0
          0
          0
          0
        104
          3
         49
          0
        134
          0
         62
          0
          0
        180
          0
        238
         49
        255
         43
          0
         19
         29
          0
          0
          0
          0
        143
         29
         41
          0
        148
        180
          0
         48
          0
          0
          0
         28
         70
         99
        123
          0
         81
        255
          0
          0
          0
         33
        232
        224
          0
        255
        136
        138
        238
        214
        103
        190
         76
        255
         66
        217
          0
        141
          0
        104
         41
         60
         21
         21
        177
          0
          0
          0
        171
        128
          0
        102
         39
        255
        255
        162
        104
        255
         76
        215
          0
         30
        183
        173
          0
          0
          0
        255
        126
          0
         55
          0
          0
         18
          0
          0
        218
         44
          0
          0
         82
          0
          0
        208
          8
        255
         34
        138
         24
         31
        118
        243
          3
        201
         62
          0
        115
          0
         63
        251
         52
          0
          0
         50
        136
         15
         56
          0
        137
        255
         26
          0
         81
          0
         86
        120
        128
        255
         21
        166
         25
          6
         13
        215
          0
        149
        255
          0
          0
        255
         67
        255
         98
        240
          0
        175
          0
         47
         21
        114
         98
          0
         21
         54
          0
        255
          0
        104
         20
        255
        132
        255
          0
          0
        121
         65
        154
        138
         96
         68
        170
          0
          0
        255
        109
          0
          0
         23
        132
          0
        116
          0
         36
        255
         25
          0
         31
         34
          0
          0
         80
          0
          0
        110
         48
         89
          0
         84
          0
          0
         63
        142
        136
        255
        153
          0
         24
        203
        158
          0
          0
          0
          0
          0
        110
        255
        171
          0
         12
        255
          0
        255
         17
        255
        164
        198
          0
          0
        142
        255
         10
        209
          0
         67
         93
        200
          0
        255
          0
        121
          0
         12
          0
          6
        136
          0
          9
        214
          0
          0
         25
          0
        155
        209
          0
        255
        255
        255
          0
        202
         98
          0
        204
        247
          0
        162
        121
          0
        208
          0
         95
        128
        128
        241
        168
         72
         73
          0
         32
        255
          0
          0
          0
         47
          0
        208
          0
        255
          0
        255
          0
        225
         34
        255
          0
        166
        178
        196
         82
        103
          0
          0
          0
         22
          0
         41
          0
         86
        139
          0
          0
          0
          0
          0
        105
        255
        222
          0
         28
         24
          0
          0
         43
        255
          0
        225
          0
        219
        255
        145
          0
          0
        158
          0
          0
         74
        151
          0
          0
         54
          8
          0
         63
          0
          0
          0
        162
        255
          0
        131
          0
        255
          0
        222
          0
        215
          0
        161
        211
        226
        220
        131
         72
          0
         65
        255
          0
          2
          0
        170
         48
        122
        141
         75
         53
          0
          0
          0
          0
        121
        255
        207
          0
        255
        145
          0
          5
        175
          0
        130
          0
        240
         29
        242
         94
          0
          0
        255
        162
        204
          0
         12
          0
         55
          0
        164
         53
          0
          0
          0
        106
          0
          0
        125
         79
        255
          0
          0
        174
        182
          0
        139
          0
        171
        131
          0
        172
        199
        255
          0
        146
        239
        140
        240
        169
         42
        255
          0
        216
          0
          0
        218
          0
          0
         60
          0
        144
        255
        244
          0
          0
          0
        255
        235
          0
          0
         92
        177
        103
        137
          0
          0
        141
         52
          0
        193
          0
        127
         71
          0
        214
          0
         55
          0
        255
        255
          0
          0
        111
        255
        161
          0
          0
          0
        179
          0
        120
        107
         57
        215
         17
          0
        174
        126
        255
        131
          0
        114
        168
          0
        103
        138
         77
        187
         82
          0
        209
         77
        255
        211
          0
        255
          0
        255
          0
          0
         51
          0
        162
        231
        203
        165
         97
        255
        132
        255
          0
        147
          0
         71
          0
          0
          0
        149
         66
         54
          0
          0
        160
          0
          0
         52
         31
          0
          2
        255
         21
        255
         16
        204
         87
        116
         10
          0
          0
          0
          0
          0
         98
        118
          0
        255
          0
        111
         47
          0
         95
        225
          0
          0
          0
        255
          0
          0
          0
         32
         89
        255
         47
          0
          0
        115
        175
        150
        210
        190
         12
         15
          7
          0
          0
        235
          0
          0
        227
        133
         92
        107
          0
        230
          0
          0
          0
          0
          0
        188
          0
        255
        255
         29
         94
          0
         18
        183
        198
        178
        128
        110
         15
          0
        190
        188
          0
        196
          0
        141
          0
          0
          0
         17
          0
        185
         16
        255
          0
        255
          0
        210
         98
          1
        213
        152
        131
          0
         32
          0
        249
          0
        203
         43
        120
          0
          0
          0
        206
        236
          0
        132
          0
        142
        126
          0
        125
         19
          0
          0
          0
          0
         13
        189
          0
        255
          0
          0
        138
          0
          0
          0
         93
        255
         51
          0
        102
        255
         81
          0
         25
          0
          0
        250
         89
         97
        119
         16
        101
          0
          0
          0
         32
        159
          0
        173
          0
         30
         39
          0
         95
          0
        180
          0
        249
          0
        184
         43
         12
        109
          0
        101
        255
        142
         71
         50
         69
         65
         20
          0
         91
        137
          0
          0
          0
          0
         16
        205
          0
          1
        154
          4
         19
        177
          0
        246
        168
          4
         58
         60
          0
          0
        186
        255
          0
        202
         85
        128
          0
         67
        192
          2
         42
          0
         55
        255
        109
        255
          0
        119
        110
        255
         48
          0
         89
          0
          0
        190
          0
        106
        113
        237
         43
        255
          0
         67
          0
        164
          0
        125
         20
         79
         81
         30
         34
        169
         51
         22
         77
        252
        255
        137
          0
        255
         19
          0
         85
          0
          0
        178
          0
          0
        255
          0
        101
         80
         97
          0
        255
          0
          0
        190
         28
        134
          0
         21
          0
          0
          0
        244
          0
        137
        255
        121
         12
        158
         42
        218
         55
          0
         34
        255
        171
        255
        134
        204
         84
          0
        121
         90
          7
         23
        230
          0
          0
         56
          0
         79
         10
          0
        255
          0
         81
          0
        255
        203
          0
        221
        154
        184
         56
          0
        203
          0
        248
         77
          0
          0
         10
        255
          0
          0
        158
        227
        111
          0
         57
         64
        211
          4
          0
          0
          0
          0
         46
        255
          0
        171
          0
          2
         16
          0
         35
          0
        255
        219
          0
          0
        121
          0
        159
        255
          0
          0
         85
        160
          0
         22
          0
         88
          0
          0
          2
         57
        161
          0
          7
          0
          0
        195
         60
        255
        155
        255
         73
          0
        205
         30
          0
        251
        255
         82
         87
          0
        255
        255
          0
          0
          0
        164
          3
         69
        181
        144
        194
          0
          0
          0
          0
        255
          0
          0
          0
        255
        255
          0
         41
        162
          0
         67
          0
        161
          0
        105
         46
        221
          0
          0
          0
         61
          0
         17
        255
          0
        219
         17
          0
         67
          2
          0
        255
          0
          0
         14
          0
        220
         70
          0
          0
          0
         15
        186
        233
        252
          0
        130
          0
          0
          0
          0
         83
          0
          0
        182
          0
         94
        246
          0
          0
          0
          0
          0
         65
        203
          0
         72
         29
        255
          0
        251
         97
        255
        177
          0
        235
          0
         21
         33
        170
          0
        197
         82
        212
        210
          0
          0
        211
         51
          0
          0
          0
        255
          0
          0
          0
        213
          0
        214
          0
        105
          0
        218
        124
        156
        115
        255
        215
         76
        129
        178
          7
        100
        110
        255
         77
          0
         16
        124
          0
          0
          0
          5
        159
          0
         70
          0
          0
        179
        255
        129
          0
        142
        107
        255
          0
        116
          0
        201
        246
          0
        125
          0
        174
          0
         21
          0
          0
          0
          0
         44
         84
          0
        138
         37
          0
         44
         37
          0
         97
        255
          0
          8
          0
        255
        151
        100
          0
         31
          0
        149
        164
        214
        255
          0
         70
          0
          1
          0
        163
        166
          0
         97
          0
         67
          0
          0
          0
        255
        255
          0
        157
        255
          0
          0
         48
          0
          0
          0
         98
          0
          0
        231
          0
          0
        112
         49
        133
        181
          0
        255
        108
          0
          0
         76
         33
        108
        141
          2
        127
        168
          0
          0
        255
          0
        255
         57
          0
        112
          0
          0
         81
        255
         56
        254
          0
        225
        255
         14
          1
          0
        163
        255
          0
          0
        229
        206
        164
        146
         26
        125
        149
        155
          0
          0
         70
         89
         84
          0
        115
        242
        229
          0
         60
         23
         49
        176
        248
         47
          0
        115
          0
          0
          0
          0
          0
        195
          0
          0
          0
        159
          0
        242
        137
        126
          0
          0
          0
        255
        123
          0
          0
        255
        255
          0
        115
          0
          0
          8
        174
        121
          0
        167
          0
        255
        255
          0
        255
        219
          0
          0
          0
        166
         72
        107
        149
        166
         94
          0
          0
        255
          0
        222
         77
        255
        255
          0
          0
        255
        232
         65
        143
        108
          0
          0
          8
          0
          0
          0
          0
        102
        116
        255
         71
        111
        100
          0
        184
          0
        215
         10
        108
          0
          0
          3
          0
          0
        241
          0
         31
        156
         91
        232
          0
        255
        255
        121
         44
         93
        255
        255
          0
          0
          0
        255
         24
         73
        244
        139
         68
        153
        184
          0
        168
         59
          0
        255
          0
        255
         86
        129
         28
          0
          0
        249
        130
          0
        176
        133
        120
         35
          0
        255
        189
          0
          0
        129
          0
        100
          0
          0
        214
          0
          0
          0
        121
        255
          0
          0
         90
         22
         73
        192
          0
          0
          0
        255
        206
         15
        221
        110
          0
          0
          0
          0
        161
          0
          0
         63
        108
         51
        248
          0
        108
        143
          0
          0
         89
          0
          0
          0
          0
        255
         60
        255
          0
        164
          0
          0
        153
         30
         95
        142
         74
          0
          0
         20
         98
         26
         43
         61
          0
          0
         47
          0
         34
          0
          0
          0
          0
        255
         89
         22
          0
         91
        227
        179
         78
        119
          0
        137
        253
        103
        196
        112
          0
          0
          0
         69
         19
         21
          4
        246
        126
         80
          0
        158
        183
        104
         12
          0
        114
        122
          0
          0
         56
        255
          0
          0
          0
        196
        141
          7
          0
        117
        122
         87
        102
          0
        120
          0
        136
        219
          0
         36
        120
        114
          0
          3
        201
          0
          7
          0
         61
        255
         29
        180
          0
        255
        255
          0
          0
          0
        161
         64
        206
         23
        255
        222
         67
        149
         48
          0
          0
        204
          0
          0
          0
         41
          0
          0
          0
          0
          0
          0
          0
          0
          0
        255
          0
        255
         56
          0
         22
          0
         10
         10
        189
        135
        255
        198
        144
        123
         63
        255
          0
        169
        152
        150
        119
        164
        129
          0
        179
         48
          0
          0
         55
        255
        232
        137
          0
          0
          0
        209
          0
          0
         50
         88
        113
         22
          0
        122
          0
          0
          0
          0
        216
         19
          0
          0
          0
         55
          0
          0
        163
        124
        217
          0
        255
        172
          0
        101
         11
         63
          0
        236
          0
          0
        123
        160
        216
        109
        141
          0
         39
        255
        232
          0
        255
         97
          0
        212
          4
          0
        151
          0
        128
          0
        137
        255
        167
        255
        169
         82
         57
        255
        215
        212
          0
          0
        132
          0
        154
         78
          0
         98
         57
         68
          0
         27
          0
        151
         67
          0
          0
        157
          0
        241
        203
          0
          0
          0
        255
          0
          0
          0
          0
        255
        255
          0
         28
          0
        155
          0
          0
        255
        130
        136
          0
          0
        105
          0
          0
         65
          0
          0
        156
         13
        131
          0
          0
        114
        255
          0
        158
          0
          0
         12
          0
          0
         56
        234
        148
          0
        119
        117
        234
        218
         74
        126
         25
        255
        201
        205
          0
        220
          0
         38
         91
        153
          0
          0
          0
         76
         57
          0
          0
        255
          0
        186
         23
         89
          0
        171
         75
        242
          0
        174
          0
         32
        229
         47
         17
          0
          0
          0
        255
        230
         65
         73
          0
          0
         86
         43
        140
        255
          7
          0
         47
          0
          0
          0
          0
        255
          0
        255
         69
          0
        126
        228
          0
         81
        238
          0
        116
          0
        134
          0
         89
        155
          0
         79
          0
        157
          0
          0
        150
          4
        234
        255
        121
        100
          0
        172
          0
         52
        119
          0
          0
          0
          0
        246
        237
        116
        137
        162
        112
          3
        255
         39
        107
          0
        173
         88
        111
        104
          0
          0
        108
          0
          0
          0
        141
        255
          0
        200
         27
        104
        255
          0
         64
          0
          0
        139
        173
          0
         76
          0
         23
        255
          0
          0
          0
          9
          0
        194
          0
         65
         35
          6
        152
          0
        187
        218
        232
          0
          0
        101
         30
        255
        135
        139
        104
          0
          0
        255
        239
          0
        200
        146
          3
          0
          0
         80
          0
          0
          0
         42
          0
        128
          0
         38
        218
        171
        244
          0
          0
        255
        255
          0
          0
          0
          0
        147
        140
          0
        173
          0
        208
          0
        125
        127
         20
          0
          0
        185
          0
         41
        126
         83
         32
         88
         69
         98
          0
          0
        148
          0
         42
          0
          0
        234
          0
        253
        120
        167
         93
          0
         74
          0
        199
         52
        213
         26
          0
        121
          0
          0
          0
          0
        165
        133
         31
          0
         83
         90
         56
          0
          0
        229
        152
        255
          0
        156
          0
        232
          0
        191
         96
          0
         62
        194
        109
        184
        133
          0
         71
          0
          0
          0
        255
          0
          6
         88
         91
          0
         51
          0
        219
          0
          0
          0
         73
        255
        255
          0
          7
        255
        242
        255
        123
          0
        132
         37
          0
        147
          0
        124
          0
          0
        160
        255
          0
        179
          0
        255
        109
          0
         88
          0
          0
          0
          0
          0
          0
          0
          0
         42
          0
         71
        255
        223
         70
          0
          0
         61
        154
        102
          0
        180
         82
          0
         48
          0
         39
        122
          0
         68
          0
         73
          0
          0
        199
          0
        255
          0
        116
        255
        255
          0
         65
        255
         71
          0
         22
        194
          0
        255
          0
        147
        255
        132
          0
         57
        255
        255
          0
        183
          0
        245
        117
         98
         15
          0
          0
        255
        142
          0
        175
        255
          0
          0
          0
        152
        204
        143
         35
        250
         31
          0
        247
        172
        115
        122
         58
         88
          0
        255
         40
          0
          0
         60
          0
         81
        171
         61
        189
        101
         81
          0
         62
         81
          0
          0
         46
        255
          8
        255
         84
         44
        167
          0
          0
          0
         91
         85
         65
          0
         79
        138
         76
          0
          0
          0
         30
         50
         68
        190
          0
        184
          0
          0
         56
          0
          0
          0
          0
        116
        255
        186
          0
        129
         44
          0
          0
         88
        255
          0
          0
        255
         29
          0
          0
          0
          0
         12
          0
         98
          0
          0
        186
          0
        188
          0
          0
          0
        255
        243
        132
        211
        206
          0
        109
        191
          0
        255
          0
        158
          0
          0
          0
          0
         37
        206
        234
          0
          0
        134
         59
         43
        242
          0
        125
          0
        118
          0
          0
        255
          0
          0
        109
          0
        255
        255
          0
          0
        188
          0
        160
        245
          0
        186
         95
        186
        255
          0
        152
        135
          0
        104
         98
         19
          0
         90
        192
          0
          0
          0
          0
          0
          0
          0
          0
         82
        101
        231
          2
        140
         76
          0
          0
        206
        238
         40
        124
         18
          0
          0
          0
        223
          0
        114
          0
         60
         62
          0
        182
        224
          0
          0
        238
        255
        255
        193
          0
        251
          0
        255
         67
        152
        149
        242
        152
        120
          0
         17
         65
          0
          0
        255
          0
        177
         78
        224
          0
        144
         10
          0
        175
        216
          0
          0
        235
        255
          0
        255
        120
         36
         95
        255
         79
          0
        168
        217
        113
        119
         38
         76
         19
          0
         53
         87
          0
         57
         90
          3
          0
        144
         39
          0
         91
          0
         52
          0
        147
        255
          0
        183
         36
        234
        147
          0
         54
          0
        217
          0
        244
        190
          0
         84
         59
          0
          4
        208
        169
        199
        207
        226
        228
         53
         27
        120
        176
          0
          0
        237
          0
        146
          0
          0
          0
        181
         44
        101
         21
        126
        149
        156
        230
        234
        112
        145
          4
          0
        170
        221
         85
        219
          0
        255
          0
        126
        215
         25
          0
          0
          0
          0
          0
        197
          0
         90
          0
        255
          0
        213
        135
          0
          0
          0
          0
          0
        176
          0
        120
        255
        161
          0
        191
          0
        149
        204
         51
        137
         91
         62
        180
        157
         70
          0
         33
        255
          0
        172
        130
        193
        255
        255
        127
          7
          0
        132
          0
          0
        255
          0
          0
        123
        255
          0
          4
        225
         51
         97
         14
        104
        176
          0
         64
        107
          0
        255
        193
          0
          0
        255
          0
        180
        167
        255
         46
        255
        115
        255
        175
        130
          0
         97
        128
          0
          0
        255
          0
         26
        183
          9
        204
         97
          4
          0
        205
          0
          0
          0
          0
        207
          0
          0
          0
        255
        255
        255
         65
          0
         41
          0
        198
        250
        149
          0
        158
          0
        178
          0
          0
        217
          0
         29
          0
         21
        251
         69
          0
          0
          0
          0
         38
        255
          0
        217
         11
         76
        131
        123
         54
        255
        204
          0
          0
        179
          0
          0
         90
          0
          0
          0
          0
          0
          0
          0
         55
          0
         85
          0
        216
          0
          0
          0
          0
          4
          0
        232
          0
        255
        118
          0
         89
        109
         33
          0
        114
        161
         75
         43
         92
          0
         76
          0
        139
          0
          0
          8
          0
          0
        202
          0
        156
          0
          0
          0
          0
        255
          0
         64
        107
         31
        255
        251
          0
        244
         49
          0
         57
         39
        141
         34
        137
          0
          0
          0
          0
          0
         21
         84
        184
          0
          0
          0
         78
        183
          0
          0
          3
          0
         79
         61
          0
        255
        255
        255
          0
        255
          0
          0
         19
          0
         96
          0
          0
          0
        134
        177
          0
         91
          0
          8
          0
          0
        255
          4
          0
        255
          0
          0
          0
        255
          0
        198
          0
          0
        208
        198
          0
         34
          0
          0
         81
        255
        255
          3
          0
          0
         97
        255
        197
         87
         28
          0
          0
          0
         38
         34
        195
          0
          0
          0
          0
        218
          0
        190
         24
         31
         42
        184
          2
        153
        100
          0
        134
        224
        255
         65
        183
        255
          0
          0
         23
          0
        122
        189
          7
        137
         76
         42
        174
          0
          0
          0
          0
        113
          0
          0
         40
        255
        198
        235
         34
        180
          0
          0
          0
        200
        111
        213
        108
          0
        129
          0
         31
          0
          2
         27
          0
         94
        156
         39
        167
        255
          0
          0
          0
        255
         41
        100
          0
        255
        168
        255
        123
        123
          0
          0
        236
        240
         86
         30
          0
          0
        126
         82
        196
          0
         55
        139
          0
        109
        127
          0
          0
          6
          0
          0
         15
        255
          0
        105
         65
        113
         51
          0
        125
        255
        241
          0
         78
         93
        252
         13
          4
        255
          0
          0
          0
          0
          0
        101
         99
          0
        255
          0
        159
        255
          0
          0
          0
        147
        255
        199
          0
        255
         52
        245
          0
          0
        112
          0
         70
        242
        255
          0
          0
          0
          0
         14
          0
         64
          0
         42
          0
          0
         90
          0
        216
        255
        218
          0
          0
          0
          0
         76
          0
        186
        193
        255
        124
        255
         89
          0
         91
         80
        255
          0
         98
        255
        247
         45
        136
          3
          0
          0
        104
        140
         32
          7
        131
        255
          0
          0
          0
        250
        255
         85
          0
        255
          0
        247
          0
        255
          0
          0
        106
          0
        255
          0
        149
          0
          0
          0
         97
         50
          0
         34
          0
         95
        255
        186
          0
        255
          0
          0
          0
        255
          0
        205
         80
        255
         82
          0
         34
        255
        212
          0
          0
        185
         79
         79
         96
          0
        244
        102
          0
          1
        137
          0
          0
        140
         49
         50
        183
        108
        255
          0
          0
          0
          0
         96
          0
        189
         99
          0
         75
          0
        236
          0
        139
          0
        255
         75
         73
          0
          0
          0
        255
          0
         71
          0
        114
          0
         54
          0
        162
        255
          0
          0
          0
        255
          0
        198
          0
        255
        255
          0
          0
         65
         96
          0
          8
        218
        202
        137
         41
          0
        255
         95
        255
         27
         80
        125
          0
          0
         50
         63
          0
        101
          0
          0
          0
        255
          0
