         19
         48
         99
        249
          0
          0
        222
          0
          0
         80
          0
          0
          0
          0
         28
          0
          0
          0
          0
        158
        109
          0
        180
          0
          5
          0
          0
          0
          0
          3
          0
        111
          0
          0
          0
         14
         64
          0
          0
          0
          0
          0
          0
         97
          0
          0
        131
          3
         31
          0
          0
          0
          0
          0
          0
         50
         68
        107
          0
          0
         74
          0
          0
          0
        113
          0
        110
          0
         57
          0
        145
         84
        235
          0
          0
        156
          1
         58
          1
          0
         15
          8
         50
          0
         33
          0
        255
        127
          4
        110
          0
          0
          0
          0
         91
        158
          0
          0
          0
          0
        191
          0
         11
          0
         74
          0
          0
          0
        255
        156
          0
          0
         41
          0
          0
          0
         44
         68
        255
        159
        162
          0
         33
        169
          0
          0
          0
        140
          0
          0
          0
        169
        180
          0
        170
         54
          0
          0
          0
          0
          0
          9
        104
          0
          0
        235
          0
        126
         27
          0
        255
        255
          0
          0
          0
          7
        140
          0
          0
         28
         22
          0
          0
          0
        113
         68
        228
         72
          0
          0
        255
          0
          0
        255
          0
          0
          0
          0
         94
          0
         16
          0
          0
        255
        188
          0
          0
          0
          2
          0
          0
          0
         48
          0
        153
          0
          0
          0
        159
          0
        215
          0
          0
        155
        255
          0
         97
        201
          0
        255
          0
          0
          0
         45
        255
        243
          0
         52
          0
        205
          0
          2
          0
          0
         30
         28
          0
         36
          0
          0
         91
         76
          0
          0
        217
         99
        255
        123
          0
        255
          0
          0
        137
          0
          0
         72
        200
          0
          0
         87
          0
          5
          0
          0
          0
          5
          0
          0
          0
        236
          0
          0
        197
          0
          0
          0
          0
          0
          0
        218
        172
          0
        136
          0
          0
        110
          0
          0
        255
          0
          0
        127
          0
        217
          0
         11
          0
          0
         31
         46
          0
         21
         80
          0
        227
          0
          0
          0
        251
        140
          0
        236
         30
          0
        167
        255
        103
          0
          0
          0
        255
         59
         36
         48
          0
          0
         49
          0
          0
          0
         24
         11
         58
          0
          0
          0
        204
         76
          0
        131
        183
          0
          0
          0
          0
          0
          0
          0
          0
          0
          0
          0
          0
          0
          0
         70
        137
        187
          8
          0
          0
          0
         59
         38
          0
          0
        153
          0
         48
         54
        217
         32
          0
        115
          0
          0
          0
        232
        124
        255
          0
        255
          0
          0
        255
          0
          1
        138
          0
         90
          0
          0
          0
          0
         26
          0
          0
          0
        199
          0
          0
         32
          0
          0
          0
        163
        255
        176
        183
         69
        120
          0
          0
        255
        133
          0
        200
        255
          0
         23
        213
        229
          0
          0
          0
         27
          0
         15
          0
         66
        106
          0
          0
         75
          0
          0
          0
          0
        255
          9
         93
          0
        167
          0
         92
         16
         46
          0
          0
          0
          0
          7
        159
          0
          0
         99
         21
          0
          0
          0
        161
          0
        238
          0
          0
        115
          0
          0
          0
          0
        255
        144
          0
          0
         92
        137
          0
         76
         95
         69
        255
          0
          0
          0
         49
          0
          0
         65
          0
          0
          0
          0
          0
        118
         92
         22
         48
          0
         54
          0
        205
          0
        255
        124
          0
         29
          0
          0
          0
          0
          0
          0
        255
          0
        104
          1
          0
          0
          0
          0
          0
          0
