          0
          0
        255
        131
        191
          0
          0
        255
          0
         52
          0
         25
          0
          0
        187
         17
          0
          0
        115
         95
          0
          0
        131
          0
        255
          0
          0
          0
         17
          0
         47
          0
        207
          0
          0
          0
          0
          0
          0
        255
          0
          0
          0
        138
          0
          0
          0
        129
          0
          0
          0
         45
          0
         31
        255
        155
        255
          0
          0
          8
        255
        191
          0
          0
          0
          0
        148
          0
          0
          0
          0
        255
          0
          0
          0
        193
          0
          0
          0
          0
          0
          0
         78
          0
          0
        181
        255
          0
        255
          0
          0
          0
         99
        236
         18
        255
          0
          0
        255
          0
          0
          0
          0
          0
          0
          0
         22
        221
        162
          0
        195
        147
          0
          0
         47
          0
          0
          0
        255
          0
        255
        124
         90
        180
         33
        255
          0
          0
          0
         82
        143
          0
        255
          0
          0
        255
          0
        214
          0
        103
        155
         63
          0
          0
        168
        255
          0
        118
          0
        177
        211
          0
        255
          0
          0
          0
        255
        255
        116
          0
        149
        173
        142
          0
          0
          0
         55
        255
          0
        211
          0
        208
         65
          0
          0
          0
        199
          0
          0
         32
          0
          0
         13
        177
          0
          0
          0
          0
        224
          0
          0
          0
          0
          0
          0
          0
          0
          0
          0
          0
          0
          0
          0
        255
          0
        137
          0
          0
        163
          0
        106
        104
          0
        105
          0
         63
          0
          0
          0
          0
        235
        234
         24
          0
          0
         10
          0
          0
        255
         52
        109
        151
          0
         73
        118
        181
          0
          0
          0
          0
          0
        101
        171
        127
        199
          0
          0
        146
        255
          0
          0
          0
        212
         86
          0
          0
          0
          0
        255
          0
         69
          0
          0
          0
          0
        255
          0
         13
          0
          0
        217
         37
          0
          0
          0
          0
          0
          0
        255
        109
          0
         53
        178
          0
         66
        255
          0
         98
          0
         76
        207
          0
        255
          0
          0
          0
         58
        167
        255
          0
         54
        101
         71
          0
          0
          0
          0
        238
          0
         87
        255
         46
          0
        143
          0
          0
         29
        255
          0
          0
         58
        111
        111
        106
          0
          0
          0
          0
          0
          0
          0
          0
          0
         68
          0
          0
        120
          0
          0
        172
          0
         19
          0
         69
          0
         49
         94
        158
          0
        192
          0
        174
        255
         47
        255
          0
          0
          0
          0
        255
         24
        235
          0
          0
          0
         32
          9
        170
          0
          0
          0
        134
          0
          0
          0
        127
          0
         70
          1
          0
          0
          0
        121
          0
          0
          0
        121
        177
          0
          0
          0
        255
          0
          0
          0
          0
          0
         44
          0
          0
          7
          0
          0
          0
          0
          0
          0
        108
          0
         44
          0
          0
          0
        255
         51
         98
        164
          0
          0
          0
          0
          0
         23
        255
          0
          0
          0
          0
          0
         21
          0
          0
         62
          0
          0
          0
          0
        255
          0
         66
          0
          0
          0
         96
          0
          0
         28
          0
          0
          0
        225
          0
        255
         10
          0
        105
          8
          0
        255
          0
          0
         78
         72
          0
          0
          0
         65
        211
         52
        255
        208
         93
          0
          0
        108
          0
          0
        255
         48
          0
          0
         63
          0
          0
        255
        100
         29
        137
        120
        167
          0
        255
          0
         60
          0
          0
          8
        157
        127
          0
          0
        255
          0
         72
          0
          0
          0
        229
          0
         54
        125
          0
          0
          0
          0
        254
          0
          0
          0
        255
          0
          0
          0
         45
         39
          0
          0
        172
        255
         22
          0
          0
        185
        255
        255
        111
        255
          0
          6
          0
          0
          0
         46
        165
        147
          0
        255
          0
          0
          0
         24
        255
          0
          0
        255
          0
         39
         84
          0
          0
          0
          0
          0
        114
          0
          0
          0
          2
          0
        112
          0
         94
         98
          0
          0
          0
          0
          0
        255
          0
          0
          0
          0
         74
          0
          0
          0
          0
          0
        111
        148
         96
          0
          0
          0
          0
          0
          0
        255
         77
         47
         33
         67
        104
         68
          0
          0
         11
          0
          0
        214
         60
        255
          0
          0
          0
          0
         22
          0
        255
         57
         54
        138
         32
          0
        255
        255
          0
          0
        255
        255
        140
        159
          0
         46
          0
         72
          0
        173
          0
          0
          0
          0
          0
          0
          0
          0
        255
        116
          0
         82
          0
        102
        119
          0
         23
          0
          0
        133
          0
          0
          0
        255
        137
          0
        172
         95
        202
          0
          0
        183
        255
        105
          0
        255
         88
        255
          0
          0
          0
          0
        193
          0
          0
          0
         22
         43
          8
          0
          0
        255
          0
         62
          0
          0
        121
          0
        140
          0
          0
          0
          0
        184
         77
         28
         89
          0
        232
          0
          0
          0
        101
          0
         80
          0
          0
          0
         69
        194
         91
          0
          0
        133
        250
          0
          0
        255
         23
          0
        161
         50
         43
          0
        255
          0
          0
          0
          0
          0
          0
        192
          0
         43
          0
          0
         27
          0
          0
         27
         72
          0
         77
          0
          0
        109
         94
          0
          0
          0
         45
          0
        121
          0
          0
         91
        145
          0
          0
         73
        129
        255
        103
         47
          0
          0
          0
          0
        168
        255
         64
          0
          0
         73
          0
          0
          0
          0
         61
          0
        255
          0
        114
        255
          6
        102
         72
          0
        255
        158
         22
          0
          0
        255
        136
          0
        210
         29
          0
        131
         95
          0
          0
          0
         98
         37
         18
          0
        179
        255
        155
          0
          0
        255
          0
          0
        147
         12
          0
          0
          0
          0
          0
        192
          4
         72
        181
        255
          0
          0
        255
          0
        113
          0
          0
         43
         66
         64
          0
        255
          0
          0
         30
          0
        255
        255
          0
          0
          0
          0
         60
          0
        255
        131
         82
          0
          0
          0
          0
          0
          0
          0
          0
          0
        141
          0
        255
        114
        103
          0
          0
          0
          0
          0
          0
          0
        255
        238
         84
        255
          0
          0
          0
          0
          0
          0
          0
        168
         87
        121
        204
        255
          0
          0
          0
          0
        106
          0
        201
         50
          0
          0
          0
          0
          0
        134
          0
          0
          0
        255
         78
          0
         69
         57
          0
        125
          0
          0
        243
          0
          0
        128
        161
          0
         40
          0
          0
          0
          0
        255
          0
          0
         85
         77
          0
          0
          0
          0
        157
         88
        255
        255
        159
          0
          7
         76
          0
        255
          0
          0
          0
          0
         49
          0
          0
          0
          0
          4
          0
          0
        167
        255
          0
          0
         67
          0
        159
         22
          0
         15
         14
         26
          0
        192
        109
          0
        120
         86
          0
        253
        255
          0
        255
          0
         43
          2
        151
        173
         85
          0
          0
          0
          0
        255
          0
         62
        125
         65
         67
          3
          0
        192
        118
          0
          0
          0
         70
          0
        119
         40
          0
         93
        123
          0
          0
          0
          0
          0
        113
        149
          0
          0
          0
         41
          0
        158
        152
          0
        107
          0
          9
         24
        227
          0
         37
          0
          0
          0
        179
        255
        124
        118
          0
          0
        255
          0
        114
          0
         39
          0
          0
        255
          0
          0
          0
        114
        126
          0
          0
          0
         56
          0
         73
          0
          0
          0
        186
         52
          0
          0
         52
        255
        127
          0
         57
          0
          0
          0
        255
          0
          0
        122
         66
        195
          0
        105
          0
          0
        201
          0
          0
         65
         19
          0
          0
        159
          0
          0
          0
          0
          0
          0
         30
          0
          0
          0
          0
        255
        255
          0
        251
          0
          0
        255
          0
        255
          0
          0
        255
         20
         24
          0
          0
          0
         68
         72
         52
        100
        255
        255
          3
         40
          0
          0
          4
          0
         84
          0
          0
          0
          0
          0
          0
          0
          0
          0
          0
        255
          0
         14
          0
        129
          0
          0
        255
          0
         91
          0
          0
         64
        103
         44
        179
          0
          0
        255
         56
        255
         15
         45
         63
         12
          0
          0
          0
        206
          0
        238
          0
          0
          0
        113
          0
          0
        202
        255
          0
          0
         84
        115
        120
         70
          0
          0
        100
          0
          0
        255
        141
          0
         74
         63
         61
         91
          0
          0
          0
        196
          0
        176
        188
          0
          0
         89
         65
          0
         54
          0
          0
         62
          0
        167
          0
          0
          0
          0
          0
          0
          0
        255
        137
          0
         29
          0
          0
         84
          0
          0
          0
          0
          0
          0
        229
        255
        117
          0
        255
          0
          0
        255
          0
         96
        114
          0
          0
          0
        255
        207
          0
          0
          0
          0
        168
          0
         43
          0
         10
        255
         98
          0
          0
          0
          0
        255
          0
         48
          0
          0
          0
          0
         31
        255
        255
          0
        133
        174
          0
          0
         49
          0
          0
          0
        255
        255
        173
        255
         64
        188
          0
         65
          0
         26
          0
        255
          0
        199
          0
          0
          0
          0
        255
          0
          0
          0
          3
         89
         21
         47
        128
         55
          0
         26
          0
          0
          0
        255
         92
          0
         98
          0
        132
          0
        255
         62
          0
          0
          0
          0
          9
        255
        127
          7
        255
         89
        213
          0
          0
         27
          0
         99
          0
          0
          0
          0
          0
          0
          0
          0
         83
          0
         41
        161
          0
          0
          0
        103
          0
        237
          0
        255
         34
        255
          0
          0
          0
          0
          0
          0
          0
          0
          0
        215
         77
         19
          0
         93
          0
          0
          0
        255
         82
          0
        109
         43
        185
          0
          0
         23
          0
        255
          0
         93
         12
        255
          0
          0
          0
          0
        168
          0
          0
          0
          0
          0
        162
          0
         55
          0
        216
         57
          0
        255
         44
        255
        164
         19
        100
          0
          0
          0
          0
        255
          0
          0
         62
        255
          0
          9
          0
          0
         77
          0
          0
          0
         55
          0
         80
          0
          0
         72
          0
         92
          0
        255
         52
        255
        110
          0
         44
         11
          0
         17
          0
          0
          0
        255
        161
        255
         12
          0
        255
          0
          0
        237
          0
        137
         39
          0
         46
          0
          0
          0
          0
         77
          0
        255
         87
          0
          0
          0
          0
          0
          0
          0
          7
          0
          0
        156
          0
        255
        100
          0
          0
          0
          0
         50
          0
          0
         70
         70
          0
         12
          0
        150
          0
          0
          0
          0
        145
        255
         90
          0
        109
         58
         83
          0
          0
          0
         97
        146
          0
          0
          0
          0
        150
          0
          0
          0
        219
          0
        117
          0
          0
          0
         80
        255
          0
        186
          0
        255
        177
          0
          0
         15
          0
         40
          0
          0
          0
          0
         68
        255
        193
        255
          0
          0
          0
          0
        132
          0
          0
         40
         21
          0
          0
        156
        255
         20
          0
          0
        255
        255
         83
        255
          0
         26
        191
          0
        255
          0
          0
          0
         17
          0
        131
        255
          0
         17
         81
          0
          0
          0
          0
          0
          0
          0
          0
          0
        145
          0
          0
          0
          0
        255
         33
          0
          0
         59
          0
         29
          0
          0
         91
          0
          0
          0
        147
          0
          0
          0
          0
          0
         47
         81
          0
        150
          0
         20
        130
          0
          0
          0
          0
          4
        255
        255
         67
        255
          0
        110
         36
          0
          0
          0
         32
         30
          0
          0
          0
        255
          0
          0
          0
          0
        122
        159
          0
          0
          0
         41
          0
         33
          0
        177
          0
          0
        255
        255
         14
          0
          0
         66
          0
          0
          0
        182
         32
          0
        143
          0
          0
        255
          0
          0
          0
          0
         23
          0
          0
          0
         32
          0
        148
        245
          0
          0
        172
        159
          0
          0
         95
          0
        149
        187
        168
          0
        255
        116
        255
          0
         74
          0
         30
          0
          0
          0
        255
          0
         85
          0
          0
         37
        118
          0
          0
          0
          0
         23
          0
          0
          0
          0
        105
          0
        167
        169
          0
         38
          0
          0
        255
         37
          0
          0
          0
        255
          0
         22
          0
          0
          0
         50
          0
         90
        104
          0
         90
          0
        255
        102
          0
          0
          0
          0
          0
          0
          0
          0
          0
          0
        157
         24
          0
          0
         95
         68
        217
          0
          0
         36
        142
          0
          0
          0
        247
         16
          0
          0
         56
          0
          0
          0
        166
         43
        137
        255
          0
          0
          0
        143
        158
          0
        255
          0
        229
         65
         19
        110
        209
          0
          0
          0
          0
          0
        196
          0
          0
        106
        105
          0
          0
          0
          0
         38
          0
        163
        255
        255
          0
         26
          8
          0
          0
          0
        129
          0
        249
          0
        150
        255
          0
          0
          0
          0
        255
        108
          0
          0
          0
         40
         73
          0
        120
        247
         41
          0
          0
        170
          0
        255
          0
         52
         74
          0
        121
          0
        173
          0
          0
          0
          0
        255
          0
          0
          0
          0
        116
         22
          0
          0
          0
        116
         43
          0
        137
          0
          0
          0
         46
          0
          0
        144
          0
          0
        119
          0
         17
          0
        234
          0
          0
          0
        141
        255
          0
        255
          0
          0
        255
          0
        199
          0
          0
        179
         71
          0
         57
          0
          0
          0
          0
          0
          0
        196
          0
        255
         23
          0
          0
        255
        255
         56
        149
         25
          3
        255
          0
        255
          0
          0
          0
        102
          0
          0
          0
        153
         86
          0
          5
          0
         34
          0
          0
          0
          0
          0
        169
          0
          9
          0
          0
          0
        220
         59
        115
          0
          0
         93
          0
          0
          0
          0
         17
          0
         24
         42
          0
          0
        101
          0
         74
          0
          0
         41
        159
        209
        255
          0
          0
          0
          0
         56
         45
        255
        221
          0
        228
        164
         39
          0
        255
          0
          4
         20
        137
          0
          0
        142
        255
          0
        129
         74
          0
          0
        255
        134
          0
        107
        255
         52
          4
          0
          0
          0
        140
          0
          4
          0
          0
