        226
         39
        255
         99
         79
          0
          0
         64
        224
          0
        255
          0
         41
         37
          0
        144
        230
        113
          0
          0
          0
          0
          0
         96
        255
         12
        216
        117
        136
          0
          0
        134
          0
        147
          0
          0
          0
          0
          0
         88
          0
        130
        255
        151
        127
          0
          0
        112
         62
          0
          0
          7
          0
          0
          0
        140
        120
        117
        255
        151
          0
          0
          0
          0
          0
        164
          0
          0
         11
          0
          0
         77
        174
         65
        106
         10
        149
          0
          0
        118
        164
         44
          0
         30
          0
          0
          0
         61
        255
         91
          0
         92
        151
          0
          0
        148
        115
         41
          0
          2
        128
          0
          0
         72
          4
        108
        255
        144
          0
          0
          0
        160
        102
         75
        120
          0
          0
          0
          0
        134
          0
          0
        255
        107
          0
          0
          0
        130
        200
        161
        142
          2
          0
          0
          0
         35
          0
          9
          0
         58
        136
          0
          0
          0
        133
          0
         64
          0
          0
          0
          0
         57
        117
         28
        217
        155
        116
          0
          0
          0
          0
        138
          0
          0
          0
          0
          0
         56
        248
          0
          0
        162
          0
          0
          0
          0
          0
        133
         43
          0
          0
          0
          0
         83
          0
         11
          0
          3
        122
          0
          0
         17
        141
        121
         66
          9
         85
          0
          0
         55
         80
         88
          0
          0
         80
         53
          0
        103
        217
         40
          0
          6
          0
          0
          0
         78
        255
         84
         33
         39
          0
          0
          0
         97
         93
          0
        132
         14
         64
          0
          0
         91
          0
          0
          0
          0
         80
         50
          0
          0
        138
        199
        255
          0
         76
         16
          0
        132
        255
          0
          0
        109
          0
         22
          0
          0
          0
          0
        195
         28
         11
          0
         73
         16
          0
          0
          0
        101
          0
        154
          0
          0
        146
        115
          0
        141
          0
          0
         66
          0
        255
          0
          0
         71
          0
          0
          0
         96
         44
         48
          0
          0
          0
          0
          0
         77
          0
         29
        255
         10
         64
         82
          0
          0
          0
         53
          0
        157
          0
          0
        128
        128
          0
        107
          0
         17
        116
        127
          0
        149
        116
         20
          0
        107
          0
          0
         46
         34
        255
        106
          0
          0
         75
          0
          0
        146
         25
         12
          0
         51
          0
          0
         85
         21
          0
          2
          0
          0
         12
         56
          0
         31
          0
          0
          0
          0
        101
          0
        133
         71
        255
         58
        129
        140
         11
         26
          0
         74
          0
          3
          0
          0
          0
        118
         58
          0
        255
          0
        226
         72
         39
        143
          0
          0
        198
          0
          0
          0
        171
          0
        108
         35
          0
         37
        255
          1
          0
          0
          0
        101
        147
          0
          0
          0
         42
         27
          0
         16
          0
         71
          0
         22
          0
         88
          0
         55
          0
          0
        243
          0
          0
          0
        132
         36
        170
          0
        255
         50
          0
         91
          0
         65
        172
          0
          0
          0
          0
         73
         42
         26
          0
         34
        255
          0
          0
         29
          0
         77
        205
        175
          0
          0
         63
          0
        120
         83
        255
         44
        242
        130
         22
          0
          0
        110
         94
          0
          0
          0
          0
          0
        112
         66
         48
          0
          0
         17
         72
        116
          0
          0
        205
          0
        180
          0
          6
          0
        107
         77
        200
         51
          0
         68
          0
          0
          0
        125
        131
          0
        255
         58
         53
        171
          0
         41
          0
          0
         75
        128
        125
          0
          0
        121
         72
          0
        186
          0
          0
          0
        128
        132
        191
          0
          0
        154
        121
          0
          0
        137
          0
          0
        255
          0
          0
          0
         61
          0
          0
         80
        165
         32
          3
         77
          0
          0
          0
          0
          0
          0
          2
         46
          0
          0
          0
         85
          0
         57
         10
          0
          0
         33
        118
        188
        255
         79
          0
          0
         77
        115
        210
         61
        255
         58
         63
         45
          0
        156
        106
          0
          0
          0
          0
          0
          0
          0
        255
        129
        255
         75
          0
         42
          0
          0
         54
         13
        255
         80
          0
          0
         77
         89
        249
        122
          0
         95
         29
        175
          0
         35
        222
         43
        173
          0
         33
          0
        131
         44
         25
         36
          0
        120
         12
        184
          0
          0
        194
          0
         31
        153
          0
          0
          7
         17
        255
         84
          0
        149
          0
        187
          0
         51
          0
          0
          0
          0
          0
          0
         90
         37
        255
         28
          0
         92
          0
        112
          0
          0
          7
        147
         15
          0
          0
        124
        116
         39
        255
          0
        237
          0
        141
        130
          0
        110
         30
          0
        255
          0
         50
        237
         80
         73
          0
          0
        113
        106
          2
        116
          0
         48
          0
        176
         11
          2
        153
         91
         47
         54
        255
         39
        255
         71
         39
        140
          0
          0
          2
         39
         32
        130
         63
          0
         75
         64
        165
         32
          0
          0
          0
        240
          0
          0
          0
          0
          0
          0
          0
          0
          0
         71
          0
         73
          0
        156
          0
         97
          0
        146
         33
         67
          0
         50
          0
          0
          0
         85
          0
        111
        255
         79
          0
          0
          0
         31
         40
          0
          0
         79
        145
         77
          0
         36
         65
          0
        255
         59
          0
        212
          0
          0
          3
          0
        255
         99
         32
        164
        102
        140
        255
          0
          0
         77
          0
          0
          0
        103
        124
          0
          0
         15
          0
         41
          0
         92
          0
          0
        255
        154
          0
        127
          0
          0
          0
        131
         25
          0
          0
        103
          0
          0
        198
        109
         81
         24
          0
        188
          0
          0
        206
          0
         37
          0
        164
          0
         79
        109
          0
         47
          0
         58
         95
        154
          0
         99
        170
        181
          0
          0
         80
          0
          0
          0
        167
          0
          0
         79
         73
         16
          3
        151
        170
         51
        255
         12
          0
          0
          0
         77
          0
        105
          0
        157
          0
         98
          0
          0
          0
        123
          0
         66
          0
         56
         91
         28
          0
          0
        255
         77
         14
          0
          0
          0
        107
          0
          0
         67
        126
          1
          0
         17
          0
          0
          0
         78
          0
          0
          0
         74
          0
         45
          0
          0
          0
          0
         48
         87
        175
         47
          0
        154
          0
          0
          0
         36
        210
         65
          0
          0
          1
         33
          0
         28
          0
          0
         79
        159
        156
          0
          0
         43
         56
          0
        255
          0
          0
        213
          0
        141
        255
         62
          0
         55
          8
         62
          0
        130
         79
        186
          0
          0
          0
          0
        117
         76
          0
          0
          0
        128
          0
         88
          0
         40
          0
        153
          0
        154
          0
          0
         55
          0
        255
         89
          0
        168
          0
        131
          0
          0
         57
          0
          0
          0
          0
          0
         77
        122
        152
          0
          0
        125
        135
        224
          0
         19
        197
          0
        255
          0
          0
          0
        121
        123
          0
          0
          0
         86
        158
        216
          0
         61
         78
        148
         41
        119
        144
         24
          0
         46
        249
        129
        122
        168
         60
          0
          0
          0
         85
        180
        245
          0
          0
        192
        120
         58
          0
          0
          0
        176
        141
        201
          0
         72
          0
          0
          0
         28
          7
        149
          0
          0
        191
          0
          0
          0
         74
        120
          0
         76
        150
         91
        255
          0
          0
          0
         95
         81
        255
         56
          0
          0
         37
        107
          0
        150
          9
         60
        255
          0
        171
        220
          0
         95
          0
          0
          0
         88
         54
          5
          0
         96
         98
         15
        153
          0
         39
          0
          0
          0
          0
          0
        255
         93
         18
         48
          0
          0
        107
          0
          0
          0
          0
        169
         67
          0
         89
         22
        255
        116
         94
        119
          0
          0
          0
        128
          0
          0
         48
         93
        122
         78
          0
          0
        255
        111
         31
          0
          0
        136
          0
          0
          0
         54
        139
          0
         65
         71
        149
          0
          0
         96
         61
         65
          0
         66
          0
        192
          0
          0
          0
          0
         11
          0
        229
         86
          0
        130
         57
         17
          0
          0
          0
         17
          0
        141
          0
         20
         88
         95
         30
          0
        255
          0
          0
         73
          0
         84
        111
          0
          0
          0
          0
          0
          0
        118
        255
        129
          0
        183
          0
        171
          0
          0
        155
        214
          7
          0
          0
         90
          0
          0
        255
          0
          0
         73
          0
          0
          0
         66
        126
          0
         22
          0
          0
          0
          0
         98
          0
          0
          0
        147
          0
         13
          0
          0
          0
          0
          0
          0
          0
          0
        137
         77
          0
          0
          0
          0
         94
         91
          0
          0
          0
        169
        130
         59
         15
          0
          0
          0
          0
          0
          0
        164
         96
        106
          0
         49
         55
        126
         49
         56
         69
          0
          0
        115
          0
          0
        255
         87
        124
        194
          0
        108
          0
        162
        255
          0
          0
          0
         42
         55
         24
          0
          0
         90
          0
          0
          0
         22
        103
          0
          0
          0
         29
         25
         83
         10
        255
         67
        255
         44
          0
        190
          0
         41
         12
         33
          0
         35
         18
        240
         40
         34
          0
          0
        255
         26
         92
         71
          0
          0
          0
        142
          0
          0
          0
          0
        130
         82
        255
         22
          0
          0
         17
        119
          0
          0
         10
          0
          0
          0
          0
        146
          0
          0
          0
          5
        255
          0
         97
        145
          0
         67
         25
          0
         27
        130
          0
         51
        117
          0
          0
         73
        255
        154
          0
         77
          0
         97
         64
          0
          0
          0
         54
          0
        127
         91
          0
          0
          0
        153
        145
        143
          0
        146
          0
         75
          0
          0
        134
          0
        120
         62
          0
          0
          0
        160
         93
          0
          0
         23
        232
         45
          0
          0
          0
          0
         93
         61
          0
         34
          0
        109
        132
        102
          0
         85
        128
          0
        219
        150
          0
          0
        113
         39
          0
         72
          0
         55
        128
        140
          0
        121
          0
         25
          0
          0
          0
          0
         96
          0
        113
        110
          0
        114
         35
        137
          0
        114
          0
         25
          0
          0
          0
         29
        134
        129
          0
         22
          0
          0
         95
          0
          0
          0
        158
          0
          0
          0
          8
          0
          0
        121
          0
          0
          0
        135
         44
        130
          0
         87
        131
        207
          0
          0
        149
          0
          0
         83
          0
         94
          0
          0
        107
        163
          0
          0
          0
          0
          0
          0
        129
          0
          0
          0
        255
         93
        255
          0
         58
        157
          0
          0
          0
          0
          0
         53
         61
         88
          0
          0
          0
          0
         10
          0
        131
        234
          0
        158
         66
          0
        199
          0
          0
          0
        109
        126
        255
          0
          0
          0
          0
          0
          3
         29
          0
          0
         47
          0
         83
          0
         84
        131
          0
         41
        102
         73
         49
          0
          0
          6
         80
          0
          0
          0
         23
          0
         69
         79
        255
         44
          0
          0
         14
         98
          0
         89
        129
        180
          0
        143
          0
         54
        130
         80
        221
          0
          0
         30
        137
        108
          0
         12
          0
          0
          0
         10
          0
        237
          0
        129
          0
        116
          0
        117
          0
        117
          0
         71
        187
          0
        248
          0
          0
          0
         96
        130
        216
         47
          0
          0
         58
         32
          2
          0
        175
          0
          0
          0
          0
         75
          0
          0
        223
         97
          0
        105
          0
        112
          0
          0
        199
        111
          0
          0
         22
          0
          0
         67
          0
          0
          0
        163
        105
        207
          0
         44
         95
         32
          0
          0
          0
          0
         41
          0
         21
          0
          0
         14
        135
        133
          0
         47
        116
        105
        162
          0
        155
         18
          0
         82
         40
         31
          0
        167
        156
         94
          0
         59
          0
         49
         42
          0
         62
          0
          0
          0
        255
        105
          0
         71
          0
          0
         25
          0
          0
          0
          0
        151
          0
          0
          6
        103
          0
          2
          0
         49
         28
          0
          0
          0
        233
          0
          0
          0
          0
          0
          0
          0
          0
         21
          0
         67
          0
          0
          0
          0
        208
         43
          0
          0
          0
          0
        111
         34
          0
          0
        255
         45
          0
          0
         22
         28
          8
          0
          0
          0
         25
          0
        111
        124
        167
          7
          0
         77
          0
          0
          0
        154
          0
          0
          0
          0
        141
        142
         97
          0
        255
          0
        137
        184
          0
        207
          0
          0
        184
         95
        137
          0
          0
          0
          0
         49
        255
          0
        255
        174
         77
          0
          0
        154
         27
         49
         34
          0
         22
          0
        125
          0
          0
         13
          0
          0
         24
        216
          0
         40
         67
          0
        255
        111
         39
         86
          0
          0
          0
         78
        255
        120
          0
         80
          0
          0
          0
          0
          0
         24
          0
          0
          0
         84
        213
          0
          0
        112
          4
          0
          0
          8
          0
          0
        255
          0
          0
          0
        122
         92
          0
         51
        255
         84
         13
          0
          0
         75
         54
          0
         86
          0
         13
          8
         61
        139
          0
        117
         92
        155
         79
        140
          0
        135
         39
          0
         27
          0
          0
         98
        132
          0
        255
          0
          0
         55
         97
         76
          0
        142
          0
          0
          0
         33
         30
          0
          0
         41
          0
         59
         27
        119
         79
          0
          0
        157
          0
         94
        255
        139
          0
          6
          0
         78
         97
          0
          0
        140
         95
        133
          0
        136
          0
         21
        253
          0
          0
         29
         65
         81
         25
          0
          0
          0
          0
          9
          0
          0
         22
        180
          0
          0
          7
          0
          0
          0
          0
         32
          0
         91
         37
          0
          0
         62
          0
         48
        152
          0
          0
        236
          0
         39
         26
          0
          0
        169
          0
          0
          0
          0
        105
          0
         21
         70
          0
          0
          0
          0
        255
        130
        255
          0
          0
          0
          0
        132
          0
        190
          0
        145
          0
          0
          0
          0
        183
        117
          0
         49
         29
         47
          5
          0
          0
          0
          0
          0
          0
          0
          0
         56
          0
         71
        255
         50
         11
        202
          0
         78
          0
        157
          0
          0
        158
        140
          0
          0
         18
        129
        255
        104
         45
          0
         24
          0
        182
         27
        150
          0
          0
          0
         81
         40
          0
         22
          0
        106
          0
        226
          0
          0
         36
         49
         38
          0
          0
          0
         96
          0
        255
         24
          0
         88
         46
         86
          0
        120
        134
         13
          0
          0
         36
        164
          0
          0
          0
          0
          0
         52
         62
        176
          0
          0
         57
        190
          0
         77
          0
         58
          0
          0
          0
          0
        255
         45
          0
        186
          0
         82
          0
          0
        255
          0
         34
        170
         74
         56
          0
         25
        208
        152
          0
        136
          0
         64
          0
          8
          5
          0
          4
        182
         40
          0
        233
         85
          0
        110
         49
         87
          0
         34
        105
          0
          5
          0
          0
          0
          0
        105
        255
          0
          0
         73
         63
         39
          0
        139
        117
          0
         87
          6
         88
          0
          0
          0
          0
         85
        255
        166
        105
        190
          0
          0
        159
         60
        255
        129
          0
          0
          0
          0
         47
          0
          0
         61
        132
         90
          0
        157
          0
          0
        255
          0
        159
          0
        125
         56
          0
        109
          0
         65
        117
          0
          0
         99
        182
         66
          0
          0
          0
          0
          0
          0
          0
          0
          0
         72
          0
         63
          0
         79
        154
          0
          0
          0
          0
         16
        121
          0
        255
         97
          0
        160
          0
          0
          0
         89
        150
        150
          0
          0
          0
        240
          0
        133
         47
        114
          0
        181
          0
         67
          0
         64
         98
         79
        255
          0
          0
          0
          0
         83
          0
         56
          0
          0
         64
        115
          0
         18
          0
          0
          0
          0
          0
          0
          0
          0
          0
          0
          0
          0
        146
        165
          0
          0
         90
          0
          0
        132
        152
          0
          0
        123
          0
          0
        255
          0
          0
          0
          0
          1
         97
         72
        100
          0
          0
          0
         34
        109
        255
         48
          0
          0
          0
          0
          0
        157
         86
          0
          0
        108
          9
          0
         39
          0
          0
         24
          0
         51
         43
         10
          0
          0
         93
        136
          0
          0
          0
        188
          0
          0
          0
          3
        255
         44
         27
        158
          0
        151
          0
         86
          1
          0
          0
          0
          0
          0
         12
         94
          0
         70
         88
          2
          0
          0
          0
         25
        255
          0
         48
          0
         93
         25
          0
         48
          0
        125
          0
         58
          8
         67
          0
          0
          0
          0
          8
         77
         46
        107
          0
         63
          0
          3
        136
          0
          3
         49
          0
        188
          0
          0
          0
          0
        104
        100
          0
         84
          0
         36
        122
         82
          0
        138
          0
         67
          0
          0
          0
          0
          0
        110
         39
          0
          0
          0
          0
          0
          0
         62
         90
         99
        255
        118
          0
          0
          0
        105
          0
          0
          0
         62
          0
        137
          0
          0
        135
          0
          0
          0
          0
          0
        136
         85
        239
          3
          0
         57
          0
         77
          0
          0
        102
          0
          9
          0
          7
        195
          0
         70
          0
          0
          0
         88
        121
          0
          0
         20
         14
          0
         76
         44
          0
          0
          0
         22
          0
          0
          0
         52
         48
         62
          0
          0
          0
        150
          0
          0
          0
          0
         45
        109
        111
          0
        175
        167
         56
         95
          0
        121
        190
          0
          0
         51
          0
          0
         91
        116
          0
          0
         29
          0
         17
          0
          0
         56
        220
          0
          2
          0
          0
          8
         67
         46
         13
        100
          0
        151
         37
          0
          0
          0
          0
        117
          0
         83
         90
          0
          0
         22
        176
         50
        255
         70
        144
        159
          0
          0
         90
        196
        241
          0
          0
          0
         12
         54
        255
          7
          0
        118
        114
         81
          7
         74
         76
          0
          0
          0
         41
         11
         36
          0
          0
         87
          0
         29
         92
          0
          0
         54
          0
        117
          0
          0
          0
         55
        133
          0
          0
         72
          0
         29
         49
         20
          0
          0
          0
         93
          0
         44
          0
          7
          0
          0
          0
         39
          0
        148
         64
          0
          0
          0
          0
        126
          0
          0
         35
        251
        130
         95
          0
         50
        100
        118
          0
        127
         10
         34
          0
          0
          0
        107
          0
          0
        125
         35
          0
         23
          0
          0
         61
         85
          0
        133
          0
          0
          0
         17
          0
        226
          0
          0
         75
        115
          0
         46
        124
        119
          0
          0
        139
        136
          0
          0
          0
         27
          0
          0
        255
          0
        176
         59
         60
        110
          0
        142
          0
         86
          0
          0
          0
          0
          0
        128
        255
          0
        255
         15
        121
        214
          0
         74
          0
        171
          0
         10
          0
         90
          0
         56
        255
          0
          0
         29
          0
         58
          0
         54
          0
         38
        255
        105
          0
          0
         27
         33
        205
         53
        255
        110
         10
        223
          0
          0
          0
         24
          0
         20
         36
        157
          0
         30
        131
          0
         63
          0
          0
          0
          0
          0
         97
         20
          0
          0
          0
         59
        118
          0
          0
          0
        255
        135
        108
         50
          0
         35
        146
          0
          0
         44
          0
          0
         57
          3
        255
          0
          0
        121
         62
          0
          0
        100
          0
          9
          0
          0
          0
         51
         20
         14
          0
          0
          0
          0
        105
          0
          0
          0
          0
         94
        255
          0
         96
          0
          0
         21
          0
         61
        232
          0
        154
        127
          0
        159
        146
          0
        141
          0
          0
        217
         94
          0
        228
          0
          0
        174
          0
        239
          0
         49
         75
          0
        255
        117
         89
         15
          0
         22
          0
         81
          0
         26
        155
         85
          0
          0
         84
          0
        121
          0
          0
          0
         75
        117
          0
         81
          0
         60
         60
        128
          0
         62
        123
        167
        255
         71
          0
          0
         92
          0
         70
          0
        250
         72
          0
         29
          4
         67
        233
         81
          0
          0
          0
          0
          0
        139
          0
         72
        144
         62
        100
          0
          7
        145
        188
         53
          0
          0
          0
          0
          0
         60
        131
         22
        255
        134
         62
          0
          0
        105
        214
          0
        255
          0
          0
         36
        119
         62
        255
         48
          0
          7
          0
          0
          0
         27
          0
          0
          0
          0
          0
        158
          0
         70
         26
          0
          0
          0
         18
          0
          0
        142
          0
          0
          0
         14
          0
         70
          0
         35
        163
         96
          0
         38
          0
          0
          0
        149
        230
        144
          0
          0
         50
         30
          0
          0
         75
        110
          0
         26
         72
          0
          0
        156
          0
          0
         20
          0
          0
          0
        106
         54
        203
          0
        255
         98
         76
         57
          0
          0
          0
         59
        255
          3
        124
          0
        131
         39
          0
         61
          0
          0
         45
          0
          0
        136
          0
          0
        120
        137
          0
         36
          0
          0
          0
          0
          0
        151
          0
        153
          0
         77
          0
         98
         83
          0
          0
          0
        135
        137
         25
         97
          0
        144
        117
          0
          2
          0
         77
         53
          0
          0
          0
         55
          0
         20
          0
         33
          0
        103
          0
         79
          0
        114
          0
        134
          0
          0
        100
         13
          0
         49
          0
          0
        255
          0
        153
          0
          0
          0
        195
          8
        255
          0
          0
        163
        101
          0
        124
         27
          0
        138
          0
          0
          0
        120
        137
          0
        124
          0
         97
         80
          0
          0
        177
         20
          0
        101
          0
         71
          0
        132
         76
          0
        255
         29
         15
        252
          0
         34
          0
         31
          0
         92
        119
          0
          0
          0
         96
        114
        255
          0
          0
         64
        135
        113
        199
        104
        244
          0
          0
          0
         10
          0
        197
         86
          0
          0
          0
          0
        130
          0
          0
          0
         69
        135
         92
          0
          0
          0
          0
         11
         53
        153
          9
          0
        123
         72
        255
         96
          0
         71
         78
         18
          0
         88
        146
         23
          0
          0
          0
        209
        108
         66
        157
          0
          0
         48
         15
          0
          0
          3
          0
         71
          0
          0
        138
          0
         78
         22
        215
          0
        255
        124
         53
         38
          0
        123
        167
         46
          0
          0
          0
          0
         96
        118
        255
         53
        255
          0
         89
          0
          0
          0
        116
         41
          0
          0
          0
          0
          0
         25
          0
          0
        253
          0
          0
          0
          0
        142
         25
         68
          0
          0
         26
          0
        124
          0
        255
         72
          0
         15
         84
         43
          0
         60
          0
          9
        149
         86
          0
          0
        113
         37
          0
         35
          0
         87
        141
          0
          0
         29
          0
          0
          0
        148
          0
          0
         58
         66
          0
          0
        255
        143
         86
        142
          0
          0
          0
        144
          0
          0
          0
          0
         85
        137
          0
          0
          0
         59
          0
          0
          0
        112
        166
         27
         94
          0
          0
        241
         79
         42
          0
        119
          0
        104
         61
        205
          0
          0
          0
          0
          0
          0
        171
          0
          0
         60
        242
        128
         74
        144
         46
          0
          0
          0
        107
          0
          0
         24
          0
          0
         15
         32
        255
          5
          0
          0
         97
          0
          0
          0
          0
          0
          0
          0
          0
         69
          0
          5
        255
         75
        255
         57
         12
          0
          0
         69
          0
          0
          0
          0
          0
          0
          0
          0
         67
         86
        255
         48
         46
        144
          0
         21
         68
        191
          0
          0
         45
        224
          0
         59
          0
         85
          0
         92
         24
         25
          0
         71
          0
          0
          0
          0
        131
          0
          0
        102
          0
         97
          0
         95
         84
        104
         20
         79
        179
          1
          0
        133
         96
          0
         78
         95
        255
         46
          0
         52
         45
         84
          0
          0
          0
        191
          0
          0
          0
         46
        124
         11
         94
         65
          0
         99
        107
         55
          0
         55
          0
          0
          0
         33
          0
          0
         55
         51
          0
          0
        255
        173
         58
          0
         23
          0
          0
          0
          0
          0
          0
        226
         71
         47
          0
         93
          0
        167
          0
        235
          0
         74
          0
          0
          0
          0
          0
          0
          0
         30
        209
          0
          0
         25
         70
          0
          0
          0
          0
          0
         99
          0
         26
          0
          0
          0
          0
          0
          0
         27
        121
         30
          0
        101
        179
         71
        255
          0
          0
         99
          0
         94
          0
         95
        255
         63
         23
         49
          0
        104
        168
          0
          0
        136
         21
         21
          0
         60
          0
          0
        255
        126
         23
          0
          0
         59
        115
          0
          0
          0
         18
          0
          0
         64
        255
          0
          0
        103
         82
        223
          0
          0
          0
        116
         21
         58
          0
        101
          0
         24
        255
         99
          0
         28
         19
          0
         17
        147
          0
        145
          0
        139
        100
          0
         20
         98
          0
        124
          0
        136
        142
          0
          0
         72
        165
          0
          0
         17
          0
        220
         65
         20
        196
          0
        255
          0
        107
          0
          0
        140
        235
          0
          0
        156
        144
          0
        109
         66
          0
          0
        255
         97
          0
        198
          0
         77
          0
         31
          0
         48
          0
          0
          0
         80
        255
          0
          0
         86
         41
        182
          0
          0
          0
         51
          0
          0
        105
          0
          0
         30
        255
         46
          0
        111
          0
        181
          0
        162
        233
         55
          0
          0
          0
          0
          0
          0
          0
          0
          0
        179
         50
        209
          0
         53
          0
          0
        255
          0
          2
        138
          0
          0
          0
         56
          0
         99
          0
         19
          0
         71
          0
         17
         74
          0
          0
          0
        113
        106
         10
         81
          0
         21
          7
         92
          0
          0
          0
          0
          0
          0
          0
          0
        128
         34
          0
         62
          0
        108
        117
          0
          0
          0
        122
          0
          0
          0
          4
          0
          0
        132
        225
          0
        255
          0
          0
          0
          0
          0
          0
        155
          0
         22
          0
         61
          0
        127
        255
         82
        255
        112
          0
         58
          0
        110
        156
          8
         73
          0
          0
         11
        112
         19
        136
         42
          0
         87
         89
        108
          0
        129
        187
         95
          0
          0
          0
          0
        130
          0
        255
         81
        217
          0
         54
        113
          0
        138
          0
          0
        219
          0
         99
          0
          0
         45
        255
          0
        255
         44
        116
          0
          0
         19
         88
          0
        255
          0
          0
        229
          0
         42
          0
        117
          0
          6
         11
        184
          0
         65
        188
          0
          0
          2
          0
        133
         65
         56
          0
          0
        255
         71
          4
        102
          0
        160
         46
        208
          0
         26
        119
          0
          0
         67
         52
          0
        255
        110
         74
          0
          0
          0
        205
          0
         54
          0
          0
          0
         40
          0
          0
          0
          0
         12
          1
          0
         26
          0
         68
          0
          6
          0
          0
         49
         22
          0
        234
          0
        255
          0
         21
        229
          0
          0
          0
         19
          0
          0
          0
         70
        108
          0
          0
         93
        158
          0
        129
        163
         21
          0
          0
          0
         46
          0
         29
         52
          6
          0
         18
          0
        250
        172
         19
         50
         23
          0
         82
        167
         99
          0
          0
        248
        124
        120
         55
         28
          0
          0
          0
          0
          0
        160
         91
          0
          0
          7
          0
         36
         47
          0
        241
         24
          0
          0
         43
          0
          0
        137
        139
          0
          0
          0
          0
          0
        115
          0
        255
          0
          0
          0
        143
        121
          0
          0
        190
          0
          0
          0
          0
        165
         34
        117
        255
         74
        212
          0
        123
        101
          0
          0
         25
          0
          0
         46
          0
        100
        131
          0
        255
         87
        254
          0
          0
         89
          0
        131
        159
          0
          0
          0
          0
         35
         80
          0
        255
         55
          0
          0
        144
         98
          2
        122
        200
          0
          3
          0
          0
         86
        113
          0
          0
         83
        227
          0
        106
        171
          0
          0
        174
          0
          0
          0
          0
          0
        131
         92
         15
          0
        106
          0
          0
        119
          0
        162
         73
          0
        255
          3
         17
         43
          0
          0
          0
         18
          0
          0
        148
          0
          0
        137
          0
          0
          0
          0
          0
          0
          0
        116
         66
         36
          0
        182
         63
        205
         18
          0
          0
          0
          0
          0
          0
        177
         73
          0
        255
         29
        169
          0
         10
         83
         10
        130
          0
        211
         24
          0
         45
          0
          0
        104
        184
          0
         45
          0
         35
          0
          0
          0
