          0
          0
          0
          0
          0
          0
         74
        106
        232
         69
          0
          0
          0
        222
          3
          0
         23
        153
          0
          0
        255
         32
         22
          0
          0
        173
          0
          0
        107
          0
          0
          0
          0
          0
        255
          0
          0
        255
          0
          0
          0
          0
        110
          0
          0
        244
        255
        236
         79
         27
          0
          0
          0
         63
        147
          0
          0
         42
          0
          0
          0
         83
          0
          0
        110
          4
          0
          0
         39
        230
         21
         16
        109
        168
         42
          0
          0
          0
        114
        126
        206
        238
          0
          0
        151
         54
          0
          0
          0
        156
          0
          0
          0
        177
          0
          0
        211
        255
          0
         64
          0
        168
        143
          0
          0
         52
        164
          0
          0
          0
        255
          0
         19
         16
          0
         29
         82
        219
         57
         63
          8
          0
          0
          0
        104
        181
        219
          0
         57
         50
         68
         75
          0
        154
          0
        183
         73
        119
         50
          0
          0
          0
        255
        212
          0
          0
         45
          0
          0
         80
          0
          0
        196
        217
          0
          0
          0
        168
          0
          0
        105
         94
          0
          3
          0
         99
          6
         26
         81
        108
         24
          0
          0
        147
        255
          0
         23
         38
          0
          0
          0
          0
          0
          0
        115
        239
          0
          0
          0
         90
          0
          0
        157
          0
        106
         74
          0
         41
         93
        117
          0
        189
         86
          0
          0
        164
        255
          0
        142
          0
          0
          0
          0
        104
          0
         62
         97
         83
        155
          0
          0
          0
          0
          0
        255
         51
          0
         25
        164
        255
          0
        176
          0
         30
          0
        255
          0
          0
        255
          5
         99
          0
        181
          0
          0
        224
        180
          0
          0
         74
          0
        255
          0
        159
        212
        255
        251
          0
          0
          9
          0
          0
        134
          0
        150
          0
         50
          0
         66
          0
        255
        168
          0
        228
        255
          0
          0
          0
        149
         84
          0
          0
        255
          0
        104
          0
          0
        255
        255
          0
          0
         54
          0
          0
        255
        142
          0
         31
         29
          0
          0
        184
        255
        127
         89
          0
          0
        151
          0
        148
        147
          0
          0
          0
        147
          0
          0
          0
          0
        255
        255
        103
          0
          0
          0
          0
        255
          0
          0
          0
        107
          0
          0
          0
        255
          0
         86
        207
          0
         73
          0
        157
          0
        106
        240
          0
          0
          0
          0
          0
        238
          0
        255
        165
        255
          0
          0
          0
          0
          0
          0
          0
         14
          0
         34
          5
        255
          0
         40
         58
        218
         30
          0
        200
        160
        106
          0
          0
        255
          0
        114
         54
          0
          0
        247
         87
          0
          0
         45
         10
         23
          0
        129
        193
          9
          6
          0
          0
          0
          0
          0
          0
          0
         75
          0
          0
          0
          7
        149
        234
        170
          0
        141
          0
          5
        104
        255
          0
        140
          0
          0
          0
        255
          0
         41
        255
          0
          0
        208
          0
        255
        211
         74
        209
        255
        111
          0
          0
        190
          0
        219
         28
          0
          0
        150
         78
        212
          0
        122
          1
        123
        117
          0
          0
          0
          0
          0
        182
          0
          0
          0
          0
        255
        199
        216
          0
          0
        177
          0
          0
          0
          0
        241
          0
          0
          0
          0
          0
        141
        111
        212
        255
        255
          0
          0
         64
          0
         52
        215
         35
          0
          0
         27
          0
          0
        105
          0
          0
          0
          0
          0
          0
          0
          0
         26
         61
          0
        178
          0
         80
          0
        219
         85
          0
        255
         53
          0
          0
          0
          0
        220
          0
         77
        134
         27
        212
          0
        255
          0
         82
          0
          0
        213
        147
         80
         95
         60
          0
          0
          0
         81
          0
          0
        197
        180
         77
        255
          0
          0
          0
        157
         23
          2
        138
          0
          0
          0
          0
        255
         22
          0
          0
          6
          0
          0
         98
          0
          0
          0
         28
          0
         12
          0
          0
         14
          0
         15
        255
        255
        140
          0
          0
          0
          0
          0
          0
         20
          0
        146
          0
        255
          0
          0
         60
          0
         71
          0
        195
          0
          0
        164
         41
          0
          0
        157
        120
          0
          0
         48
         27
        255
          0
          0
         14
        255
        177
          0
          0
          0
        255
          0
          0
        255
        251
          0
         85
          0
          0
          0
          0
        151
          0
        212
          0
          0
          0
          0
          0
        241
          0
        184
          0
        255
         84
        123
          0
        110
          0
         48
        252
          0
        255
          0
          0
        255
          0
        176
          0
          0
        151
          0
        209
        191
         34
          4
        133
          0
        255
          0
        111
          2
          0
          0
        255
        128
         84
        190
          0
         76
         87
          0
        211
          0
          0
         71
          0
        255
          0
          0
          0
          0
          0
          0
          0
        187
          0
          0
         60
        255
          0
          0
        126
        142
          0
          0
        255
        236
          0
         33
         28
          0
         39
          0
        194
          0
          0
          0
          0
        255
          0
          0
          0
        177
          0
        215
          0
          0
         28
          0
          0
          0
          0
          0
        180
          0
        255
        165
          0
          0
          0
        241
        243
          0
        143
        216
          0
          0
          0
        135
          0
        255
          0
          0
        255
         91
          0
         33
         67
        115
          0
          0
        184
          0
        255
          0
          0
          0
        180
          0
          0
          0
         85
         12
          0
          0
          0
        184
          0
        114
          0
          0
        156
        255
          0
          0
        246
          0
          0
        255
          0
        137
         61
          0
          0
        138
          0
          0
          0
          0
         35
          0
         67
        255
         94
          0
          0
          0
          0
          0
        225
         65
        255
         14
          0
          0
          0
         90
        175
          0
         25
          0
        168
         95
          0
          0
         90
        229
          0
          0
        103
         48
          0
          0
        124
          0
         88
        255
          0
          0
          0
          0
          0
          0
          0
          0
          0
        255
          0
          0
          0
        230
        135
          0
        158
         52
          0
          0
        200
         78
        210
        123
          0
          0
        255
        176
          0
         42
          0
          0
         14
          0
          0
          0
        255
          0
          0
          0
          0
        255
          0
         45
         37
          0
          0
        144
          0
          0
          0
         80
          0
          0
          0
          0
          6
          0
        255
        239
        255
         30
          0
          0
          0
          0
          0
          0
          0
        159
        255
          0
          0
        255
          0
         58
        255
        255
         57
          0
          0
        174
          0
        223
        130
          0
        255
        161
        169
         96
        175
          0
          0
         77
         69
          0
          0
          0
          0
        245
         60
          0
        255
          0
          0
        255
          0
         63
          7
          0
        117
        248
          0
        122
          0
          0
          0
          0
          0
          0
        162
          0
        255
         73
          0
        255
          0
         72
          0
        255
          0
          0
          0
          0
        119
          0
          0
        255
          0
        161
          0
        255
        118
         20
        227
          0
          0
        217
          0
        255
          0
          0
          2
          0
          0
          0
          0
          0
         72
         79
          0
          0
        134
          0
         32
          0
        159
          0
          0
        255
          0
          0
          0
         45
        120
          0
          0
        117
          0
         81
        100
          0
        255
          0
         81
        168
          0
          0
          0
          0
          0
        232
          0
          0
          0
        120
          0
          0
          0
          0
          0
        255
          0
          0
        135
        107
         32
        135
        230
        149
          0
          0
          0
          0
          0
        158
          0
        214
        255
        255
          0
        255
        123
          0
          0
          0
        128
         31
         41
          0
          0
          0
          0
        255
          0
         11
          0
        207
        202
        193
        180
        163
         25
          8
        116
          0
          0
        150
        221
          0
          0
        255
          0
          0
        100
         22
          0
          0
          5
          0
          0
        123
         20
        121
          0
        255
          0
          0
          0
          0
          0
          0
        172
          0
          0
          0
          0
          0
          0
         99
         34
          0
         88
        255
        255
        157
          0
          0
        255
        125
        145
          0
          0
        165
          0
          0
          0
        255
        255
          0
         12
          0
         55
          0
          0
        114
          0
         20
         57
          0
          0
          0
          0
          0
          0
         31
        255
        255
         90
          0
        237
          0
          0
          0
        191
          0
         20
          0
          0
        255
          0
        112
          0
        255
         96
          0
         81
        127
          0
          0
        165
         72
          0
          0
         65
         48
          0
         97
          0
         14
          0
          5
          0
          0
         73
          0
          0
          0
          0
          0
          0
        255
        255
          0
          0
        255
        116
          0
          0
        120
          0
          0
          0
        104
          0
         54
         26
        100
        124
         68
         46
        255
          0
          0
         98
          0
         13
        165
          0
          0
          0
          0
          0
        255
          0
          0
          0
          0
          0
          0
         89
        204
          0
        119
         73
        160
          0
        129
          4
         66
          0
          0
        255
          0
         88
         99
          0
          0
         41
          0
         52
          0
         54
        100
          0
        255
         51
          0
        197
         74
          0
          0
         36
        127
          0
          0
        156
        255
        153
          0
        210
          0
        142
         57
          0
          4
        130
         52
          0
          0
          0
        167
          0
          0
        233
         31
          0
        255
          0
          0
        255
        167
          0
        149
          0
        134
         92
        171
          0
          0
          0
        131
          0
          0
        255
        144
          0
          0
          3
          0
          0
        255
          0
          0
        237
          0
         47
          0
          5
        255
        127
          0
        149
        138
          0
          0
        116
        102
          0
        179
          0
          0
          0
         37
        175
          0
         75
        203
          0
        255
        125
          0
         28
          0
          0
          0
          0
          7
        146
          0
         76
        255
         44
          0
          0
          0
          0
        255
         91
          0
          0
        250
          0
        255
        148
        135
         68
          0
        137
          0
        191
         50
          0
          0
          6
          0
         91
          0
          0
        139
          0
          0
         11
        255
        215
         83
          0
         43
        140
          0
         56
        168
          0
          0
        183
        255
          9
         68
          0
         38
          0
          0
        161
        255
         66
         44
        143
          0
          0
          0
        255
         86
          0
          0
          0
         31
          0
        211
          0
        177
          0
         33
        130
          0
        103
          0
        101
        235
          0
         85
         73
         22
        255
        161
        174
        255
         45
          0
        168
        255
          0
          3
        195
          0
         83
          0
          0
        255
          0
         79
          0
        255
         23
          0
          0
         11
          0
        185
         30
        255
          0
         91
          0
          0
        255
        255
          0
        120
         95
          0
        114
          0
        169
         72
          0
          0
          0
         46
          0
        195
         79
         21
         50
          0
          0
          0
          0
        192
          0
          0
        100
          0
          0
          0
          0
          0
          0
          0
        134
          0
          0
        193
         61
        139
          0
          0
         23
        155
         79
          7
          0
          0
         44
        152
        255
          0
         19
          0
          0
          0
          0
        170
        208
        255
        147
         33
          0
        213
          0
         22
          0
          0
          6
        108
         91
          0
          0
        147
        229
          0
        149
          0
        224
        255
          0
          0
         85
        200
          0
          0
          0
        183
         31
        130
          0
          0
          0
          0
          0
          0
        255
        238
          0
        255
          0
          0
        224
        158
          0
        186
        177
        151
          0
        162
          0
        255
          0
          0
        255
          0
          0
          0
          0
          0
          0
         72
        108
         88
        255
          0
         83
          0
        255
        157
          0
        255
          0
          0
        127
          0
          0
        172
          0
          0
         15
        255
          0
        255
          0
          0
        255
          0
        191
        135
          0
         60
          0
         64
          0
          0
          1
        157
        125
          0
        173
        246
          0
          0
         95
          1
         57
          0
          0
        154
          0
          0
          0
          3
        248
          0
          0
        158
        255
         83
         77
          0
          0
        138
          0
          0
         29
        206
          0
         42
          0
          0
        178
          0
        255
          7
        112
          0
          7
          0
          0
          0
        230
          0
          0
         45
          0
          0
          0
        149
          0
        214
          0
         80
          0
          0
          0
        160
        167
          0
         31
         83
         36
          0
        173
        243
          0
        255
         54
          0
          0
          0
          0
         91
        202
          0
          0
          0
         52
        255
          0
         81
          0
          0
         59
          0
        219
        172
          0
          0
         72
          0
          0
         89
        123
          0
        247
        255
         10
        255
        104
         28
          0
        255
          0
          0
          0
          0
          0
          1
          0
        255
          0
          0
          7
          0
          0
        255
          0
        193
          0
          0
        103
          0
          0
          0
          0
          0
          0
        255
         45
          0
          0
         65
        105
          0
        154
          0
          0
          0
          0
          0
          0
        255
          0
        172
        241
          0
         84
          0
         29
          0
          0
        122
          0
          0
        126
         76
          0
          0
        126
        255
          0
         32
         76
          5
          9
          0
          0
        170
          0
        149
        255
          0
          9
        255
        213
        145
        170
        215
          0
          0
          0
         68
          0
          0
          0
         32
         25
          0
          0
          0
          0
        255
          0
        255
        134
          0
          0
          0
         19
        243
          0
          5
        237
          0
         13
        255
          0
         87
          0
          0
          0
          0
          0
          0
          0
          0
          0
          0
          0
          0
          0
        113
          0
        255
         16
        175
        123
          0
          0
         37
        134
          0
          0
         83
        255
         50
          0
        160
          0
         32
          0
          0
         82
         20
          0
         62
          0
          0
         59
        210
          0
          0
          0
         32
        152
          0
         46
          0
        113
         82
          0
          0
          0
          0
          0
         94
        253
          0
          0
        255
          0
          0
          0
         22
        255
         67
          0
        132
          0
          8
          0
          0
         42
        157
          0
         90
          0
          0
        170
        255
        146
          0
          3
          0
          0
          0
          0
         36
        247
          0
          0
        255
          0
         87
          0
         67
          0
        205
        103
         72
         78
          0
          0
        183
          0
          0
          0
          0
          0
          0
         67
        163
         22
          0
          0
          0
          0
        146
          0
         66
        255
          0
         49
        255
          0
          0
         83
          0
         45
        190
        169
          0
          0
          0
          0
        181
        176
          0
          0
        187
          0
        164
         81
        255
        100
          0
         43
          0
          0
          0
        255
         91
        255
          0
         34
        255
          0
          0
          0
          0
          1
        132
          8
         89
          0
          0
         96
          0
          0
          9
          0
          0
          0
          0
        255
        255
          0
        156
         23
        131
          0
          0
         16
         84
        255
          0
          0
        255
        113
        104
          0
        131
          0
         93
        134
         93
         97
          0
         15
        172
        129
         39
          0
          5
          0
