          0
          0
          0
          0
         98
        255
          0
         39
          0
        255
          0
         52
          0
          0
         37
          0
        236
          0
          0
          0
        122
          0
        128
        255
        113
         74
        254
         57
         35
          0
         72
          0
          0
        109
         98
        136
          0
          0
          0
        134
          0
          0
          0
        188
        152
          0
        225
         28
        215
          0
         51
          0
          0
          0
          0
          0
         31
        200
          0
          0
        255
          0
        255
         23
          0
          0
          0
          9
         37
          0
          0
         86
          0
          0
          0
          0
        210
          0
          0
          0
          0
          0
         81
          0
        105
        140
          0
          0
         67
        255
        255
        132
          0
         58
         62
          0
          0
         13
          0
          0
         47
          0
          0
         97
         79
         24
          0
        105
          0
          0
          0
         25
          0
        189
        247
          0
        111
         43
         61
          0
         11
        255
          0
          0
          0
         52
         63
         74
          0
          0
         33
         43
        173
          0
        172
          0
          0
          0
          0
          0
          0
          0
          0
          0
          0
        161
         31
          0
         69
        129
          0
         13
          0
        214
          0
         11
          0
          0
        217
         80
          0
          0
          0
          0
        145
          0
        186
         24
          0
          0
          0
          0
        255
          0
          0
        134
          0
          0
          0
        194
         37
         76
         23
          0
          0
        255
          0
          0
          0
          0
        255
         10
          0
          9
          0
         16
        212
        255
         82
          0
          0
        207
          0
        255
        255
          0
          3
         55
        202
          0
        255
          0
          0
          7
         78
          0
          0
        255
        117
         37
          0
         61
        208
          0
          0
          0
         38
        148
          0
        255
          0
         31
          0
        255
         41
          0
          0
          0
        226
          0
        167
          0
        188
         34
        106
        104
          0
          0
          0
          0
          0
          0
          0
        101
        255
          0
        124
          0
        175
         78
          0
         39
        255
        121
         99
          0
          0
          0
          0
          0
         21
        132
          0
          0
         84
          0
          0
         51
          0
          0
          0
        255
         11
         52
        111
        115
        255
        127
        108
          0
         13
          0
          0
        107
        134
          0
        253
          0
          0
          0
        143
        235
          0
          0
          0
         86
        255
          0
          0
          0
         92
          0
         70
        255
        255
          0
          0
          0
        255
          0
          0
        115
          0
         80
          0
        255
          0
         24
          0
          0
         45
          0
        255
          0
        195
          0
          0
        247
        255
         91
        121
          0
         30
          0
        121
        255
        255
          0
          0
          0
          0
          0
          0
          0
          0
         89
        175
         68
          0
          0
          0
         13
          0
        198
          0
          0
          0
         36
          0
         22
          0
          0
         90
          0
         60
          0
          0
        255
          0
         50
         48
         31
          0
          0
          0
        128
          0
         78
        156
          0
         38
         37
          0
        255
          6
         19
        255
          0
          0
        122
          0
        124
        255
         21
          0
          0
          0
          0
          0
          0
        154
         18
         46
         66
          0
          0
        157
          0
          0
        155
          0
          0
          0
          0
          0
          0
          0
          0
          0
          0
         24
          0
          0
          0
        255
          0
          0
          0
          0
        255
          0
        255
          0
         21
          0
          0
          0
          0
         48
          0
          0
        169
          0
         64
        255
        154
        141
        255
          0
          0
          0
         31
        123
          0
          0
          0
          0
         35
          0
          0
        175
        255
        125
        255
        131
          0
          0
          0
          0
          0
         98
        136
         77
          0
          0
         76
          0
         53
         22
        130
          0
          0
        101
          0
          0
          0
          0
        116
        255
          0
         35
          0
        152
          0
          0
        255
          0
          0
          0
          0
          0
        139
         30
         55
        115
         51
         78
        117
         53
          7
          9
          0
         87
          0
        255
          0
        110
        144
          0
          0
         43
          0
          0
         67
          0
         39
          0
        255
        255
          0
          0
          0
        255
         77
        140
          0
          0
        120
         68
        208
         82
          0
          0
          2
         38
          0
          0
        143
        237
         87
          0
          0
        255
         31
          0
          0
          0
          0
          0
        255
          0
        108
          0
        138
          0
         99
          0
          0
          0
          0
          0
        255
        248
         24
          0
          0
         87
          0
        162
          0
        205
          1
          0
        255
        205
          0
        122
          0
        255
        255
         95
          0
        125
          0
          0
          0
          0
          0
          0
          0
          0
          0
        203
        255
        171
        113
        218
        118
          0
          0
        255
         76
          0
         61
          0
        118
        255
         63
          0
          0
          0
        255
          0
        255
        255
         13
         52
         56
        253
          0
          0
         10
          0
          0
        179
        255
        119
          0
         69
          0
          0
        211
        195
          0
        102
         86
          0
          0
          0
          0
          0
          0
         48
          0
        141
        255
          0
          0
         44
          0
        255
         84
          0
         92
         29
          0
          0
        236
          0
          0
        255
          0
        152
        255
        141
        133
          0
        142
          0
        147
        255
          0
          0
         13
          0
        255
          0
        255
        255
        115
          0
          0
        255
          0
        193
          0
          1
        143
          0
         57
         27
         78
        249
        255
         61
        239
        147
          0
         36
         44
          0
        255
        154
        153
          0
         86
          0
          0
         94
        255
          0
          0
        234
          0
        255
          0
          0
          0
        161
         24
          0
          0
          0
          0
          0
        255
         94
          0
          0
          0
        227
          0
          0
        255
        127
          0
         16
        157
         61
        209
        133
        255
        193
          0
        252
         44
          0
         83
          0
          0
        168
          0
          0
         31
         15
         15
         82
        255
          0
          0
        255
          0
        130
          0
          0
          0
         51
          0
          0
        161
          0
          0
          0
        255
         27
          0
         70
        125
        255
        106
          0
          0
        212
          0
          0
         23
        138
          7
        136
        176
          0
        121
        255
         72
          0
        117
        255
          0
        255
          0
          0
        171
          0
          0
        121
        255
          0
        131
          0
          0
          0
          0
          0
          0
          0
          0
          0
          0
          0
          9
        247
          0
          6
         14
          0
          0
          0
         59
         52
          5
        255
         18
          0
         28
          0
         93
         70
        255
          0
         38
        104
          0
        255
          0
          0
          5
          0
          0
         92
          0
          0
          0
        255
          7
         61
        255
         50
        148
          0
         92
          0
        255
          0
        105
          0
          0
         19
          0
         70
        255
          9
         51
         82
        111
          0
          0
          0
          0
          0
         20
        119
          0
          0
          0
          0
          0
         94
          0
          0
          0
          0
        123
          0
         48
          0
          0
          0
          0
        144
         90
         78
        255
          0
          0
          0
          0
        255
          0
          0
          0
          1
         65
         66
         22
        134
          0
        251
          0
         50
        218
        255
          0
          0
         62
          0
          0
        255
         69
         76
          0
        183
          0
         35
        255
        255
         74
          0
          0
        255
        108
          0
         77
        115
         37
        143
          0
        199
         51
        205
        148
          0
          0
          0
          0
          2
         33
          0
          0
        255
        142
         37
        133
          0
        255
        118
        255
        225
         44
          0
         76
          0
          0
          0
          0
        143
         51
        120
        249
          0
        101
          4
          0
          0
          0
        255
          0
          0
        117
          0
        255
          0
          0
         36
          0
         16
        255
          0
        255
        125
          0
        117
        111
          0
        134
        177
         90
          0
         59
          0
          0
        185
          0
          0
        255
         71
          0
          0
         70
         74
        118
          0
          0
        108
          0
        111
        179
         31
          0
         60
        255
        255
          0
        241
          0
        255
         60
        175
          0
          0
        151
        201
        169
         86
        121
          0
          0
         60
          0
        255
          0
         71
         74
          0
          0
        255
          0
          0
          0
         77
        255
          0
        255
        255
          0
          0
          0
          0
          0
          0
          0
          0
          3
          0
         73
        255
        114
          0
          0
         37
        255
        255
          0
          0
          0
          0
          0
          0
        117
          0
          0
        255
         44
        129
        255
        255
          0
          0
          0
          0
          0
          0
         92
          0
          0
        141
        195
         46
         37
          0
         80
         38
          0
        255
          0
        142
         70
          0
        255
          0
        139
        108
          0
          0
         99
        134
          0
        166
         78
          1
          3
          0
          0
        211
          0
        134
          0
        122
        167
        255
        163
          0
        255
          0
          0
         47
        100
          0
         92
          0
        143
          0
        113
          0
          0
        100
          0
         60
        255
        174
          0
          0
         23
          0
          0
        157
          0
         72
         86
        175
        255
        158
        100
        127
          0
          0
          0
        255
          0
          0
          0
          0
          0
          0
        167
          0
          0
         13
        175
         50
        255
          0
          0
         61
         42
          0
        102
        142
          0
         92
        119
        190
        255
          0
         29
          0
          0
         54
          0
        255
         33
          9
          0
          0
          0
          0
         59
          0
         99
        158
          0
        104
        255
        197
         99
          0
        122
          0
        141
          0
          0
        156
         66
          0
        255
        255
         36
          0
          0
          0
          0
          0
          0
          0
        141
          0
        177
          0
        132
         25
        168
        218
          0
          0
        255
        105
          0
          0
         20
          0
         96
        195
         21
          0
         44
          0
          0
        237
          0
        180
          0
          3
        255
          0
         32
        195
        107
          0
          0
          0
          0
          0
          0
          0
          0
          0
        255
         75
          2
         87
          0
          0
          0
          0
          0
        212
         45
        178
         89
        255
          0
        228
          0
          0
          0
          0
        147
          0
         53
          2
          0
        255
          0
          0
          0
         45
         64
          0
        255
         34
        106
        211
          0
          0
          0
        151
          0
        213
        164
         78
        147
        138
        132
          0
          0
         54
        255
        115
          0
        217
          0
          0
          0
          0
         63
         51
        169
          0
        255
          0
        255
          0
          0
          0
          0
          0
        110
          0
          0
          0
        136
         65
        255
        145
          0
        198
          0
          0
          0
        241
         11
          0
          0
          0
        255
          0
        137
          0
         29
          0
          0
          0
        255
          0
          0
          0
         35
          0
          0
          0
          0
          0
        182
        162
          0
          0
        157
          0
        122
          0
        112
          0
          0
         72
        104
          0
        235
          0
          0
        125
          0
        120
          0
        145
          0
        108
          0
        159
          0
          0
         38
        197
          0
         44
         15
        211
          0
         10
          0
        222
          0
          0
        255
          0
         38
         20
          0
        137
          0
          0
          0
          0
        162
          0
          0
          0
        255
        255
          8
        209
          0
        255
          0
         72
        107
         60
          0
         82
          0
        232
        115
        220
          0
         20
          0
        255
        198
          0
          0
          0
        255
        126
          0
          0
          7
         39
        255
         23
        255
          0
         21
          0
          0
          0
        131
          0
          0
        136
        128
        138
        213
          0
         22
         34
          0
          5
         10
          0
          0
         32
          0
          0
        255
          0
         52
          6
        115
        174
          0
         22
        255
          0
          0
        183
         83
          0
         87
         41
          0
        216
         55
          0
        211
        199
          0
        151
          0
          3
          0
        255
         12
         61
        143
          0
          0
        192
          0
          0
          0
          0
          0
          0
          0
        255
          0
         86
        110
        255
         21
        139
        165
         94
          0
          0
          0
         62
          0
        227
          0
          0
        199
         76
         10
         28
         80
         21
          0
          0
         15
        112
          0
         88
          0
          0
        255
        255
          0
          0
          0
          0
         90
        205
        175
          0
        175
         40
        255
          0
          0
          0
          0
         51
        255
        225
        202
          0
         56
          0
          0
          0
         60
         38
          0
        255
         37
          0
        255
          0
         48
        175
          0
          0
          0
          0
         74
          0
        122
        132
         45
        105
          0
        218
          0
        143
          0
        209
        101
         97
          0
          0
         64
        255
        100
          0
          0
          0
          0
          0
        237
          0
          0
        226
          0
          0
          0
          0
         83
          0
          0
         57
          5
        255
          0
          0
          0
          0
        203
          0
          0
          0
          0
          0
         74
        255
          0
          0
          0
          0
          0
         24
        255
          0
          0
         93
          0
        255
          0
          0
          0
          0
        106
          0
          0
          0
          0
        105
        140
        116
        255
          0
         70
        191
        109
        243
          0
        255
          7
          0
          0
          0
          0
          0
          0
        255
          0
        208
          0
          0
          0
          0
          0
         29
         10
        185
        134
          0
         22
        221
          0
         20
         13
          0
          0
          0
         67
          0
        199
        255
          0
          0
          0
        185
          0
        138
        255
        255
         33
          0
          0
          0
          0
          0
         33
        133
        133
          0
        255
          0
         52
         19
          0
          0
         73
         29
          0
          0
          0
        179
        255
          0
         95
         59
          0
         42
          0
        145
        154
          0
          0
          0
         51
          0
          0
        125
        179
        128
        124
         65
          0
         70
         66
          0
          0
          0
          0
          0
          0
         28
          9
         41
          0
          0
         64
         37
        148
          0
        255
        134
        243
          0
         64
        190
          0
        255
        104
        129
          4
        165
          0
        159
          0
        204
         19
          0
          0
         13
        254
          0
        211
        195
          8
          0
          0
        255
          0
         46
          0
          0
          0
         98
          0
          0
          0
        114
          0
          0
          0
        172
          0
         65
          0
        197
          0
         99
          0
        200
          0
          0
          0
        255
        220
         55
          0
        133
          0
        191
        212
        106
          0
         48
          0
          0
        255
          0
          0
         88
          0
        255
          0
          0
          0
          0
          0
        179
          0
        180
          0
          0
          0
          0
          0
          0
        196
          0
        106
          0
          0
          0
          0
         91
        133
         91
         53
        117
          0
         39
          0
        163
         15
        214
          0
          0
          0
          0
         70
        115
          0
         19
          0
          0
          0
        106
        219
        255
          0
          0
          0
          0
          0
          0
         64
         79
          0
          5
          0
          0
          0
          0
         51
          0
          0
        255
         75
          0
        127
          0
        141
         94
          0
         97
          0
          0
        196
          0
         80
        255
          0
          0
          0
         74
          0
          0
        160
        100
        167
        246
          0
         38
        255
          0
        124
        181
          0
        255
         91
          0
          0
         67
         96
        141
          0
        255
          0
        255
         60
          0
          0
         73
          0
          0
          0
        153
          0
          0
        195
          0
        167
          0
          0
         45
        132
          0
          0
        215
         12
          0
          0
          0
          0
        103
         82
        131
          0
          0
          0
         32
          0
         95
        120
        255
        174
          0
          0
          0
          0
          0
          0
          0
          0
          0
          0
          0
        255
          0
          0
        255
         25
          0
          4
