         38
          0
        255
         66
        127
         14
          0
          0
          0
        107
          0
          0
          0
        227
         42
          0
          0
          0
        112
         92
          0
          0
         82
          0
          0
        122
          7
          0
        242
          0
        136
          0
        105
          0
          0
          0
         58
        141
          0
         34
        242
         91
         61
          0
          0
          0
         19
        255
          0
          6
        127
          0
          0
          0
          0
          1
          0
        191
          0
        255
          0
          0
          0
          0
          0
          0
        238
          0
          0
         60
          0
         34
          0
          0
          0
          0
          0
        224
        146
          0
          0
          0
        114
          0
          0
          0
          0
         10
          0
          0
          0
          0
          0
          0
          0
          0
        115
          0
         80
        185
        190
         48
        127
          6
          0
          0
          0
          0
          0
        129
          0
          0
         14
         68
          0
          0
          0
         60
         49
         19
          0
         10
        108
          0
        140
          8
         61
          0
          0
          0
        255
          0
         19
         92
          0
        152
          0
          0
          0
          0
         37
          0
        186
        230
        159
          0
        119
          0
          0
        145
         48
          0
          0
          0
          0
          0
          0
          0
        255
          0
          0
          0
        140
          0
          0
          0
          0
          0
          0
         48
          0
          0
          0
         32
        255
        236
          0
          0
          0
          0
          0
          0
         25
         12
         65
          0
        165
        104
          0
          0
        125
        130
        117
        127
          0
          0
          0
          0
          0
          0
          0
         97
          0
          0
          0
        155
         13
        255
          0
         66
          0
        183
          0
        148
         70
         43
         83
          0
          0
        192
         25
          0
          0
          0
          0
         50
          0
        110
          0
          0
        255
          0
        255
          0
        195
          0
         99
         82
          0
         44
         35
          0
          0
          0
          0
          0
         41
         43
          0
          0
         58
         87
         63
          0
        176
          0
          0
          0
        255
          0
          0
          0
          0
          0
        155
          0
        100
          0
          0
          0
        111
        210
        185
          0
         95
          0
         11
        219
         54
          0
          0
         19
        135
          0
          0
          0
        169
          0
        255
          0
        255
          0
        155
        116
          0
        117
          0
        116
          0
        224
          0
          0
         70
          0
        203
         17
        106
        201
          0
        231
         28
          4
         46
          0
          0
        126
          0
          0
          0
          0
          0
          0
        159
          0
          0
          0
         77
        146
        140
         25
         48
        161
         66
          0
        112
          0
          0
          0
         82
          0
          0
        150
         29
         64
         69
          0
          0
        182
         92
          0
        231
          0
          0
         95
        255
          0
          0
          0
        171
          0
        228
          0
        208
        255
        128
         25
          0
          0
         88
          0
         63
          0
          0
          0
          0
         44
          0
          0
         84
        131
        232
          0
          0
          0
          0
          0
          0
        249
          0
          0
          0
        142
         58
          3
        160
        255
         47
        211
        255
        206
        202
          0
          0
         17
          0
          0
          0
          0
          0
          0
        144
          0
          0
          0
          0
         13
          0
        102
          0
         53
          0
        185
          0
          0
          0
          0
          0
          0
          0
          0
          0
          0
          0
         57
          0
         45
         78
        155
          0
          0
          0
        197
          0
          0
          0
          0
          0
         55
          0
          0
          0
          0
         19
          0
          0
         12
          0
         79
         99
          0
          0
        189
          0
        255
         22
         60
          0
        119
          0
         43
          0
          0
        255
          0
        172
          0
          0
          0
        173
         14
        255
          3
          0
         55
          0
         23
        204
          2
          0
         87
          0
         23
          0
          0
         75
          0
        162
          0
          0
          0
          0
        154
          4
         32
          0
          0
         32
        131
         23
          0
         99
         74
