          0
        255
          0
        243
        255
         55
          0
          0
         70
          0
          0
          0
        187
        119
        222
          0
          0
         95
          0
          0
         18
          0
          0
        169
        165
          0
          0
          0
          0
          0
          0
        255
          0
          0
          0
          0
         64
          0
          0
          5
          0
          0
          0
          0
          0
          0
        255
        106
         17
          0
        126
          0
          0
          0
        134
          0
          0
          0
        114
          0
          0
        228
        114
        255
          0
        255
          0
          0
        137
          0
          2
         25
         40
        203
          0
         28
          0
         77
        186
         26
          0
         87
          0
        249
        255
          0
        177
          0
          0
        161
         63
          0
        160
          0
          0
          4
        216
         57
          0
        144
        250
        222
          0
          0
          0
        186
          0
         19
          0
          0
         63
          0
          0
         20
          0
          0
          0
        156
          0
          0
         48
        174
        100
          0
        136
         93
          0
        177
          0
          0
        215
          0
          0
          0
          0
          0
          0
          0
          0
          0
        253
          0
          0
         42
          0
          0
          0
          0
          0
          0
         38
        237
          0
          0
          0
          0
         52
        188
          0
        255
         70
          0
          0
          0
        200
        184
          0
          0
        117
          0
          0
        143
          0
          0
         94
        255
          0
          0
         38
          0
        229
         76
          0
          0
          0
          0
         82
          0
          0
          0
        198
          0
          0
          0
        255
        255
          0
        212
          0
          0
          0
         64
         34
          0
          0
          0
        255
          0
         71
          0
          0
          0
         20
          0
          0
          0
          0
        138
          0
         90
        255
        200
          0
          0
          0
          0
          0
          0
         95
          0
          0
          0
        120
         64
          0
          0
          0
          0
        197
          0
          0
          0
          0
         93
        229
          0
         95
          0
        107
         68
          0
          0
          0
          0
          0
        255
         20
          0
        248
          0
          0
          0
          0
         65
         15
         42
          0
          0
        187
          0
          0
        100
          0
          0
         11
        255
          0
          0
         20
        255
        113
        230
          0
          0
          0
        203
        201
          0
          0
         29
          0
          0
        222
          0
          0
        108
          0
          0
          0
          0
          0
          0
        255
         40
          0
        123
         99
          0
         78
          0
          0
        255
          0
        159
        115
         47
          0
          0
          0
        255
        208
          0
          0
          0
          0
         67
          0
          0
          0
          0
          0
          0
          0
          0
          0
        168
          0
          0
          0
          5
         17
         85
          0
          0
          0
         84
          0
          0
          0
         75
          0
          0
        135
        255
          0
         68
          0
          0
          0
          0
        127
        202
         29
          0
          0
          0
        255
          0
          0
          0
         65
          0
          0
          0
          0
          0
        135
         14
          0
          0
          0
        151
          0
          0
          0
        255
        165
          0
          0
          0
          0
          0
        211
          0
         42
          0
         60
          0
        255
          0
         98
        184
          0
          0
          0
          0
        123
        176
          0
          0
          0
         53
          9
          0
        109
        255
          0
          0
          0
        255
          0
          0
          0
        151
          0
          0
         74
          0
          0
          0
          0
         32
          0
         92
          0
        255
        148
        157
         38
          0
          0
          0
          0
        146
          0
          0
         96
        255
          0
          0
         88
          0
          0
          0
          0
          0
          0
         67
         59
          0
          0
          0
        255
        101
          0
        108
         44
        204
        251
        157
          0
        201
          0
          0
          0
          0
        156
         31
          0
        255
          0
          0
          0
          0
         24
          7
          0
         32
          0
          7
         68
          0
          0
          0
        255
          9
          0
          0
         65
          0
        255
         17
        142
          0
        190
        181
          0
        128
        182
        184
         73
        255
