          0
        255
        151
        129
          0
          0
          1
        255
        255
          0
          0
         15
         88
          0
          0
          0
        255
          0
          0
        148
          0
          0
        127
          0
          0
        255
          0
          0
         41
          0
          0
        196
        248
          0
        132
        144
          0
          0
          0
        235
          0
          0
        104
         33
         14
          0
          0
        211
        255
          0
          0
         79
          0
          0
          2
          0
          0
          0
          0
          0
          0
        255
          0
        129
         29
        255
          0
        123
          0
        255
         74
        255
        255
         92
         19
          0
        116
          0
        249
          8
          0
          0
          0
         81
          0
          0
          0
        177
          0
          0
          0
          0
          0
          0
          0
        255
         94
        255
          2
        146
          0
          0
          0
          0
          0
        125
         60
        190
         27
          0
          0
          0
        255
        170
          0
         93
          0
          0
        174
         72
          0
        235
          0
          0
          0
          0
          4
          0
         69
          0
          0
        163
        255
         35
          0
          0
        255
          0
        244
         75
          0
          0
          0
          0
        177
          0
         22
         79
        255
          0
          0
        163
        255
          0
         37
          0
          0
          0
        119
        110
          0
        255
        151
         67
        255
        255
          0
          0
          0
          0
          0
         64
          0
        255
          0
        255
        255
          0
          0
          0
          0
          0
        149
         34
          2
          0
          0
          0
          0
          0
        115
        248
          0
        136
          0
         70
        255
          0
          0
        137
        191
        125
         66
        188
          0
          0
          0
          0
        255
          0
          0
         30
          0
          0
         23
         24
          0
          0
          0
          0
          0
          0
         61
          0
          0
          0
          0
         43
        255
          0
          0
          0
        255
          0
          0
        180
          0
        255
        252
        255
        255
          0
         48
         56
          0
          0
        155
          0
          0
         10
          0
          0
          0
          0
        164
          0
          0
        179
          0
          0
          0
          0
         13
          0
        208
          0
          0
          0
         99
          0
          0
          0
        255
        137
          0
        111
        253
          0
         33
        220
          0
        160
          0
          0
          0
         58
          0
          0
         99
          0
        191
          0
          0
          0
        162
          0
          0
          0
          0
        155
         80
        202
          0
          0
         76
          0
        131
        120
          0
          7
          0
          0
          0
          0
          0
          0
          0
        210
          0
         42
          0
        255
          2
          0
          0
        158
          0
        255
          0
          0
          0
         42
        178
        255
         86
          0
          0
        175
          0
          0
         14
         23
          0
         86
          0
        152
          0
        128
          0
         40
          0
          0
         15
        255
          0
          0
          0
          0
          0
          0
          0
          0
        255
          0
        117
          0
          0
          0
        117
        163
          0
          0
          0
          0
          0
        255
        171
          0
          0
          0
          0
          0
          0
          0
          0
          0
          0
         92
          0
        255
          0
        129
        255
         68
          0
          0
        200
         59
          0
          0
          0
          0
         24
          0
          0
          0
          0
          0
          0
          0
          0
        150
          0
          0
          0
        123
         42
          0
          0
          0
        255
         11
        152
         56
        255
          0
        178
          0
          0
          0
        188
        255
         99
        118
          0
        129
         99
          0
          0
        170
          0
        152
        132
          0
          0
          0
          0
          0
         54
        255
          0
          0
          0
        218
        144
         86
        255
        151
        255
        152
          0
        255
          0
          0
          0
         67
        128
          0
          0
          0
        216
         74
          0
        255
          0
         37
          0
        150
          0
        164
          0
          0
          0
          0
        255
        255
          0
          0
        255
          0
          0
          0
          0
          0
          9
          0
          0
          0
          0
          0
          0
          0
          0
        100
        236
          0
          0
          8
          2
        153
          0
        152
          0
        255
          0
          0
          0
          0
        131
         95
        255
         63
        255
          0
          0
          0
        106
          0
        190
        199
          0
        129
        255
          0
          0
        181
        221
        255
          0
          0
         33
          1
          0
          0
          0
         31
          6
          0
          0
          0
         21
        207
          0
          0
          0
          0
         37
          0
          0
        255
          0
         66
        174
          0
         87
          0
          0
          0
          0
        255
          0
          0
          0
          0
         99
         85
          0
          0
          3
          0
          5
          0
        130
          0
          0
        191
          0
         32
          0
          0
        121
          0
          0
          0
          0
          0
          0
         37
        142
        114
          0
          0
          0
        141
          0
         44
         31
         41
          0
          0
          0
          0
         24
          0
          0
          0
          0
         34
         32
        144
          0
        231
          0
          0
          0
          0
          0
        132
        255
          0
          0
        255
          0
          0
         31
         33
          0
        134
         82
        117
          0
          0
        118
          0
          0
          0
         16
        255
          0
          0
        255
          0
        166
        255
        255
          0
          0
          0
          0
          0
        132
          0
          0
          0
          0
          0
          0
          0
          0
          0
          0
          0
          0
          0
          0
          0
          0
          0
          0
        255
        255
        105
          0
          0
          0
        255
          0
          0
          0
          0
        123
          0
          0
          0
         23
          0
         94
          0
          0
          0
          0
         34
          0
          0
          0
          0
         96
          0
          0
        255
          0
          0
          0
         37
          0
          0
          0
        255
          0
          0
          0
        204
          0
          0
          0
          0
          0
        255
        255
        187
          0
          0
          0
          0
          0
        113
          0
        255
          0
          0
          0
          0
          0
        255
        170
          0
         89
          0
          0
          0
         97
          0
          0
         37
          7
         82
          0
          0
          0
        255
        186
          0
          0
          0
          0
          0
          0
         67
          0
          0
        213
         42
          0
          0
         36
          0
        255
         87
          0
          0
         68
          0
          0
          0
        255
          0
          0
         50
        255
          0
          0
        134
        164
          0
         81
          0
        222
        191
          0
          1
          0
          0
        147
          0
          0
          0
          0
          0
          0
          0
          0
        140
          0
        255
        255
          0
          0
        152
          0
          0
         27
          0
          0
         26
          0
          0
        123
          0
          0
        135
          0
         77
          0
          0
          0
          0
          0
         45
        128
          0
          0
         27
        255
          0
        187
          0
          0
          0
        177
        109
          0
          0
          0
        106
          0
          0
          0
          0
          3
          0
        255
         78
        155
          0
          0
          0
          0
        140
          0
        255
        122
        255
          0
          0
        223
          0
          0
          0
          0
          0
         95
          0
         95
         75
          0
          0
         56
          0
          0
          0
        161
          0
          0
          0
          0
        113
         83
        255
         93
          0
          0
         40
        154
         54
          0
         46
          0
          0
         41
          0
          0
          0
          0
          0
          0
        140
        176
          0
          0
         70
        255
        196
          0
          0
         19
         28
        141
          0
          0
          0
          0
         47
          0
          0
          0
          0
          0
         24
          0
          0
        166
          0
        255
          0
          0
          0
          0
        102
          0
          0
          0
        173
        101
          0
          0
          0
        145
        134
          0
        255
          0
          0
          0
          0
          0
          0
          0
        255
        255
          0
          0
          0
        164
          0
          0
         67
          0
        187
          0
          0
          0
         80
          0
          0
          0
          0
        124
          0
          0
        147
          0
        237
          0
          0
        104
          0
          0
        157
          0
        113
        162
          0
          0
         48
          0
        255
          0
          0
          0
          7
        185
          0
          0
        215
          0
        251
        255
          0
          0
          2
          0
         23
          0
          3
          0
          0
        126
        208
          0
          0
          0
        191
        255
          0
         44
          0
          0
          0
          0
        170
          0
        153
        205
         91
        254
         70
        153
          0
         60
         65
          0
          0
          0
        255
          0
          0
          0
        252
         12
        120
          0
          0
        166
          0
          0
          0
         85
        182
         21
        238
        145
         73
          0
          0
          0
          0
         78
          0
          0
        225
          0
          0
        255
          0
          0
          0
          0
         63
          0
        255
          0
         67
        255
          0
         94
          0
          0
          0
          0
        181
        208
        226
          0
          0
          0
          0
        157
         72
          0
          6
        233
          0
        253
        182
        211
         62
          0
          0
          0
         12
          0
          0
         61
          0
          0
        255
        152
          0
          0
         74
        255
          0
          0
        255
        255
         80
        207
          0
          0
          0
         53
          0
          0
          0
        101
         93
          0
          0
        166
        151
          0
          0
          0
         66
          0
          0
          0
          0
        121
          0
          0
          0
        255
        181
          0
        255
        230
          0
          9
          0
        189
          0
        255
         31
          0
         25
          0
          0
          0
          0
          0
          0
         12
          0
          0
        255
         38
          0
          0
        255
          0
          0
          0
        100
        210
          0
        133
          0
        255
          0
          0
          0
          0
          0
          0
          0
          0
          0
          0
          0
        255
          0
        177
          0
        121
        106
         13
          0
          0
          0
          0
          0
        108
          0
        255
          0
        255
        133
        180
          0
          0
          0
          0
         11
          0
         74
          0
          0
          0
        255
          0
          0
          0
          0
          0
          0
          0
        104
         38
        255
        153
          0
          0
          0
        185
          0
        122
          0
          0
          0
         63
        255
          0
          0
          0
         46
          0
          0
          0
          0
         60
          0
        255
          5
          0
          8
          4
          0
          0
          3
          0
        255
        202
         49
          0
          0
          1
        106
        255
        119
        216
          0
        100
          0
          0
        148
          0
          0
          0
          0
          0
         94
        240
        162
        165
        255
        127
         87
        171
        246
         35
        151
          0
          0
         35
         91
        255
        255
        187
        214
          0
        175
          0
          0
          0
        255
        216
          0
          0
        196
         26
        126
         48
          0
          0
        255
          0
          0
          0
          0
        255
          0
         49
          0
         97
          0
          0
          6
        255
          0
        140
         80
          0
          0
          0
          0
          0
          0
          0
        255
        110
         96
          0
          0
          0
          0
          0
          0
          0
          0
          0
          5
        255
        234
          0
          0
          0
        213
        150
          0
        231
          0
          0
          0
          0
          0
        253
        127
        129
          0
        255
        255
         25
        140
        190
          0
          0
         92
          0
        212
          0
        111
         26
        146
        115
        107
          0
         82
          0
          0
         91
          0
          0
          0
        142
          0
          0
         55
        178
          0
          0
        195
        255
          0
         33
        211
         70
          0
          0
          0
          0
        171
          0
        241
        112
         38
          0
         46
         16
          0
         23
          0
          0
        186
        255
          0
          0
        255
          0
        120
        255
        187
          0
        255
          0
         96
          0
          0
         87
          2
        106
          0
        124
          0
          0
          0
          0
         62
          0
          0
          0
          0
         24
          0
         35
          0
          0
          0
          0
          0
          0
          0
          0
         48
          4
        255
        255
          0
          0
        112
          0
          0
        254
          0
        248
          0
          0
         61
          0
          0
          0
        201
          0
          0
          0
        255
         81
        162
        255
        116
        152
          0
        255
          0
        174
        210
        179
          1
        215
          0
          0
          0
        147
          0
        204
          0
          0
        233
        156
          0
          0
         16
        255
        216
          0
          0
          0
        106
        213
          0
          0
          0
          0
        124
        255
        163
        255
          0
          0
         45
        154
        255
          0
          0
          0
          0
          0
          0
          0
         29
          0
        255
        122
          0
          0
          0
         46
        253
          0
        255
          1
        183
          0
          0
        173
          0
          0
          0
          0
          0
          0
        255
          0
        255
          0
        174
          0
         70
        255
          0
         33
          0
        154
         34
        167
          0
          0
          0
        200
          0
         77
          0
          0
          0
          0
          0
          0
          0
          0
         52
        255
          0
        118
        255
        255
          0
          0
          0
          0
         77
          0
          0
        141
          0
          0
          0
        135
          0
          0
          0
          0
          0
          7
          0
        187
        162
        236
          0
          0
         31
          0
        180
        255
          0
          0
          0
        135
          0
        113
          0
          0
          0
          0
         16
          0
        172
          0
          0
          0
        161
        255
         43
          0
          0
          0
          0
          0
          0
        255
        210
        178
          0
          0
         11
          0
          0
         34
          0
        255
          0
         77
        139
         64
          0
        208
          0
         24
          0
         15
          0
          0
          0
          0
        225
          0
          0
          0
          0
          0
          0
        255
          0
        175
          0
          0
          0
          0
          0
        186
          0
          0
          0
          0
        160
        120
        139
          0
          0
          0
         53
          0
         12
        164
          3
          0
          0
          8
        127
         19
        255
          0
          0
        255
          0
         76
          0
          0
         55
          0
          0
        119
          0
          0
          0
          0
         27
          0
          0
          0
          0
        121
        255
          0
        255
          0
          0
          0
        177
        177
        255
          0
        193
          0
          0
          0
         49
          0
          0
        255
          0
          0
          0
        202
          0
        255
          0
        255
         76
          0
         75
         12
          0
          0
          0
        169
          0
        255
          7
         97
          0
          0
        235
          0
          0
          0
          0
          0
          0
          0
         19
        177
         76
        231
          0
        111
        212
          0
        255
        199
          0
          0
          0
          0
        106
          0
        255
          0
          0
        192
          0
        255
         64
        177
        108
          0
          0
          0
        193
          0
        255
        139
          0
        255
        103
        255
          0
          0
        255
        255
          0
          0
         96
          0
          0
          0
          0
          0
          0
          0
          0
         60
         42
        255
        135
          0
          0
        255
         76
          0
          0
        255
          0
        156
          0
          0
          0
        199
        155
         15
          0
          0
        255
          0
          0
          0
        113
         56
          0
          0
         36
          0
          0
        218
          0
          0
        184
          0
          0
          0
         12
          0
          0
        255
          0
        167
          0
          0
          0
        255
          0
          0
        255
        157
          0
          0
          0
          0
          0
         52
        215
          0
         65
          0
          0
        255
        130
          0
         69
          0
        255
          0
        255
          0
          0
        255
          0
          0
          0
          0
         74
          0
          0
        119
        255
        171
        255
          0
        112
          0
          0
        255
          0
          0
         39
          0
        152
          0
         39
        255
          0
          0
         13
          0
        255
        168
          0
        255
          0
          0
          0
        255
         79
          0
         34
          0
        255
          0
          0
          0
         47
          0
          0
         17
          0
          0
         16
          0
          0
        239
          0
        120
        105
         31
        165
          0
        141
        125
        109
        255
          0
        107
          7
        255
         18
        255
          0
         27
        255
          0
        141
          0
          0
          0
          0
          0
         15
          0
         13
          0
        255
        255
        109
        255
          0
         62
          0
          0
          0
          0
          0
        190
          0
          0
          0
          0
         38
          0
          0
         16
          0
         90
          0
        255
         30
        132
         28
          0
          0
          0
          0
          0
          0
          0
         76
        255
         66
        217
        116
