         40
          0
          0
        255
        148
          0
          0
         55
          0
         30
          0
          0
          0
         93
        104
        216
         23
          0
          0
          2
          0
          0
         40
        205
          0
          0
         29
          0
        255
         61
          0
          0
          0
         65
          0
        170
          8
         23
          0
          0
        127
        100
          0
          0
         29
          0
        176
          0
        136
        127
          0
          0
          0
          0
          5
          0
          0
          0
          0
          0
        255
          0
        110
          0
         58
          0
          0
          0
          0
          0
          0
          0
        104
         87
         63
        103
         14
         35
        191
          0
        127
          0
          0
          0
          0
          0
          0
          0
          0
          0
         35
          0
        255
          0
          0
          0
          0
         58
        162
         82
          0
          0
          0
          0
         24
         44
          0
          0
          0
         74
        151
          0
          0
          0
          0
        255
         80
        118
          0
         15
          0
        255
          0
        255
        255
          0
          0
         96
          0
          0
          0
          0
        123
          0
         76
         93
          0
         83
          0
         56
         53
          0
        124
          0
         64
          0
         19
          0
          0
          0
         92
          0
          0
          0
          0
          0
          0
          0
          0
        122
          0
          0
          0
         60
          0
          0
         78
         23
         48
          0
          0
          0
          0
          6
         57
          0
          0
          0
          0
          0
          0
        133
         77
          0
          0
        255
        216
          0
          0
         31
          0
        255
          0
          8
          0
          0
          0
          0
         84
         40
         25
          0
          0
          0
         55
         13
        138
          0
          0
         30
        255
          0
         71
        170
          0
          0
          0
        255
          0
        226
          0
         17
          0
          0
          8
         66
        176
          0
          0
         95
          0
          0
         78
          0
        184
          0
         40
          0
          1
          0
        151
          7
        255
          0
        155
          0
         89
         28
          0
          0
        168
          0
          0
        147
          0
         18
          0
          2
        155
        228
          0
          0
          0
          0
         15
         17
          0
          0
          0
          0
          0
         40
         85
          0
        255
        120
          0
          0
         16
        229
          0
          0
          0
          0
          0
        107
          0
          0
          0
         71
          0
        250
         17
         11
          0
         78
         35
        110
         31
          0
          0
          0
        188
         46
          0
          0
        255
          1
         81
        143
        101
         92
          0
        255
          0
        255
         26
          0
          0
          0
         50
          0
          0
         67
          0
          0
          0
         68
         23
          0
          0
          0
          0
          0
          0
          0
         89
          0
        255
        255
          0
        116
          0
          0
          0
        255
          0
         91
        255
          0
          8
          0
          0
         28
          0
        107
          0
        101
          0
         78
        142
          0
        126
          0
          0
          0
          0
         51
          0
          0
          0
          0
         61
         73
          1
          0
          0
        255
          0
          0
        205
        107
          0
        255
          0
         11
          0
          0
        139
          0
          0
         50
        120
          0
          0
          0
         42
         56
          0
          0
         97
          0
        255
          0
          0
        108
          0
        163
        111
        255
          0
          0
        230
          0
          0
        255
         46
         42
          0
         19
          0
          0
          0
          0
        157
        106
        255
         58
          0
         95
          0
          0
          0
        137
          0
          0
          0
         83
         19
        116
          0
          0
          0
          0
          0
          0
         56
          0
          0
         55
          0
          0
        148
          0
          0
          0
          0
        106
          0
          0
          0
          0
          0
          0
         68
          0
        255
          0
        175
          0
         90
         82
         43
        255
          0
          0
          0
          0
          0
          0
         58
         24
         98
          1
          0
          0
          0
          3
         30
        116
         65
          0
          0
          9
        107
        189
          0
        175
        255
        255
          0
          0
          0
          0
          0
        255
        240
          0
        255
         34
        108
        102
         13
         70
        122
        187
          0
          0
          0
          0
          0
        123
          0
         97
          0
          0
          0
        178
         43
         57
        255
          0
          0
        123
          0
          0
         64
        255
          0
         91
          0
        137
          0
          0
          0
          0
        109
        247
         98
         28
          0
          0
         82
         96
          0
        138
          0
          0
          0
        189
         38
         66
        255
          0
          0
        113
         73
         81
          0
        255
        176
          0
          0
         96
          0
          0
          6
         45
          0
          0
         59
          0
          0
        100
         22
          0
          0
        104
          0
          0
         49
          0
         47
          0
        255
          0
          0
        109
          0
        228
          0
        255
        223
         44
          0
          0
         17
          0
          0
          0
          0
         77
          0
          0
          0
         77
          0
          0
        104
          0
          0
          0
         79
        143
          0
          0
        255
          0
         47
         76
         11
        192
          0
        255
          0
          0
          0
          0
         18
        255
         70
         71
        140
          0
          0
          0
          0
          0
          0
          0
        255
          0
         38
          0
          0
          0
        112
         13
        255
        255
          0
        114
         31
        220
          0
        255
          0
        255
          0
        128
          0
        255
         57
         64
          0
         63
          0
          0
          0
         56
          0
          0
          0
        153
          0
          0
          0
          0
          0
          0
        255
        255
          0
         95
          0
        178
          0
        255
         70
          0
        166
         34
         34
          0
         85
         28
          0
          0
          0
        131
         82
         32
          0
          0
          0
        122
          0
         12
          0
        255
          0
          0
        255
          0
          0
         28
          0
          0
          0
        255
        135
         63
        242
          0
          0
          0
         45
          0
        141
        195
          0
          0
         59
         44
         58
          0
        117
          0
          0
         40
          0
        118
          0
         27
          0
        255
        133
          0
         69
          0
          4
        255
        154
          0
          0
         32
          0
         34
          0
          0
        190
        255
          0
          0
          0
         62
         51
          0
          0
          0
          0
          0
         23
          0
         96
          0
        255
        151
          0
          0
         44
        204
          0
        255
         72
          0
         54
          0
          0
          0
         41
         82
          0
          0
          0
          0
          0
          0
          2
          0
        230
        157
          0
        145
          0
        168
        151
          0
        255
        255
          0
          0
         69
         24
          0
        255
          0
          0
         85
         68
          0
        255
         12
          0
         10
         15
          0
          0
          0
          0
          0
          0
          0
         48
         13
        119
          0
          0
        102
          0
        255
          0
        149
          0
         64
          0
          0
        255
        154
          0
          0
        119
          0
          0
          0
          1
          0
         56
          0
          0
          0
          0
          0
          0
          0
         81
         47
          0
         52
          0
         62
        139
        255
        158
          0
          0
          0
        204
          0
        255
          0
          0
          0
          0
         35
          0
         53
         40
          0
          0
          0
          0
          0
          0
          0
          0
          0
          0
          6
         85
          0
          0
         74
          0
        255
          0
          0
          0
          0
         28
          0
        255
          0
        255
          0
         81
          0
        255
         51
          3
          0
          0
         10
          0
          0
          0
        131
          0
          0
        154
         59
          0
          0
          0
        149
         25
        255
        255
          0
          0
          0
        159
          0
        255
        196
          0
          0
          0
          7
          0
          0
         72
         34
          0
          0
          0
          0
         55
        133
          0
          0
        133
         41
        103
        163
          0
         86
          0
          0
        255
         80
          0
          0
          0
        101
        255
          0
          0
          0
          0
         21
         65
         32
         51
         48
        216
          0
        168
         87
          0
          7
          0
          0
          0
          0
          0
        158
          5
          0
          0
          0
        255
        152
         69
         29
          0
          0
        255
        216
        105
        255
         42
          0
        140
          7
          0
          0
        220
        113
          0
          0
          0
         67
          0
          0
          0
         58
        100
          0
          0
          0
          0
          0
          0
          0
         51
          0
          0
          0
          0
          0
          0
          0
         72
          0
          0
          0
         32
         84
          0
          0
          0
          0
         86
          0
          0
          0
        147
          0
        135
          0
        226
          0
        144
          0
        255
          0
        151
         40
        175
          0
        255
          0
        255
        227
          0
          0
        255
          0
          0
         72
          0
          0
          0
          0
          0
          0
          0
          0
        155
          0
        145
          0
          0
        143
          0
        255
          0
          0
          0
         67
          0
          0
        255
        163
         21
        255
        151
          0
          0
         71
         22
          0
          0
          0
          0
          0
         13
          0
          0
          0
          0
          0
        147
          0
          0
          0
        199
        255
        197
         21
          0
          0
         12
          0
        255
        135
          0
        255
         42
          0
          0
          0
         18
         62
        252
          0
          0
          0
         30
          0
          0
          0
          0
         32
          0
          0
          0
          0
        223
        255
        209
          0
          0
          0
        158
          0
        255
          0
          0
        255
          0
          0
          0
         88
         94
          0
          2
          0
          0
          0
          0
        131
        102
        110
        129
          0
          0
          0
          0
         60
          0
         88
          0
          0
         95
          0
         39
          0
        255
          0
          0
          0
          0
          4
          0
          9
         58
          0
         61
          0
          0
         14
         73
          0
          0
          0
          0
          5
        129
        103
          0
         67
          0
        255
          0
          0
        103
         71
          0
          0
        255
         71
          0
          0
          0
          0
         35
         14
          0
        109
        122
          0
          0
          0
          0
         78
          0
          0
          0
         12
          0
          0
          0
          0
         70
        255
        167
          0
         34
         44
        103
          0
        255
         45
         56
          0
         51
          0
        255
          0
         84
        165
        246
         61
        155
         40
         36
         99
          0
          0
         85
         33
          0
          0
          0
         58
        149
        255
         61
          0
          0
          0
          0
          8
          0
          0
          0
          0
          0
          0
          0
         77
         50
          0
         15
          0
          0
          0
         34
          0
          0
         33
        104
          0
          0
         60
         24
          0
        143
        255
        255
          0
          0
          0
        100
          0
        255
        215
         53
          0
         12
          0
          0
          0
          0
          0
         18
         77
          0
          0
          0
          0
          0
          0
         76
         18
          0
          0
          0
         75
          0
        255
        255
          0
        137
          0
        129
         21
          0
         84
          0
        255
          0
          3
          0
          0
          0
          0
         39
         66
          0
          0
         60
          0
          0
          0
          0
          0
        165
          0
          0
         54
         66
          0
        255
          0
         97
          0
          0
          0
        255
          0
        184
          0
        149
          0
          0
         62
          0
         19
          0
          0
          0
          0
         91
         55
        112
          0
          0
         36
        124
          0
          0
          4
          0
        255
          0
          0
          0
          0
          0
          8
        255
        194
          0
          0
        135
          0
          0
          0
         45
         80
          0
          0
          0
         88
          0
         42
        127
          0
        128
          0
          0
         16
          0
         34
          0
        255
          0
          0
          0
         55
          0
          0
        255
        240
          0
        255
          0
          0
          0
          0
         54
          0
          0
          0
          0
          0
          0
        168
          0
          0
         36
          0
          0
         61
          0
          0
          0
        255
          0
          0
          0
         50
          0
          0
        255
          0
          0
          0
         78
          0
          0
          1
          4
         36
         69
          0
          0
          0
          0
         75
          0
          0
          0
         14
         13
          0
          0
        142
          0
        255
        255
        169
          9
         82
        132
          0
        255
        187
         47
          0
         38
          0
        180
          0
         34
        122
          0
          0
          0
         37
          0
          0
         98
          0
          0
         49
          0
        222
          0
          0
        128
          0
         46
          0
        160
          0
          0
          0
          0
          0
          0
          0
          0
          0
        255
         42
         40
        164
          0
          0
          0
         33
         70
         30
          0
          0
          0
          0
          0
         79
          0
         24
          0
          0
          0
          0
        145
          0
        195
          0
        255
          0
          0
        255
          0
         46
          0
          0
          0
          0
         76
        183
        119
         62
         14
          0
          0
        158
        141
          0
          0
        120
          0
          0
          0
        255
          0
          0
        189
          0
          0
          0
          0
          0
          0
        255
        104
         30
          0
         34
          0
          0
          0
          0
          0
          0
         62
          0
          0
          0
          0
          0
          0
         49
        186
          0
          0
         70
         25
          0
          0
         87
          0
          0
        255
          0
          0
         96
        114
         17
          0
          0
          0
          0
          0
          0
          0
          0
         45
        160
          0
          0
          0
          0
         99
         31
         43
        120
        186
          0
        244
          0
          0
         32
          0
          0
        255
          0
        255
          0
          0
          0
          0
          0
          8
          0
          0
          7
          0
          0
          0
        122
          0
          0
          0
          0
          0
          0
        191
        145
          0
        255
          0
        153
          0
         79
          0
          0
        255
        181
          0
          0
         23
          0
        255
          0
         25
          0
          0
          0
          0
          0
          0
          0
          0
          0
         68
         68
          0
        159
          0
          0
         29
          0
          0
          0
        182
         33
        135
          0
        255
          0
          0
          9
        165
          0
          0
          0
          0
        135
          0
         27
          0
          0
          0
         64
          0
        140
        148
         68
          0
          0
          0
         48
          0
        255
        180
          0
          0
         33
         60
          0
          0
          0
        255
         39
          0
          0
          3
         22
          2
          0
          0
          0
          0
         66
         90
        164
          0
          0
         42
          0
          0
          0
          0
          0
          0
        255
          0
          0
         28
          0
        173
         88
          0
         37
          0
          0
         55
         65
        255
          0
         71
          7
          0
         40
          0
         69
          0
         26
          0
          0
          0
          0
        118
          0
          0
         40
          0
        255
          0
          0
         75
         82
        152
         78
        255
          0
          0
          0
         55
          0
          0
         65
         91
         53
         61
          0
          0
        102
          0
          0
          0
          0
         29
         64
         90
          0
          0
         65
          0
        211
        255
          0
          0
        103
         70
          2
          0
          4
          0
          0
         70
          0
          0
          0
          0
         36
         39
          0
          0
        106
          0
         40
          0
          0
          0
          0
          0
          0
          0
         48
          0
        255
        255
          0
        127
         22
          0
          0
          0
          0
         59
        191
          0
         47
          0
          0
          0
          0
         83
         26
          0
         86
          1
        115
          0
          0
          0
          0
        111
          0
         59
        131
          0
        255
          0
          0
         19
         10
          0
          0
          0
         18
         55
        255
          0
         84
          0
          0
          0
        152
          0
         91
          0
         57
         15
          0
          0
          0
         44
          0
         74
          0
          0
         54
          0
        255
          0
          0
         37
         30
          0
         95
          0
          0
          0
        255
          0
          0
        170
          0
          0
          0
          0
         34
          0
          0
          0
          9
          0
          0
          0
          0
        131
         45
          0
         38
          0
        255
          0
          0
          0
          0
        162
          0
          0
          0
          0
        255
         51
          0
        255
          0
         46
        118
        151
          0
          0
          0
         47
          0
          0
          0
        115
         36
          0
        144
         84
          0
          0
          0
          0
         64
          0
         45
        192
         48
          0
          0
         97
         78
        123
          0
         92
