        255
          0
        159
          0
         60
          0
          0
         95
          0
          0
         40
          0
        204
          0
          0
        255
        165
          0
        118
          0
          0
          0
         83
         19
          0
         84
          0
        196
          0
          0
         25
          0
        255
        238
        255
          0
         75
          0
        255
        255
        255
          0
         61
        255
        255
        255
          9
          0
         30
        109
         23
        176
         46
         58
          0
          0
          0
          0
        208
          0
          0
          0
         72
         49
        255
          0
          0
          0
         26
          0
          0
          0
          0
          0
          0
        255
        255
          0
          0
        255
          3
         72
          0
          0
          1
        118
          0
          2
          0
          0
        181
          0
         76
          8
          0
          0
        255
          0
          0
          0
          0
         75
          0
          0
        255
         34
         30
        255
        127
        207
          0
          0
          0
          7
        156
          0
        108
        203
          0
          0
         35
          0
          0
         18
         70
          5
         34
         45
        255
          0
         92
        166
         43
        157
          0
          0
        255
          0
         76
          0
        255
        216
          0
        255
        106
        108
         95
         34
          0
          0
        255
          0
         75
        209
          0
        151
         45
          0
          0
         42
          0
          0
        114
        157
          0
          0
        127
          0
        255
        127
         82
          0
         44
          0
          0
          0
        131
          0
          0
        255
          0
         38
          0
          0
        255
          0
         30
        155
          6
          0
        235
          0
        255
          0
          0
          0
         39
          0
          0
          0
          0
          0
          0
          0
          0
          0
          0
          0
          0
        132
         77
          0
         66
        142
          0
        243
          0
          0
          0
        153
        116
          0
        213
          8
        255
          0
        175
         60
         36
        152
        102
         37
          0
         16
         42
         29
          0
        176
          0
          0
        194
          0
          0
          0
          0
          0
          0
          0
          0
        255
          0
          0
          0
         33
          0
         11
        255
         67
          0
        118
          0
          0
          0
          0
          0
         88
          0
        255
        255
        255
          0
          0
        137
          0
        101
         55
          0
          0
        104
          0
        178
          0
          0
        231
          0
          0
          0
          0
        255
          0
        255
          0
          0
          0
          0
        255
        227
        185
         78
        114
        214
          0
        226
          0
        197
          0
         16
        230
          0
          0
          0
          0
          0
          0
        105
        186
          0
          0
          0
         29
          0
          0
          0
          0
          0
          0
          0
        188
          0
          0
         77
          0
          0
          0
         66
          0
        168
          0
          0
        255
          0
          0
          0
          0
        180
          0
          0
        119
        145
          0
          0
          0
          0
          0
        255
          0
         11
          0
          0
          0
         49
        117
          0
          0
          0
         83
        223
          0
         91
         66
          0
          0
          0
          0
          0
         25
          0
          0
          0
         25
          0
        159
          0
         48
        145
         89
        192
          0
         37
          0
          0
          0
          0
        188
         82
         23
        253
          0
         45
        255
         48
          0
         51
        255
          0
         79
        255
         70
         29
          0
         34
          0
          0
          0
        227
          0
          0
          0
          0
          0
         11
          0
          0
        131
          0
          0
         88
        255
          0
          0
          0
          0
        107
          0
          0
          0
         69
         50
        151
         13
          0
        193
        193
          0
          0
          0
        167
         95
          0
          0
          0
        161
          6
          0
          0
          0
          0
          0
         92
        195
          0
          0
         55
          0
        180
          0
          0
        120
          0
          0
          0
         41
          0
         91
        194
        181
          0
          0
          0
         59
          0
          0
        255
          0
          0
          0
        174
        255
         44
         97
          0
          0
        255
         71
          0
          0
        139
          0
          7
          0
          0
         27
          0
         84
          0
          0
          0
         23
        150
        138
          0
          0
