          0
        155
          0
          0
        115
          0
         88
          0
          0
          0
          0
          0
        218
        255
          0
         73
         66
         31
          0
         20
        184
         42
         35
          0
          0
          0
          0
          0
          0
          0
        108
        255
          0
         48
          0
          0
        103
         51
          0
          0
         92
          0
         59
          0
          1
        127
          0
          0
        212
          0
          1
          0
          0
          0
          1
          0
          0
          0
          0
         43
          0
          0
        151
        217
          0
        131
          0
          0
          0
          0
          0
          0
         48
          0
          0
          0
         84
        117
          0
          0
         24
         31
        186
          0
          0
         55
         37
        129
          0
          0
          0
         16
        144
          0
        130
          0
          0
          0
          0
          0
          0
          0
        107
          0
          0
        128
         47
          0
        137
        199
          0
         23
          0
          1
          0
          0
          0
          0
          0
         39
          0
          0
          0
         38
        184
          8
          0
         76
        255
        132
          0
          0
          0
          0
        149
         59
        255
        180
          0
        167
        226
         17
          0
          0
        175
          0
        145
          0
          0
          0
        160
          0
          0
          6
          9
          0
        120
          0
          1
        255
          0
          0
          9
          0
          0
         32
          0
        231
        135
        171
          0
        155
         72
        152
          0
          0
        233
          0
         37
          0
         60
          0
        198
          0
        186
          0
          0
          0
         32
         42
        253
        195
          0
         38
         93
          0
         86
         43
        175
        139
        255
         88
          0
        174
        224
        183
          0
        111
          0
          0
          0
          0
         49
          0
        199
         93
          0
          0
          0
        137
        107
         57
          0
        211
        255
        103
         82
          0
          0
          0
          2
        130
          0
          0
          0
          0
        130
          0
          0
         26
        232
         77
          0
         60
          0
          0
          0
          0
          0
          0
          0
         68
          0
         82
         80
          0
        131
         82
         33
         38
          0
          0
        125
        173
          0
          0
        172
        153
        150
        147
         24
          0
        179
         19
          0
          0
         90
         45
          0
          0
          0
          0
          0
         80
         80
         14
         86
        255
          0
        158
          0
          0
          0
        150
          0
         11
        240
         24
          0
        105
         53
          0
          0
          0
          0
         62
          0
          0
          0
          0
        156
          0
          0
          0
          0
          0
          0
         28
         89
        129
          0
          0
          0
          0
          0
          9
          0
          9
          0
        115
          0
         60
        132
          0
          0
          0
          0
         63
          0
         14
          0
        221
          0
          0
         95
          0
          0
          0
          6
          0
          0
          0
          0
         83
        162
        213
          0
          0
         38
         16
         51
         16
          0
          0
        192
         42
          0
          8
        210
         64
         59
          5
         32
         55
        153
        134
        255
          0
          0
         41
          0
         26
        121
        147
          0
        146
          0
          0
          0
          0
         44
          0
          0
          0
          0
          0
          4
          0
          0
         71
         82
         16
          0
          0
         10
          0
         83
          0
          0
          0
         42
          0
         94
         28
          0
          0
        255
         13
          0
        255
        151
        180
          0
          0
        161
         71
        113
          0
         14
        186
         78
         45
          0
        106
        207
         38
          0
          0
        219
          0
        161
          0
          0
          0
         49
          0
        190
          0
        255
        111
          0
          0
          0
        150
         95
        204
         14
          0
          0
          0
        152
          0
         88
          0
         39
          0
          0
         65
          0
          0
          0
          0
          0
          0
          0
          0
         63
         97
        149
          0
          0
        137
          0
          0
          0
          0
         55
         47
          4
         70
          0
          0
          0
        255
          0
          0
          0
        111
         84
          0
          0
          0
        218
          0
        114
          0
         72
          0
          0
         70
        228
        170
