          0
          0
        255
          0
          0
          0
         51
        210
        170
          0
         88
          0
          0
          0
          0
          0
          0
        255
          0
          0
         26
        211
        120
          0
          0
          0
         96
          0
          0
          0
        255
         43
         84
          8
        255
          0
          6
          0
          2
        161
        170
          0
         61
          0
          0
          0
          0
          0
        160
        231
          0
        192
         46
          0
        151
        187
         95
          0
          0
        195
         98
          0
        156
          0
          0
          0
        255
          0
          0
          0
          0
        190
          0
          0
         71
        216
          0
          0
        135
        198
          9
        255
          0
          0
          0
          0
        101
          0
        211
          0
          0
         92
          9
          0
        212
          0
          0
          0
        255
          0
        111
         40
          0
          4
        104
        228
         52
          0
         75
          0
          0
        255
          0
          0
         69
          0
         55
          0
         93
        184
          0
          0
         62
          0
         11
          0
        174
          0
         80
          0
        255
         10
          0
          5
         70
        216
          0
          0
        123
         76
         98
          0
        201
         68
        107
        102
         65
          0
          0
         47
        160
         12
         97
          0
         35
        162
        106
          0
        129
          0
          0
          0
          0
        116
        123
          0
          1
          0
          0
        255
         26
        255
         78
          0
          0
          0
        145
        255
          0
          0
          0
        151
        155
        255
        104
          0
          0
         55
          0
         47
          0
        255
          0
          0
          0
         85
        200
          0
         70
          0
          0
          0
         98
          0
        138
          0
          0
          0
        171
        255
          0
          0
         65
          7
         69
          0
        182
          0
          0
        206
          0
          0
        209
          0
         93
          0
        255
        128
          0
          0
          0
          0
          0
          0
         16
        255
          0
        255
          0
          0
         90
          0
          0
          0
        151
        255
        131
         75
          0
          0
          0
        224
          0
        106
          0
          0
          0
          0
        255
          0
          0
          0
         90
        104
         21
          0
        187
        237
          0
          0
          0
        255
          0
         54
          0
         90
          0
        136
         66
          0
        122
        121
         81
          0
          0
          0
        255
         77
          0
          0
        255
          0
         40
         91
         37
        150
        116
          0
        139
        255
        255
          0
          0
          0
        146
          0
        182
          0
          0
        140
         34
          0
          0
         35
          0
          0
          0
          0
          0
          0
        173
         86
        255
          0
          0
          0
          0
         27
         22
          0
        192
        255
          0
        255
        207
        255
          0
          0
        179
          0
          0
          0
          2
        194
          0
        148
          0
          0
          0
          0
        229
          0
          0
         19
          0
          0
          0
          0
          0
          0
         30
          0
          0
          0
         76
          0
        220
        123
         41
          0
          0
        100
          0
          0
          0
        220
        150
          0
          0
          0
         76
          0
         63
          0
          0
        107
          0
          0
        187
          0
         99
        156
          0
         10
        163
          0
          0
        255
          0
        255
         81
          0
          0
        141
         49
          0
         65
          0
        213
          0
          0
          0
          0
        140
          0
          0
          0
        136
        255
         17
        157
          0
          0
         43
        127
          0
        195
          0
        221
        124
        211
          0
          0
          0
          0
          0
        120
          0
         93
          0
          0
         40
          0
         18
          0
          6
        146
        134
          0
         80
        255
          0
         69
          0
         86
          0
          0
          0
          0
          0
          0
          0
        242
        255
        151
          0
          0
        204
          0
        255
         28
        231
         65
          0
          0
         14
          0
        177
          0
        152
          0
         17
        167
        192
         45
          0
          0
          0
          0
        235
          0
        255
        187
          0
          0
          0
          0
          0
          0
          0
        152
          0
         49
        122
          0
          0
         26
         32
         70
          0
         24
        209
          0
        158
        255
          0
          0
        188
         40
         96
          0
          0
          0
         90
          0
          0
          0
        117
          0
          0
          0
         48
          0
         95
        126
          0
          0
         45
         57
          0
          0
         63
          0
         98
          0
          0
        255
        129
          0
        157
         24
        131
          0
          0
          0
          0
        204
        255
         43
        255
          0
        128
          0
         35
        130
          0
         71
          0
        198
          0
          0
        100
         29
          0
         52
          0
          0
          0
          0
          0
          0
          0
          0
        139
        111
         10
         37
          0
          0
          0
          0
          0
         22
          0
          0
        121
         55
          6
         14
         30
          0
        110
          0
         32
          0
         31
          0
          0
        168
        148
        255
         38
          0
          0
          0
        133
         16
          0
          0
          0
          0
        255
          0
        255
          0
          0
          6
         93
          5
          0
          4
          0
        146
         91
          0
          0
          0
          0
          0
          0
         52
        134
        255
          0
          0
          0
          0
        134
          0
          0
          0
          0
        255
        255
        213
          0
          0
          0
         25
         21
          0
          0
         59
          0
          0
         80
          0
          0
          0
          0
          0
        255
          0
        157
        192
         21
          0
         21
          0
         41
         62
          0
          0
          0
        255
        255
          0
        117
          6
          0
         56
         32
          0
         93
         73
        186
          0
          0
          4
          0
        114
          0
        201
        248
          0
          0
        255
          0
          0
         47
          0
         38
          0
        135
          0
          0
          0
          0
          0
        117
         46
          0
        170
          0
        130
          0
          0
        163
          0
         31
          0
          0
         71
          0
        255
          0
          0
        154
        255
        204
        138
        180
          0
          0
          0
         46
          0
        255
        197
        211
          0
          0
          0
        255
        158
          0
          0
          0
         39
          0
         67
          0
        117
        239
         50
          0
          0
          0
          0
          0
          0
          0
          0
         86
         30
        137
          0
          0
          0
          0
          0
          0
        201
          8
          0
          0
          0
          0
         91
          0
         92
          0
          0
          0
        165
          0
          0
          0
        242
         77
          0
        144
          0
        120
          0
          0
         31
          0
        107
         43
          0
          0
          0
          0
        112
        255
          0
         33
         48
          0
          0
          0
         47
          0
         24
          0
          0
          0
         47
        188
        136
        209
        176
          0
        209
          0
         82
        144
         84
        190
         49
          0
          0
         55
        255
          0
        222
        255
        134
        255
        255
          0
        163
         34
         40
        168
        201
         49
        106
          0
          0
        130
        130
        243
          5
         79
        255
        144
        165
         24
          0
         99
          0
        155
         97
        255
          0
        255
          0
        255
        169
          0
          0
          0
          0
          0
          0
         68
          0
         30
        165
          0
          0
          0
          0
          0
        166
          0
        255
          0
         73
          0
          0
        142
         97
          0
          0
          0
          0
        255
        181
        180
        197
          0
          0
          0
          0
         55
         12
          0
          0
          0
          0
          0
          0
         32
        192
          0
          0
          0
        255
          0
        126
          0
         83
        115
        204
          0
          0
          0
        255
        255
        196
        255
          0
          0
         89
         51
          0
          0
         57
        114
        163
         32
          0
          0
          0
          0
         82
          0
          0
          0
        255
          0
          0
         93
          6
        155
        124
          0
          0
         19
        217
        255
          0
        255
          0
          0
          0
          0
         63
        255
          0
         39
        208
        106
          0
          0
          0
          5
          0
          0
          0
         44
        255
        148
        160
          0
          0
          0
        138
        175
          0
          0
        228
         49
          0
        255
          0
          0
          0
        135
          0
          0
          5
        255
          0
         67
          0
        204
          0
        108
          0
          0
        184
        145
          0
        178
        184
         83
         97
          0
        192
        152
          0
          0
        255
          0
          0
         99
          0
          0
          0
        121
         50
          0
          3
          0
        162
        145
        134
        178
          0
        121
          0
        122
         61
          0
          0
         54
          0
          0
          0
          0
          0
        233
        185
          0
          0
        255
          0
        255
          0
          0
        117
          0
          0
          0
          0
        120
          7
          0
          0
          0
          0
          0
        145
          0
          0
          0
          0
          0
          0
        141
         56
          4
         84
          0
        164
          0
          0
        255
         27
        110
          0
        255
          0
          0
         94
          0
         15
          0
        129
         74
          0
         93
          0
          0
        255
          0
          0
        157
        255
        179
          0
        134
         52
          0
         66
          0
         84
          0
          0
          0
          0
        255
        172
        255
         35
          0
          0
         93
         35
        117
          0
        120
        174
          0
          0
          0
          0
          0
          0
          0
        255
        107
          0
          0
         74
        102
        192
        211
        202
          0
          0
        255
          0
        255
         70
          0
         73
          0
          0
          0
          0
          0
        174
          0
          0
          0
         59
        167
        103
          0
          0
          0
        255
          0
        193
          0
          0
         97
          0
          0
        159
          0
          0
        255
          0
        255
         54
          0
          0
          0
          0
          0
        167
         30
          0
          0
        147
          0
         78
          0
        103
          0
          0
         24
        255
          0
          0
          0
          0
        169
          0
          0
          0
          0
        255
          0
         83
         80
          0
          0
         99
         27
         75
          0
        104
        203
         50
          0
          0
          0
          0
          0
        255
          0
          0
         43
        255
        189
        107
          0
          0
          0
        113
          0
          0
        184
        255
          0
        230
          0
         11
          0
        210
          0
          0
          0
          0
        209
         30
         38
         55
         59
          0
          0
          3
        195
          0
          0
        255
        211
          0
        156
          0
        194
          0
         91
          0
          0
        255
          0
          0
        210
          0
        235
          0
         67
        146
         44
          0
          0
        113
         20
         26
          0
          0
          0
          0
        182
          0
         69
          0
          0
        169
        188
          0
          0
          0
          0
          0
          0
          0
        255
         13
          0
          0
          0
          6
          0
          0
        255
         87
        255
         71
          0
          0
         53
        209
          0
          0
          0
          9
        141
          0
          0
          0
          0
         80
          0
          0
        170
          0
        137
          0
        255
          0
          0
          0
          0
        149
          6
        119
          0
        163
        246
        107
          0
          0
          0
        154
         84
        255
        235
          0
        109
          0
         21
        191
        183
        104
          0
         92
          0
          0
          0
          0
         99
          0
          0
          0
          0
          0
         81
         89
        123
          0
          0
        139
         18
          0
          0
          0
          0
        131
          0
          0
        136
        255
          0
        130
          4
         18
        106
          0
          0
          0
        134
         16
        255
          0
        217
        188
          0
          0
         53
          0
         48
          0
          0
        182
          0
          0
          0
          0
          0
         55
        213
          8
          0
          0
        101
        139
          0
         63
         82
        208
          0
          0
          0
          0
          0
         82
         57
          0
          0
          0
          0
          0
          0
          0
         36
        135
          0
          0
         70
          0
          0
        157
          0
         14
          0
          0
          0
         88
          0
         75
        186
        144
        223
          0
          0
          0
          0
        179
        255
          5
         41
        133
          0
         73
          0
         79
        142
         64
        124
          0
          0
          0
          4
          0
          0
          0
         71
          0
         59
          0
          0
         79
          0
          0
        129
          0
        255
        180
          0
          0
          0
          0
          0
         42
          0
          0
          0
          0
        209
         76
         14
         22
          0
          0
          0
          0
        255
        171
          0
        255
        161
          0
          0
         62
          0
         38
          0
          0
          0
          0
          0
          0
          0
          0
        255
          0
          0
          0
         73
        165
          0
          0
         34
         98
          0
          0
          0
        255
        123
         44
          0
        255
         68
          0
         87
          0
        150
          0
        204
          0
          0
          0
        255
          0
        255
          0
        255
          0
          0
          0
         41
        108
        255
        129
          0
        169
          0
        125
         64
        193
          0
          0
          0
        255
         37
          0
          0
         68
        120
          0
          0
          0
         21
          0
        255
        215
          0
         16
          0
          0
          0
         16
          0
          0
          0
        206
          0
         15
         76
          0
          0
        142
        181
          0
        110
        255
          0
         26
          0
          0
        214
          0
          0
         31
          0
          0
        255
        137
        192
          0
          0
         28
          0
        155
          0
         58
         53
        188
          0
          0
          0
          0
          0
        160
          0
          0
        140
        255
          0
          0
          2
         96
         43
         34
        133
          0
        255
          0
          0
        137
        255
          0
          0
          0
          0
          0
         10
         83
          0
        209
          0
          0
          0
          0
          0
          0
          0
        177
         70
          0
        192
          0
          0
         78
         80
         94
          6
          0
         33
        255
         35
          0
        255
        188
          0
          0
          0
          0
        102
          0
        101
          0
        112
         30
        154
         63
          0
         41
          0
          0
          0
          0
          0
          5
          0
         15
          0
          0
         68
          0
          0
        255
          0
        176
        175
        200
          0
        153
         26
          7
          0
        118
          0
         63
         22
        184
          0
          0
         61
        218
          0
          0
         21
          0
         88
          0
          0
          0
          0
          0
         31
          0
         16
        255
          0
          0
          0
          0
          0
          3
          0
          0
        255
          0
        153
          0
          0
        127
         50
         71
          0
         19
          0
          0
          0
          0
          0
          0
         80
         34
         42
          0
          0
        180
          0
          0
          0
         32
        255
         36
          0
          0
        105
          2
          0
         23
          0
          0
         52
        123
          0
        178
          0
         17
         20
          0
          0
          0
          0
          0
        151
          2
         15
          0
          0
        182
          0
        236
          0
          0
          0
         51
          0
          0
          0
          0
        105
          0
          6
          0
         43
        167
          0
          0
          0
          0
        118
          0
          0
          0
         18
          5
          0
         30
          0
          0
          6
          0
          0
          0
          0
         19
        123
         61
          0
          0
          0
          0
        106
         40
        119
         22
        117
          0
          0
          0
          0
          0
         13
          0
          1
          0
          0
         30
          0
         89
          0
          0
         59
        138
          0
        213
          0
          0
        255
         18
          0
          0
          0
          9
         53
        148
          0
        206
         34
          0
          0
          0
        110
          0
         98
          0
          0
          0
          0
          0
          9
          0
          0
          0
          0
        137
          0
        207
          0
        238
          0
        112
          0
          0
        189
         11
        106
          0
          0
          0
         12
          0
          0
          0
          0
          0
         87
          0
        124
          0
         81
          0
         37
        114
          0
          0
          0
         65
          0
        194
        255
         97
        130
        142
          0
         78
        145
          0
        106
        134
          0
        200
         44
         51
          0
        209
          0
        255
        109
          0
        121
          0
          0
          0
          1
          0
         70
         61
          0
          0
          0
        137
        255
          0
          0
        186
          0
          0
          0
          0
         70
         20
          0
          0
         57
          0
          0
        124
          0
          0
         46
          0
         21
          0
          0
          0
          0
          0
          0
        142
          0
        128
          0
          0
          0
        207
        105
        165
          0
         12
          0
        113
         23
         88
         56
         62
         59
          0
          0
          0
          0
        229
        149
