        123
        255
          0
          0
          0
         71
        192
          0
          0
          0
         27
          0
          0
          0
        232
        234
        105
          0
          0
          0
        127
          0
          0
          0
          0
          0
          0
         45
        130
         60
        151
        103
         95
        168
         99
          0
          0
          0
        245
          0
          0
         94
          0
          0
         84
        255
          0
          0
        247
          0
          0
          0
         35
         86
         50
          0
          6
          0
        255
         66
        109
        135
          0
         20
         91
          0
          0
         30
          0
        202
          0
          0
          0
          0
         77
          0
         46
        255
         25
          0
          0
          0
          0
          0
         44
          0
          0
         94
          0
          0
        255
        185
        103
        219
          0
          0
         24
          0
          0
          0
         37
          0
          0
          0
          0
          0
         74
          0
         25
        255
         67
         27
          0
          0
          0
          0
         41
          0
          0
        127
         20
          0
          0
          0
         41
        132
          0
         25
         78
          0
          0
         34
         66
         40
        255
          0
          0
          0
          0
          0
          0
          0
         63
          0
          0
        119
        255
          0
         34
         13
          0
        103
          0
          0
        255
          0
        108
          0
         10
          2
        156
          0
          0
          0
          0
          0
        189
          0
          0
         37
         11
          0
          0
        255
          0
        248
          0
        119
        255
          0
         45
         32
         13
          0
         33
          0
          0
        151
         43
         17
        213
          0
        100
          0
        255
         94
          0
          0
          0
          0
          0
         18
          0
          0
         29
        249
          0
        235
          0
          0
          0
          6
         61
         98
        115
          0
          7
          0
          0
          0
         43
        118
         51
          0
         99
          0
          0
          0
         99
        203
        120
          0
        151
         33
          0
          0
         54
          0
         18
          0
        111
         83
          5
          0
         90
        127
         61
         29
         46
          0
          0
        174
         17
         86
         31
          8
          0
        255
          0
          0
          0
        158
        100
          0
          0
          0
          0
          0
          0
        104
          2
          0
          0
         10
        255
          0
          2
          0
          0
        156
         94
          0
          0
         79
          0
          0
        203
          0
          0
        255
          0
          1
          0
         18
         11
        177
          0
          0
          0
          0
          0
         42
          0
        133
        102
          0
        209
         14
          0
          0
          0
         69
        112
          0
        255
        173
          0
         13
          0
          0
          0
        255
        110
        160
          0
        190
          0
         29
        255
        185
         83
          0
          0
         44
          0
          0
        126
          0
          0
        246
          0
         99
        161
        183
         56
        208
        136
         56
          0
          0
         95
        128
         18
        255
          0
         92
         23
          0
          0
          0
          0
        194
          0
          0
        104
         67
          0
        164
          0
          0
         33
          0
         28
          0
          0
        166
          0
          0
          0
          0
         24
          0
          0
          0
        137
        255
          0
          0
         39
         34
          0
        116
          0
        117
         94
          0
          0
        254
          0
        255
          0
         71
        255
         59
          0
          0
          0
          0
          0
          0
          0
          0
          0
          0
          0
          0
        134
        255
          0
          0
          0
          0
         97
        110
          0
          0
          0
          0
          0
        144
        255
          0
        171
          0
        255
          0
         70
        197
          0
          0
          0
          0
          0
          0
          0
          0
         61
          0
         21
        144
          0
          0
         13
         49
        255
         75
          0
        216
          0
          0
          0
          0
          0
        135
        207
          0
          0
        255
          0
          0
          0
          0
          0
          0
         89
          0
          0
         19
          0
         25
          0
          0
          0
          0
         14
          0
          0
          0
        127
          0
          0
          0
          3
        230
        255
        218
         89
         67
         90
         69
         72
          0
         70
        157
          4
          0
        183
         78
         77
         44
        169
          0
          0
        131
         80
         76
          0
         61
        181
        226
        223
          0
          5
          0
         49
          0
          0
        165
          0
          0
        207
        237
          0
         86
        156
        206
          0
        131
        255
          6
         14
        129
          0
         65
          0
        255
          0
          0
          0
          0
          0
         90
          0
          0
          0
          0
          0
          0
          0
          0
        246
          0
        255
        255
        153
          0
          0
         12
          0
          0
          0
          0
          0
        189
          0
        116
        165
          0
          0
        135
         16
          0
          0
          0
        255
        245
          0
          0
          0
          0
          0
         96
          0
          0
          0
        255
          0
         93
          0
        190
          0
        179
          0
          0
          0
        118
          0
          0
          0
        207
          0
          0
         61
        214
          0
        215
         32
        226
         21
          0
          0
        255
          0
          0
        130
          0
        255
          0
          0
          0
          0
        170
          0
          0
        255
          0
         29
          9
          4
         72
          0
          0
          0
          0
         14
          0
          0
         52
          0
          0
         63
          0
          0
        151
        255
          0
          0
        159
        148
        255
          0
         49
          0
         55
          0
        177
        255
          0
         39
         77
         63
        126
          0
          0
          0
         97
         35
         81
          0
         99
        255
          0
          0
          0
          4
          0
          0
         52
          0
        121
          0
         57
          0
          5
        150
        203
          0
          0
        156
         61
          0
          0
          0
          0
          0
        255
          0
          0
          0
         60
        230
         87
          0
        159
          0
          0
          0
        193
          0
          0
         77
        124
        255
        255
          0
          0
          0
        103
          0
        197
          0
          0
          0
         32
          0
        117
         65
          0
        255
        148
         89
          0
        106
        198
        145
          0
          0
          0
         41
          0
        107
          0
        186
         10
        165
        255
        101
          0
          0
        181
          0
        255
          0
         88
          0
         80
          0
          0
          0
          0
          0
          0
          0
        110
        178
        226
         87
          0
         67
         75
          0
          0
          0
          0
          0
          0
        247
          0
          0
         42
          0
        170
          6
          0
          0
          0
        115
          0
          0
         71
          0
        255
          0
          0
          0
          0
          0
          0
          0
         26
          0
          0
          0
          0
          0
        243
         16
         85
          0
        224
        167
         72
        135
          0
          0
          9
        255
          0
          0
         10
          0
         91
          0
        255
          0
         39
          1
          0
          0
         62
        173
          0
          0
        255
         97
          8
          0
          0
         47
          0
          0
        196
        161
        219
        148
          0
          0
        141
          0
        212
         31
        162
          0
          0
        134
         54
          0
          0
         68
          0
        202
        159
          0
          0
          0
          0
         17
         11
        255
          0
         79
          0
          0
         97
          0
          0
          0
          0
          0
         60
          0
          0
          0
          0
          0
          0
          0
        255
        135
          0
        107
          0
         45
          0
          0
        197
          0
         32
         52
         82
          0
        112
          0
        144
         35
        230
          0
          0
          0
         34
         85
        255
          0
          0
          0
          0
          0
          0
          0
        255
          0
          0
          0
          0
          0
        186
        255
          0
         32
          0
         30
          0
         62
          0
          0
         31
        255
          0
         96
          0
          0
         67
        128
        159
        255
         79
          0
        127
          0
         80
        154
          0
        255
          3
          0
          0
          0
         12
          0
        185
          0
          0
          0
          0
          0
          0
          0
          0
        246
        207
        149
          0
          0
          0
         70
         40
        209
          4
          0
          0
         12
        127
          0
          0
        255
         43
          0
          0
        213
          0
        197
          0
         22
          0
         68
        219
          0
          0
          0
         48
          0
          0
         61
         16
        114
          0
          0
          0
        255
        143
         96
          0
          0
         41
          0
          0
          0
          0
         62
        165
          0
        199
        255
        232
         55
        188
          2
         21
        103
         88
          0
         74
        255
        255
          0
          0
          0
          0
         12
          0
        255
          0
        160
         59
          0
         23
         29
        255
        198
          0
          0
          0
          0
         50
          0
          0
          0
          0
        109
        234
        109
          0
          0
          0
        255
          0
          0
          0
          0
          0
          0
          0
          0
         94
         70
         17
          0
         50
          0
        255
        236
         20
          0
          0
          0
        122
          0
        244
          0
        255
          0
        255
          0
          0
          1
        116
        255
        255
          4
         21
        145
        204
          0
          0
        123
          0
         25
         21
        177
        103
          0
        255
          0
        162
         65
          0
          0
          0
          0
          0
         80
          0
          0
        255
          0
          1
          0
          0
          0
        142
          5
          0
          0
        197
        139
          0
        209
          0
         93
        158
        116
          0
          0
        255
          0
        161
         54
          0
          0
         68
          0
         25
          0
          0
         86
        100
          0
        252
        213
        125
          0
        189
          0
         77
          0
         82
          0
        165
         74
          0
         53
         43
         97
         59
        147
        203
          0
          0
         21
          0
          0
        132
        218
        191
          0
          0
         40
         60
          0
        235
        106
         52
        255
          0
         87
         84
        154
         82
        103
         89
          0
        214
          0
          0
        166
         73
          0
        255
          0
          0
         71
          0
          0
          0
        255
        183
          0
          0
          0
         94
          0
          0
          0
        136
          0
          0
        150
          0
          0
        181
        101
        211
          0
         16
          0
          0
          0
         95
        153
         21
          0
        140
        106
          0
          0
          0
        114
         22
         70
          0
          9
        118
        137
        239
          0
          0
        118
          0
        119
          0
         52
          0
          0
        176
          0
          0
         35
          0
          0
         66
          0
          0
        248
         43
         23
        165
          0
          0
        186
        244
         34
          0
         99
        147
         50
         56
          0
          0
          0
          0
          0
          0
          0
         33
          0
         23
          0
          0
         41
         43
          0
         33
          0
        255
          0
          0
        111
          0
         24
        173
          0
          0
         65
        255
          0
        255
          0
          0
        197
          0
          0
        255
          0
        130
          0
         66
          0
          0
        255
         61
          0
          0
        192
          0
          0
        255
        255
          0
          0
        190
          0
        182
          0
          0
          0
          0
          0
        100
          0
          0
          0
          0
        255
        132
         85
          0
        169
          0
          9
        255
        255
          0
         66
          0
         61
        122
          6
          0
          0
         68
        101
          0
          0
        142
          0
          0
         68
          0
          0
          0
          0
          0
          0
          0
         87
          0
         41
          0
          0
          0
          4
          0
        156
        129
         76
         22
          0
         80
          0
        255
        199
          0
          0
          0
          5
        112
          3
          0
          0
        145
          0
          0
          0
          0
         11
        110
        255
          0
          0
          0
          0
          0
         17
         85
        255
          0
          8
         38
        211
          8
          0
        255
         74
         94
        114
         32
          0
        158
        255
        121
          0
          0
          0
          0
          0
         73
          0
        128
        255
        198
        169
          0
         34
         47
          0
         11
        194
          0
         65
          0
          0
          0
          0
        255
        255
         93
          0
          0
          0
         92
        255
         87
         80
          0
         46
          0
        165
          0
        106
        128
          0
          0
        127
          0
          0
          0
          0
          0
         74
          0
          7
          0
        215
          0
        122
          0
          0
         63
         82
          0
          0
        199
          8
          0
         69
          0
          5
        123
        231
          0
          0
         32
        255
          0
         60
          0
          0
          0
          0
          0
          0
        189
          0
         29
          0
          0
        150
          0
        255
         84
         39
         91
        255
          0
          0
        114
          0
          0
          0
          0
        146
          0
          0
          0
        255
        125
          9
          0
        108
          0
          0
          0
         77
          0
         95
          0
          0
          0
         73
        108
        255
          0
         20
          0
          0
        221
          0
        210
         59
          0
         81
         90
          0
          0
        153
          0
          0
          0
         83
         67
        147
         18
        113
          0
          0
        197
          0
          0
          0
         37
          0
        255
          0
        143
          0
          0
          0
        162
          0
         37
          0
          0
         71
        107
          0
          4
          0
          0
          0
        255
          0
          0
        151
          0
          0
        208
        225
          0
          0
          0
        163
          0
        162
        255
        255
        148
          0
          0
          0
        131
          0
          0
          0
        255
          0
          0
          0
          0
         53
          0
          0
          0
         52
          0
          0
        159
          0
         96
        255
        213
          4
          0
          0
          0
          0
        182
          0
          0
         12
          0
          0
          0
          0
         46
          0
          0
          0
          0
        255
         90
        152
          0
          0
          0
          0
          0
          0
        111
         18
         84
        255
         73
         10
          0
          0
          0
        126
        255
          0
          0
          0
          0
        255
        184
          0
        188
          0
          0
         78
          0
        255
        219
        145
          0
        236
        255
          0
        226
          0
         93
         69
        129
         45
         14
         67
         60
          0
         52
          0
        255
          0
          0
         85
          0
          0
        215
          0
          0
         86
          0
        104
          0
          0
          0
        173
          0
        255
          0
          0
        212
          0
        216
          0
          0
        103
          0
         18
        142
          0
          0
         63
          0
          0
         52
         33
          0
          0
          0
         59
         95
          0
          0
         59
        117
          0
          0
         59
          0
        224
         14
         55
        153
         13
        121
          4
         50
        255
          0
        103
         87
        125
          0
          0
          0
        255
         25
         99
        164
         75
          0
        255
          0
         47
        212
          0
        100
          0
         91
          0
        117
          0
          0
        164
          0
          0
          0
         92
        196
        227
          0
        159
          0
         79
         51
         53
        255
        110
          0
         94
        117
          0
        236
        255
          0
         81
         51
          0
        127
        255
         26
          0
        100
          0
        255
          0
          0
          0
          0
         68
        236
        255
          0
         87
          0
          0
        120
         95
          0
          0
          0
          0
          0
          0
          0
          0
          0
          0
          0
         87
        153
          0
          9
         85
          0
          0
          0
          0
          0
          0
          0
         40
          0
         89
        108
        149
          0
         69
          0
         83
        255
        165
          9
         46
          0
          0
          0
          0
          0
         31
          0
          0
        255
          0
        220
         60
          0
          0
          0
          0
        191
          0
        116
         72
          0
         40
          0
          0
          0
         93
         12
         13
        255
        255
          0
         75
          0
          0
          0
          0
          0
         29
         89
          0
          0
          0
         74
        172
         54
          0
          0
        140
          0
          0
        113
          0
        205
        116
          0
          0
          0
          0
         80
        118
          0
          0
        141
          0
         92
          0
        216
          0
          0
          1
          0
          0
        255
          0
         12
        165
        115
          0
          0
         74
         29
         83
          0
          0
          0
        138
          0
        175
          0
          0
         53
         33
          0
         60
          0
          0
        131
          2
        194
          0
          0
          0
          0
          0
        232
          0
          0
         69
          0
          0
          0
         59
          0
          0
          0
        144
        180
        106
          0
          0
          0
         33
          0
          6
          0
          0
          0
        115
          0
          0
          0
         48
          0
          0
          0
         33
          0
        227
          0
          0
          0
          0
        255
          0
        130
         22
          0
          0
        255
          0
          0
          0
          0
          0
          0
