          0
        165
          5
         57
         37
         99
        255
        204
         64
        123
          0
          0
          0
        173
          0
          0
          0
        188
        198
          0
          0
        220
          0
          0
         73
         13
          0
          0
          0
         77
        255
          0
         33
          0
          0
          0
          0
        104
        255
          0
          0
        241
          0
          0
        111
         71
          0
         83
         55
        255
        188
          0
          0
          0
         67
         11
         73
          0
         29
         32
        220
        167
        177
         54
         42
         27
         20
         12
          0
        231
        255
         21
          0
        218
          0
          0
         70
        190
          0
          0
        243
        191
        212
          0
          0
          0
          6
        113
         26
          0
         17
         46
          0
        172
        187
         34
          0
         79
          0
        185
         33
        230
        221
          0
          0
        163
         99
        255
         73
         51
          0
          0
        242
        211
          0
          0
          0
        180
         41
          0
          0
          0
        118
          0
         90
          0
        202
         73
          0
          0
          0
          0
        164
        165
          0
         81
          0
        127
          0
        255
        123
          0
          0
          0
        224
          0
        174
        210
         13
          0
         46
        113
          0
          0
          0
          0
         39
        254
        255
         56
          0
          0
        153
          0
          0
        112
          0
          0
          0
        137
        176
          0
          0
        146
          0
          0
          0
          0
         35
        255
          1
          9
          0
         58
         79
          0
          0
         54
          0
         84
          0
        132
          0
        112
          0
        165
          1
          0
          0
          0
          0
          0
        169
          0
         35
         39
          0
        122
        114
          0
          0
          0
          0
        146
         13
        116
          0
          0
          0
        141
          0
         28
          0
        123
          0
          0
        101
          0
        110
          0
          0
        116
          0
          0
          0
        255
         61
          0
          0
         47
          0
          0
        171
          0
          0
          0
          0
         73
         31
          0
         34
          0
        151
         42
        244
          0
          0
        124
         21
         74
         24
          0
        255
         24
          0
          0
          0
        255
         59
        166
          0
        109
          0
        255
          0
          0
          0
          4
          0
          0
          0
          0
         67
          0
         73
        156
          0
         86
          0
        141
          0
         27
          0
        106
        255
          0
        103
          0
          0
        246
         73
        151
          0
        144
        250
          0
          0
          0
          0
        245
         58
         87
         26
          0
          0
        109
          0
         75
          0
        134
          0
         65
        139
         75
          0
        220
          0
          0
          0
          0
        120
        246
         52
          0
          0
          0
          0
          0
          0
        255
          0
          0
         11
         10
         93
          5
         45
         33
         48
          0
          0
        106
         43
         79
        197
        157
          0
          0
          0
        154
          0
          0
         89
        255
        121
         82
          0
        169
         58
          0
        205
          1
          0
          0
          0
         87
          0
          0
         89
          0
        131
         25
          0
          0
          0
          0
          0
        134
          0
        221
         38
        203
          0
          0
          0
        255
         48
         40
          0
         71
         99
          0
         53
         87
          0
          0
         34
          0
        110
          0
          0
          0
          0
          0
          0
        132
          0
        235
        221
          0
         61
          0
        157
          0
          0
        146
        197
        214
         36
          0
          0
        105
        250
          0
          0
          0
          0
        148
         53
          0
        188
          0
          0
          0
         19
        152
          0
          0
          0
          5
          0
        187
         83
        178
          0
          0
          0
        119
        198
        207
         83
         94
          0
        139
        255
        255
         97
         54
          0
         51
          9
          0
          0
          0
         80
        151
        136
        100
        255
          0
         27
          0
        207
          0
         16
         95
        255
          0
          0
        183
         69
          0
          0
          0
          0
          0
        143
        105
          0
        255
         12
        255
         99
          0
          0
          0
        140
        168
          0
          0
          0
        132
          0
        199
          0
          0
         55
          0
          0
        125
        183
        210
          0
          0
         89
          0
          0
          0
         72
          0
          0
          0
        137
        254
          0
          0
         77
        129
          0
         91
          0
          0
          0
        134
          0
          0
         99
          0
          0
          0
        255
          0
          0
        234
         69
          0
          3
         28
          0
          0
        102
         58
         48
          0
         63
          0
          0
        135
         93
         12
         34
          0
         94
        141
          0
         47
          0
         48
          0
          0
          0
          0
        240
          0
          0
        229
        223
          0
          0
         41
          0
          0
          3
        110
          0
         11
          0
        255
        156
        123
         64
         46
         78
          0
          0
        140
        255
         13
          0
         29
          0
          0
          0
          0
          0
          0
          0
        203
        114
          0
         40
         12
         76
          0
        251
          0
          0
        184
         55
         82
          0
          5
          0
          0
         62
          0
         47
          0
        190
          0
          0
          0
          0
          0
          0
          0
          0
          0
          0
          0
          0
          0
         60
          0
          0
         60
        169
          6
        139
          0
        149
          0
         61
        132
          0
          0
         99
         69
          0
         42
          0
          0
          0
          8
        255
         78
          0
          0
          0
          0
        142
        154
        253
          0
         26
         45
          0
          0
          0
          0
          0
        254
         77
         95
          0
          4
         23
        119
        163
        112
          0
        107
          0
        109
          0
         75
        228
        133
          0
         89
        255
          0
          0
         27
          0
          0
          0
        132
          0
          0
          0
          0
        209
        255
        145
          0
          0
          0
          3
        118
          0
          0
         31
         95
          0
         80
          0
          0
          0
         97
          0
          0
          0
          0
          0
         37
        248
         64
         29
          0
         34
          0
          0
          0
          9
          0
        105
         11
          0
        130
        190
         27
          0
          0
         90
         38
         78
         67
          0
         36
          0
          0
          0
          0
          0
          0
          0
        143
        222
          0
         27
        154
          0
          0
        255
        255
        217
          0
        101
          0
          0
        101
        156
          0
          0
          8
          0
        195
          0
         59
          0
          0
          0
          0
          0
          0
          0
        147
          0
         73
         47
          0
         13
        221
         14
          0
          0
          0
          0
          0
         57
          0
         80
         95
          0
         20
          0
        161
        119
        136
          0
         45
          0
          0
          0
        107
         47
          0
          0
          0
        227
          0
          0
         30
         34
          0
         29
         63
          0
          0
        204
          0
         88
        196
         84
          0
         15
         41
          0
         86
          0
         44
          0
        113
          0
         46
          0
          0
          0
          0
          0
          0
        123
          0
         68
         45
         52
          0
         67
        128
        255
        149
          0
         47
         85
        114
          0
        119
          0
          0
          0
        100
         75
          0
          0
         67
          0
         52
          0
         17
          0
          0
        255
          0
        100
          0
        184
          0
         13
          0
         43
          0
          0
          0
          0
          0
         73
          0
          0
         44
          0
          0
         29
         64
          0
        191
          0
         71
          0
          0
        231
          2
         35
          0
         45
        143
          0
          0
          0
          0
          2
          0
          0
         44
          0
          0
        123
          0
        114
          0
          0
          0
        178
        103
         31
          8
        127
          0
         69
         26
          0
          0
        220
          0
          0
        156
          0
          0
          0
          0
        114
          0
        113
         10
          0
          0
          0
          0
          0
          0
         61
        109
         69
          0
         21
         69
          0
         50
          0
          0
          0
         46
          0
          0
          0
         82
          0
         94
          0
          0
          0
         74
          0
          0
          0
          0
         81
         72
        117
        255
         75
          0
          0
          0
          0
          4
        182
          0
         35
         71
          0
        229
          0
          0
         17
        246
         21
         93
          0
        170
          0
         92
        165
         60
        232
        118
         75
          0
          0
        168
          9
          0
          0
          0
          0
          0
          7
          0
        170
        130
          0
          0
          0
          0
          0
          5
          0
          0
          0
        110
          0
          0
        255
        199
         43
         27
         59
        167
          0
          0
          0
         20
          0
          0
         75
          0
          0
          0
        137
         66
         40
          0
          0
         49
         65
         90
          0
          0
          0
        162
        211
          7
          0
          0
          0
          0
         27
          0
         77
        205
          0
          0
          0
         54
          9
          0
        114
          0
          0
          0
          0
        113
        124
         35
          0
          0
          0
          0
          0
        100
          0
         98
        255
         80
          0
          0
        255
          0
          0
          0
          0
        143
         79
         63
          0
          0
          0
          0
          0
        255
        116
          0
         95
          0
          0
         50
          0
         16
        135
          0
         80
         24
          0
          0
          0
          0
          0
         74
          0
         37
          0
          0
         90
        136
        118
          0
          0
          0
         37
          0
          0
        255
        137
        123
          0
        135
          0
         94
         64
          0
          0
          0
        120
         68
          0
          0
          0
        128
          0
          0
        255
          0
          0
          0
         81
         96
        158
         77
         26
          0
          0
          0
          0
          0
        154
        123
          0
          0
          0
          0
         27
          0
        191
          0
        118
         78
          0
          0
        150
         87
          0
        228
          0
          0
          0
          0
        163
         33
        145
          0
        173
          0
          0
          0
          0
          0
        152
          0
         66
          0
          0
        135
         29
         43
          0
         43
        195
        105
          0
          0
          0
          0
          0
          0
          0
        131
          0
          0
        122
          0
         60
         38
          5
        147
        110
         81
        135
          0
        120
          0
        158
         69
         26
         91
        163
          8
         72
         38
        163
         98
          0
        103
        235
         99
          0
        186
          0
          0
          0
          0
         51
         84
        102
          0
        255
         88
          0
         95
          0
          0
         97
        192
         73
         95
        102
          0
          0
          0
          0
          0
        165
         92
          0
          0
        186
        145
          0
         64
          0
          0
          0
          0
        183
         80
         84
         61
          0
          0
        255
         74
         94
          0
        157
          0
          0
          0
          0
          0
         58
          0
         72
        131
          0
        137
          0
          0
          0
         99
          0
          0
        255
         39
          0
          0
        140
          0
         14
         70
          0
          0
          0
          0
          0
        236
          0
          0
          0
          0
          4
         14
          0
          0
          0
          0
          0
         71
         43
        161
          0
         64
         49
          0
          0
          0
          0
          0
        123
          0
        121
          0
          0
         58
          0
          0
          0
          4
         92
         81
        114
          0
          0
          0
          0
        124
         64
          5
          0
         56
          0
          0
        116
        123
         33
          0
        182
        120
          0
          4
        148
        255
         95
          0
          0
          0
        241
          0
          0
          0
        149
          0
          0
         29
          5
         85
         52
        174
          1
        168
          0
          0
          0
          0
          0
          0
          0
          0
         46
          0
          0
         90
          0
          0
        134
         18
          0
         52
        255
          0
        185
         36
         47
          0
          0
          0
          0
        105
          0
         39
          0
        116
          0
          0
          0
         28
         36
          0
          0
          0
          0
        109
        255
         81
         39
        127
        163
          0
         20
          0
          0
          0
         23
         20
         41
          0
          0
        101
        191
          0
        101
          0
        106
         19
          0
        141
          0
        133
        236
        128
        147
          0
          0
          0
         80
          0
          0
          0
          0
        240
          0
        142
        159
        179
        201
         73
        153
          0
        158
         10
        134
          0
        171
          0
          0
          0
          0
         97
         15
         62
          0
          0
         13
          0
          0
         53
         73
          0
        158
        128
         70
          0
          0
         21
          0
        255
          0
          0
         89
        101
          0
          0
        175
         48
          0
          0
          0
        244
         16
          0
          0
          0
         86
          0
         84
         17
          0
          0
          0
          0
         79
          0
         45
         21
         85
          0
         53
        255
        146
        119
        142
         12
        119
          0
         92
         63
          0
          0
          0
        125
         61
          0
          0
          0
          0
          0
          0
          0
        255
         21
        181
        115
        108
          1
         60
          0
          0
          0
        212
          0
         72
        255
        107
          0
          0
        131
          0
          0
         26
        171
         27
        226
        184
         84
          0
          0
          0
          0
          0
          0
          0
          0
         15
        112
        182
         28
         10
          0
          0
          0
          0
          0
         91
          0
        147
          0
         30
          0
        176
        132
          0
        167
          0
          0
          0
         57
          0
          0
        255
          0
          0
        206
        255
          0
         60
         64
          0
          0
          0
        249
          0
          0
        142
          0
         43
        216
        132
        118
          0
        134
         80
         78
          0
          0
          0
        176
        114
         21
          0
         23
        106
          0
         72
          0
          0
        115
        185
        132
          0
         68
          0
          0
          0
          0
        111
          0
          0
          0
        104
        193
          0
          0
          0
         84
          0
        188
        101
          0
          0
         47
          0
        130
          0
          0
          0
          0
          0
          0
          0
        223
        114
          0
        140
        115
          0
          0
          0
          0
        198
          0
         84
        151
          0
         36
          0
         33
         30
          0
          0
          0
          0
         89
          3
        255
        176
         45
          0
          0
          0
          0
          0
        228
          0
          0
        109
         83
        158
          0
        255
          0
         57
        139
         66
        255
          0
        117
        175
         49
          0
        127
          0
          0
          0
         50
          3
        200
         20
          0
          0
          0
         85
        135
          0
        101
        135
        191
        126
          0
        255
         48
          0
          0
          0
         82
        155
          0
          0
          0
          0
         74
          0
        124
        127
          0
          0
         23
          0
         30
        255
         99
          0
          0
          0
          0
          0
         81
         55
         82
         16
          0
        255
         59
          0
          0
         23
         34
        148
          0
          0
          0
          0
        137
         47
        107
          0
         34
         61
          0
          0
          0
          0
          0
          0
          0
        255
          0
        101
         90
        132
         52
         88
          0
        238
         18
        255
          0
          0
          0
          0
          0
        123
          0
          0
         56
        152
          0
         76
          0
         31
         93
         35
          0
          0
        171
          0
          0
          0
        157
          0
        145
        218
          0
        126
          0
          0
          0
          0
        255
          0
          0
        120
        214
        137
          0
         50
          0
        186
          0
         19
          0
          0
         20
         21
          0
          0
        135
          0
          0
        255
         18
          0
         39
         46
          0
         81
          0
          0
         54
          5
        255
          0
         64
        147
        100
          0
         83
         14
         24
          0
          0
          0
          0
          0
         49
         16
          0
          0
          0
          0
          0
         59
          0
          0
         77
         68
          0
        120
        123
         13
          0
          0
          0
         34
          0
         77
          0
          0
          3
        202
         31
          0
          0
          0
          0
          9
         30
         36
          0
          0
        149
          0
        120
          0
        163
        126
         48
        201
         68
        162
          0
        131
          0
          0
          0
          3
          0
         24
         81
         99
        100
        170
         21
          0
          0
         34
        139
        255
         23
         22
          0
          0
         59
          0
          0
          0
         53
         80
          0
          0
         42
          0
        242
          0
         43
         19
          0
        214
          0
        143
          0
         78
         61
          0
          0
          0
          0
        245
          0
          0
        132
         20
        255
        255
        117
         42
          0
          0
         64
        233
         89
        159
          0
         43
          0
          0
         99
          0
          0
          0
        160
        111
          0
          0
          0
          0
          0
         52
          0
          0
        213
          0
          0
          0
        150
        255
          0
          0
          0
          0
          2
          0
         12
        173
          0
        153
          0
          7
         11
         69
          0
         30
          0
        122
          0
        137
          0
        164
          0
         83
         14
         13
          0
          0
        114
         26
          0
         13
          0
          0
        135
          0
          0
          0
          0
        241
          0
        114
          0
          0
          0
          0
          0
        217
          2
         56
         66
        101
          0
          0
        135
         83
          0
          0
          0
          0
         61
          0
         50
          0
          0
          0
          0
          0
        110
          0
         81
        169
          6
        112
         16
        232
          0
        176
          0
         66
        255
         98
        214
          0
         95
        205
        135
         32
         90
          8
          0
        255
         61
         35
         93
          0
          0
          0
          0
          0
        198
          0
         99
        204
          0
         70
        167
        255
        124
          0
          0
        154
          0
         83
          8
          0
         98
        127
          0
          0
         24
          0
          0
          0
          0
          0
          0
        255
          0
         15
         31
        255
          0
         78
        132
         79
         76
        162
          0
        173
          0
         93
          0
          0
          0
        131
         39
          0
          0
        177
         31
          5
          0
         12
          0
          0
         13
          0
          1
        147
          0
          0
        116
          0
        108
          0
          0
          0
        100
         37
         82
          0
          0
          0
          0
          0
        103
         80
        255
         31
          0
          6
          0
         69
          0
          0
        140
          0
         28
          0
          3
          0
          0
         18
          0
          0
          0
          0
          0
        170
        193
        117
          0
          0
          0
          0
         86
          0
          0
         81
         60
          0
          0
        133
          0
        103
          0
         83
          0
          0
        148
          0
         25
          0
          0
          0
          0
          0
          0
          0
          0
        154
        207
         50
          0
          0
          0
          0
          0
          0
          0
        122
          0
          0
          0
          0
          0
         26
          0
          0
          0
          0
          4
          0
         73
          0
          0
          0
          0
          0
          3
          0
          0
         83
        210
         19
          0
          0
          0
         23
          0
          0
          0
         89
          0
          0
          0
         93
        102
          0
          0
         68
          0
          0
          0
          0
         22
         32
        178
          0
          0
        255
          0
         30
        152
        155
        201
        142
          0
          0
          0
          0
          0
          0
          0
          0
          0
          0
          0
          0
        122
          0
          0
          0
         42
          0
         56
         34
        103
        224
          0
          9
          0
          0
        102
          0
         88
        174
        169
        141
        160
         15
          0
          0
          0
        138
          0
          0
          0
          0
          0
         78
         66
         41
          0
         34
          0
          0
         50
          0
         96
        248
         27
          0
          0
        255
          0
        124
        105
          0
          0
        121
         61
         10
        147
          0
          0
          0
          0
          0
        180
          0
         61
          0
         61
        174
          0
          0
        213
        100
         97
          0
          2
          0
          0
          0
          0
          0
          0
         54
          0
          0
        111
        125
        131
          0
          0
         20
          0
         22
          0
         16
          0
         55
         67
        214
          0
        117
         32
          0
          0
          0
         60
          0
          0
          0
         53
          0
          0
          0
          0
         21
          0
         25
          0
        110
          0
          0
          0
         65
        142
         28
          0
          0
        255
         30
         88
        156
        103
          0
         39
          0
         13
          0
         69
         37
          0
         42
         68
         29
          0
        235
         38
          0
          0
          0
          0
          0
         88
          0
        132
          9
          0
          0
          0
         27
          0
        152
          0
          0
          0
          6
         57
          0
         62
          0
          0
          0
         78
          0
          0
         24
          0
          0
        104
        166
         24
        149
        193
         60
        245
          0
          0
         94
        255
          0
          0
          0
          0
          0
         86
        144
          0
          0
          0
          0
          0
        204
        118
          0
          0
          0
          0
          0
          0
          0
         92
        131
        135
        175
        130
        151
          0
          0
          0
         84
          0
          0
          0
          0
          0
         86
        111
          0
         75
          0
          0
         69
        177
         88
         80
          0
          0
          0
        145
          0
          0
        255
          0
         70
        165
        121
         58
        111
         85
          0
         48
         95
          0
          0
          0
         76
        115
          0
          0
          0
        111
         25
        165
         25
          0
          0
        100
         42
          0
        251
          0
         48
          0
          0
          0
         31
         16
          6
          0
         60
          0
          0
          0
          0
          0
         45
        255
        148
          0
        124
         28
        158
         34
          0
         86
         34
          0
          0
         40
         10
          0
        111
        126
          0
        170
          0
         50
          0
          0
        109
         13
         76
         90
          0
          0
         61
          0
        183
        255
        116
          0
        147
          0
          0
          0
          0
         18
          0
        238
          0
        108
         38
          0
          0
         35
          0
        118
          0
          0
          0
          0
        242
          0
          0
        103
          0
          0
          0
          0
          0
          3
          0
          0
          0
          0
          0
         61
          0
          0
         70
          0
         84
         48
          0
         79
         63
        187
          0
        211
          0
          0
          0
          0
          0
          0
         44
          0
          0
          0
        108
        193
          0
         36
        150
        107
          0
          0
        167
         24
         10
          0
          0
          0
          0
         28
          0
         88
        255
          0
          0
        117
        172
         12
        127
        216
          0
          0
          6
        100
         26
         30
        254
          0
        195
          0
          0
        160
        112
          0
         44
          0
          0
          0
          0
        170
          0
         29
          0
         20
          0
          0
         89
        109
          0
          0
          0
          0
        208
          0
          0
          0
          0
        117
          0
          0
        167
          0
        159
         90
          0
         79
        211
          5
          0
        170
          0
          1
        210
          0
          0
          0
          0
        166
          0
         41
          0
          0
          0
         12
          0
          0
         18
          0
          0
         49
        255
          0
          0
          0
        159
          0
          0
          0
          0
         80
          0
          0
          0
          0
        253
          0
          0
          0
          0
          0
         50
          0
          0
        131
          0
         47
         58
          0
        142
          0
          0
          0
        255
          0
        102
         43
          0
        109
          0
          0
         41
         97
          0
          6
          0
         50
          0
          0
          0
          3
        193
         63
          0
         62
          0
          0
          0
          0
          0
          0
         56
        156
         49
          0
          0
        255
         41
          0
        140
          0
          0
         71
         16
         19
          0
         34
         65
        157
          0
         46
          0
        253
          0
          0
          0
          0
        255
          0
          0
         47
        206
        127
         40
        107
         51
        103
          0
          0
          0
          0
          0
          0
         90
        120
          0
         61
          0
          0
          0
          0
          0
          0
          0
         49
        135
          0
          0
         38
          0
          0
          0
        167
        128
        151
          4
         23
          0
         42
          0
          0
        102
          0
          0
        128
          0
          0
        158
        105
          0
         39
          0
          0
         52
         63
          0
         25
        255
          0
          0
        143
          0
         56
         60
        221
          0
         89
         63
          0
         47
          0
          0
          0
         93
         93
          0
          0
         46
          6
         44
         27
          0
         74
         24
        122
          0
          0
         21
         64
          0
         60
          0
        156
          0
          0
          0
        180
         17
          0
          0
        179
         38
          0
          0
          0
        209
         17
         19
          0
          0
          0
         10
          0
         17
          0
          0
          0
          0
        122
          8
        138
          0
        150
          0
         95
          0
          0
          0
         65
        130
         54
         29
          0
         11
          0
          0
          0
        131
          0
          0
          0
          0
          0
        106
          0
         73
        119
        133
        104
          0
          0
          0
        196
          0
          0
        123
          2
          0
          0
          0
         91
        136
          0
        114
          0
         77
        171
          0
          0
         18
          0
          0
        225
          0
          0
         27
         28
         51
          0
          0
        102
          0
         55
          0
        124
          0
          0
          0
          0
          0
         86
          0
        113
         42
         75
        142
          0
          0
          0
          0
          0
         74
          0
        160
          0
          0
          0
         96
          0
          0
          0
        144
          0
          0
          8
         44
         52
          0
          0
          0
         61
          0
          0
          0
         74
        153
        128
         87
          0
          0
          0
          0
          0
          0
          0
          0
        116
          0
          0
          0
        108
         87
          0
          0
          0
          0
         85
         31
         13
        255
          0
          0
        107
          0
          0
         27
        126
        106
         64
         45
         17
          0
        120
          0
          0
        107
        111
          0
         21
          0
          0
          2
          0
          0
          0
         31
          0
          0
        107
         44
        168
          0
          0
         88
          0
        177
          0
          0
        197
          0
        101
          0
        147
          0
          0
          0
          0
         29
        205
          0
          0
          0
          0
          0
          0
         24
         37
         71
          0
          0
         96
          0
        192
          0
          0
          0
          0
          0
          0
          0
        151
         71
        214
         81
          0
         47
          0
          0
          0
          0
         96
        140
          0
          0
         39
          0
         29
          0
          2
         13
          0
        122
         93
         13
         19
          0
          0
          0
          0
        125
          0
          5
         59
          0
        168
         20
         53
         46
          0
          0
        217
          0
         26
          0
        120
         62
        113
          0
         27
         83
          0
          0
          0
          0
         26
         27
          0
        204
         98
          0
         62
        255
          0
        255
         13
          0
        128
         25
        182
          0
          0
          0
          0
          0
        255
        159
          0
          0
          8
          0
         82
         22
          0
          9
          0
          0
          0
          0
          0
        122
          0
          0
          0
          0
         71
        167
          0
        123
        146
         45
        251
          6
         53
          0
          0
          0
         44
        158
          0
          0
          0
        103
         24
        117
          0
        214
          0
         32
          0
          0
          0
          0
          0
          0
          0
          0
         33
          0
          0
        201
        209
        129
         46
        147
          0
        122
          0
          0
         97
          0
         51
          0
          8
          0
          0
        144
          0
        219
          0
        152
          5
          0
          0
         55
          0
          0
          0
        255
          0
          0
        182
          0
          0
        114
        180
        116
          0
         84
          0
         81
         48
         61
         42
        130
         85
          0
         48
          0
         83
        174
          0
        255
         39
          0
          0
        114
          0
          0
          0
        255
        165
          0
        160
        156
          0
        103
         18
          0
         63
         31
          0
         75
          0
        116
          0
          0
          0
          0
         47
          0
        104
         44
          0
        255
         51
          0
          0
          0
        120
          0
          0
          0
        151
          0
        166
        177
          0
         55
          0
          0
         45
          6
         23
         40
          0
         19
          0
          0
         85
        140
         49
          5
          0
          0
         16
        109
         68
          0
        137
        255
        138
          0
          8
        255
          0
          0
        150
        102
         41
          0
          0
          0
          0
          0
          0
        210
        255
         85
          0
          5
         71
          0
         96
          0
          0
          0
          0
          0
         73
          0
         91
        215
          0
          0
          0
        255
          0
          0
         44
          0
          0
        128
          0
          0
        140
        246
          0
          0
          0
          0
          0
          0
          0
        122
          0
          0
          0
          0
          0
          0
         78
         24
        252
        234
          5
          0
          0
          0
         76
        170
        131
         98
        255
        100
          0
          0
          8
          0
        255
        192
        255
        118
        197
         71
         91
          0
          0
          0
         79
        151
          0
        234
        109
          0
          0
          0
        182
          0
          0
          3
        172
          0
        130
          9
          0
         28
         74
          0
        167
        231
          0
        133
          0
          0
        243
        125
         82
          0
         40
          0
         51
          0
        103
          0
         21
          0
          0
         87
          0
          0
          0
        255
        204
          0
         55
         29
          0
         59
          5
          0
         70
          0
        255
          7
        255
          0
          0
          0
          0
          6
          0
        162
          0
          0
        115
          0
         58
          0
          0
          0
         52
          1
         11
          0
         65
          0
         12
        129
          0
        141
        178
        116
          0
        211
          2
         30
        197
          0
        108
        151
          0
          2
         99
         52
          0
         59
          0
        255
         23
         41
         54
          0
        163
          0
         46
          0
          0
        107
          0
        114
          0
        104
          0
        182
        173
        134
          0
          0
          0
          0
         83
         88
          0
          0
         43
          0
          0
          0
          0
        255
         63
         45
         40
        255
         99
          0
          0
        189
          0
        161
          0
          0
          0
        119
        113
         63
          0
          0
          0
        100
          0
        115
         29
          0
         86
        202
          0
         24
          0
          0
        167
         72
         93
          0
          0
        148
          0
          0
          0
          0
          0
          0
          0
        192
          0
         94
         70
          0
          0
          0
          0
         56
          0
        100
          0
        148
        103
          0
          0
         13
         24
          0
        230
          0
        136
          0
          0
          0
          0
          0
          0
        243
          0
          0
          8
        186
        119
        130
          0
          0
          0
        108
        255
          0
          0
         49
        217
          0
          0
         41
         88
          0
         27
        121
         43
          0
         76
          0
          0
         72
        123
          0
        161
          0
          0
         42
         79
         74
         65
         25
        142
        119
        130
         46
          0
          0
          0
         40
        159
        150
          0
        193
        121
          0
        151
          0
          0
          0
         99
          0
          0
        199
        175
          0
          0
          0
          0
        190
        139
         93
          0
        147
          0
        239
          0
        222
          0
        166
        118
        132
          0
          0
          0
          0
          0
          0
         66
         22
          0
          0
          0
          0
          0
         32
         18
          0
          0
        255
          0
          0
        100
        184
          0
        153
          0
          0
          0
        193
          0
        120
          0
         57
         61
         36
        108
        182
          7
         53
          0
          0
        111
        180
          5
          0
          0
          0
          4
        129
          0
        252
          2
         62
        127
        222
          0
         96
        111
          0
          0
        190
          0
          0
          0
        110
          0
          0
          0
          0
        137
        166
          0
          0
        125
          0
         31
          0
        180
          0
        143
          0
          0
          0
          0
        169
        132
         36
         42
         41
         54
          0
          0
          0
          0
        127
          0
         82
          0
          0
          0
          0
         83
          0
         52
          0
          0
          0
         99
          0
        147
          0
          0
          0
         32
          0
          0
          0
         44
         10
         44
        127
          0
          0
          0
         63
          0
        103
         57
         76
        176
          0
         17
          0
          0
          0
         70
         71
         12
         10
        131
          0
          0
          0
         54
          0
          0
        196
          0
          0
          0
          0
         52
         80
          0
          0
        170
        255
         53
        150
          0
        158
        161
          0
          0
          0
         52
        144
          0
          0
          0
         95
          7
         34
          0
        218
        148
          0
          0
          0
        183
          0
          0
          0
          0
        157
          0
          0
          0
        154
          0
          0
          0
          0
          0
        138
         37
          0
          0
         95
          0
          0
         14
          0
        136
         15
         53
        138
        170
          0
          0
          0
        200
        138
         21
         87
        209
        116
        255
          0
          0
         47
        255
          0
        204
         92
          0
          0
          0
          0
         98
          0
          0
          0
          0
          4
          0
          0
          0
          0
          0
          0
         69
          0
          0
          0
          0
          0
        247
         20
         23
         15
         72
        106
          0
        139
        160
         87
        170
          0
          0
          0
        114
          0
          0
          0
          0
        152
          8
          0
        182
          0
        176
          0
          0
          0
          0
         34
          0
         81
        240
        108
          0
          4
          6
        104
          0
         90
          0
          0
          0
          0
          0
          0
          0
          0
        119
          0
          0
          0
         39
          0
        255
        236
          0
          0
         93
          0
          0
         52
        121
        203
          0
        171
        144
          0
          0
          0
          0
         67
          0
        111
          0
          0
          0
          5
          0
          0
         17
          0
          0
          0
          0
          0
        119
        187
          0
         59
          0
          0
          0
          0
        224
          0
         37
        111
          0
         74
          0
        224
          0
         17
          0
          0
        243
         94
         81
          0
        105
          0
         14
          0
          0
          0
         92
          0
         96
          0
         26
          0
          0
        255
          0
          0
        170
        231
          0
        170
          0
          7
          0
          0
         12
         67
         55
         84
          0
        145
          0
          0
         74
          0
          0
         39
          2
          0
         10
          0
         35
        255
          0
          0
          0
          0
          0
          0
         35
          6
          0
        175
        226
          0
          0
          0
          0
         85
          0
          0
          0
         89
         36
          0
         25
          0
          0
          0
        151
          0
         57
          0
         14
        139
        180
          0
         49
          0
          0
         16
         30
          0
          0
         49
          0
          0
        130
         81
          0
          0
          0
         74
        172
        130
          0
         74
          3
          9
          0
        230
          0
        237
         55
          0
          0
         44
          0
          0
          0
          0
         67
          0
        131
        118
          0
         91
          0
          0
          0
          0
          0
        200
        142
          0
        218
          0
          0
          0
         11
          0
          0
        255
         99
        226
         24
          0
        255
        244
          0
          0
          0
        255
          0
          0
        150
        176
          0
          0
          0
          0
          0
          0
          0
        217
          0
        137
          0
         86
          0
          0
         93
          0
         66
          0
          0
          2
         13
          0
        144
          0
          0
          0
        164
          0
          0
          0
        109
        205
         68
          0
          0
          0
          0
         38
          0
          0
          0
          0
          0
          0
          0
          0
         88
        177
        105
         78
          0
          0
          0
          0
        112
        203
        188
          0
          0
        255
         59
         28
         21
        174
        255
        106
         43
          0
         25
          0
          0
          0
          0
        118
          0
         19
          0
         41
          0
        151
         27
         36
         58
          9
         44
          0
          0
          0
          0
         27
         90
          0
          0
          0
          0
         57
        120
        100
        189
        176
         25
          0
          0
         86
          0
         39
          0
          0
        133
          0
        131
          0
          0
          7
          0
         60
        100
          0
          0
          0
        105
          0
          0
          0
          0
          0
         39
         52
          0
        113
          0
        255
          0
          0
        255
          0
          0
          0
         43
         80
         51
          0
         34
        104
          0
          0
          0
        123
         93
          0
          0
          0
          5
          0
          0
          0
          0
        245
         96
        101
          0
        164
          0
        145
          0
         92
          0
         77
          0
        118
        145
          0
          0
          0
         35
          0
         17
          0
          8
        237
         46
          0
          0
          0
        138
          0
          0
          0
          0
          0
         61
          0
          0
          0
          0
          0
        122
          0
        180
          0
          0
         16
          0
          7
         26
        105
         31
         12
         62
          0
          0
         49
        122
          0
        151
          0
         79
         33
        195
          0
          0
        182
          0
        194
          0
         23
        122
          0
          0
        255
        137
        204
         25
        112
          0
          0
          0
          0
        138
          0
          0
          0
          0
          0
        135
         25
          0
        160
          0
          0
          0
        255
         49
          0
          0
          0
         34
          0
        167
          0
          0
          0
          0
         72
        255
          5
         64
         10
          0
        191
         75
         87
          0
          0
          0
         39
          0
          0
          0
          0
         43
          0
          0
          0
          0
          0
         49
        109
         66
         13
        131
          0
          0
          0
        255
         66
          0
        108
          0
        134
          0
         37
          0
          5
          0
        155
          0
        255
          9
          0
          0
          0
        106
          0
        170
          0
        120
          0
         21
          0
        202
        100
         28
        112
          0
          0
          0
         13
          0
         56
          0
         26
         53
        184
         82
          0
         55
        108
          0
         44
          7
          0
        255
          0
          0
          0
          0
          0
         17
          0
        164
        194
        218
         61
          0
          0
          0
        126
          0
        201
        246
        148
         69
        140
          0
          0
          0
         18
          1
          0
          0
         16
          0
          0
          0
          0
          0
          0
        224
          0
         36
         66
        141
         24
          0
        108
          0
          0
          0
        113
          0
         37
          0
        138
          0
        156
         36
          0
        144
          0
         47
        213
          0
          0
         36
          0
          0
        110
          0
          0
         18
          0
          0
          0
          4
         99
        200
        155
        211
          0
        113
         43
          0
         62
          0
          0
          0
          8
          0
          0
         70
          0
          0
          0
          7
          0
         20
          0
          0
          0
         92
         27
          0
          0
          0
          0
         14
        174
         32
          9
          0
        113
         89
         34
          0
          0
          0
          0
          0
          0
        120
          0
         26
         57
         89
        199
        135
          0
         29
          0
         42
          0
         26
          0
          0
        255
         51
          0
        126
        115
         45
         52
          0
        120
        139
         87
          0
         30
          0
          0
        105
          0
          0
          0
        121
         66
          0
        209
          1
        255
         73
          0
         64
          0
          0
          0
         18
          0
          0
        222
         72
        205
        163
         90
         43
         94
         61
          0
          0
          0
          0
        150
        168
          0
          0
        143
          0
         31
          0
         34
        143
        151
          0
          0
          0
          0
          0
         51
          0
          0
          0
         92
          4
        153
         66
         56
        121
        255
        109
         82
          0
         29
          0
        122
          0
          0
          0
         21
         32
        133
         35
        251
         13
          0
          0
          0
          0
        173
        104
          5
        101
          0
         71
         18
          5
          0
          0
         16
         23
        255
         23
         68
          0
         36
         67
        152
         26
          0
          0
          0
          0
        115
         19
          0
         70
          0
         48
          0
          0
        163
          0
          0
          0
          0
        153
          0
         86
         54
          0
        103
        160
          7
         50
         79
         57
        138
        107
         89
          0
          5
          0
          0
         48
        160
          0
         46
          0
         17
         65
          0
         40
         25
          0
          0
         56
          0
          0
          0
         27
        123
          0
         76
          3
          0
          0
        237
         53
         78
          0
          0
          0
          0
          0
         90
         48
        119
          0
          0
         78
          0
        110
          0
        184
          0
        138
         25
          0
          0
          0
        146
          0
          0
         29
        154
          0
          0
          0
          0
          0
         60
          0
         62
         16
         96
          0
          0
         72
         26
          0
        159
         55
          0
         46
          0
         70
          0
          0
          0
          0
        255
          0
         20
          0
          0
          0
          0
          0
          0
          0
        190
        255
          0
          0
          0
          0
        150
         39
        204
          0
          0
         29
          0
          0
          0
        144
         11
          0
         80
         77
         17
          6
          0
         60
        170
         35
        147
          0
         35
        139
          0
          0
          0
          0
        120
          0
        124
          0
         94
          0
        119
        104
          0
          0
        237
          0
          0
        102
          0
          0
        255
          0
          0
         16
          0
         88
        168
         85
        146
          0
          0
          0
         98
          0
        235
          0
          0
          0
        119
          3
        143
          0
          0
          0
         93
          0
          4
         64
          0
         34
         37
          0
          0
        160
          0
          0
          0
          0
          0
        188
        244
          0
         47
         98
        248
          0
          0
          0
         77
          0
         43
          0
          0
         19
         87
         17
          0
          0
         91
        106
         20
         32
          0
          0
         49
        120
          0
          0
          0
         70
          0
        166
        125
          0
         32
        127
         15
         84
        255
          0
        102
          0
          0
         72
          0
          0
        210
        112
         82
          0
         66
          0
        239
          0
          0
        204
        154
          0
          0
          0
        255
          0
          0
         55
          0
          0
          0
          0
          0
          0
         77
          0
        190
         78
         48
          0
          0
          0
          0
         88
          0
          0
        236
          0
        255
         11
          0
        151
          0
          0
          0
          0
          0
          0
         32
          0
        120
          0
         34
          0
          0
        105
          0
         24
          0
          0
        150
         29
          0
          0
          0
        120
         99
          0
        199
          0
        255
         62
          0
        178
          0
         80
          0
        180
          0
         42
        191
         36
          0
          0
         26
          0
         94
        161
          0
          0
          3
          0
         99
         51
          0
          0
         62
          1
          0
          0
          0
          0
          0
         60
         27
          0
          0
        181
          0
          0
        235
          0
          0
        166
         28
          0
         26
        113
          0
          0
         87
         35
          0
          0
          0
         12
          0
         83
         29
         35
         93
         12
          0
          0
        255
         98
          0
          0
          0
          0
          0
        224
        255
        111
          0
         70
        114
        103
          0
          0
          0
          1
          0
          0
          0
          0
        101
          0
         87
          0
          0
          0
          0
         49
          0
          0
          0
          0
         44
          0
         72
          0
        153
          0
          0
          0
          0
          0
        104
          0
         21
         58
          0
          0
          0
        120
          0
          0
          0
          7
          0
          0
         60
        105
          0
          0
        161
          0
          0
         27
         41
          0
          0
          0
          0
          0
          0
          0
          0
          0
        105
        159
          0
         58
          0
          0
          0
          0
        136
          0
         35
        161
         81
          0
        183
        135
          0
          0
          0
          0
          0
          3
          0
          0
          0
        151
          0
          0
          0
         27
          0
         11
         54
          0
         28
         96
          0
        168
        255
          0
          6
          4
          0
         87
          0
         41
          0
          0
          0
          0
          0
          0
          0
         24
          0
         98
        255
        154
          0
         97
          0
          9
        253
         39
        129
         12
        113
          0
          0
          0
        255
          0
        188
          0
          0
          0
          0
         22
          0
         43
        174
          0
         86
          0
          0
          0
          0
          0
        159
          0
         44
        110
          0
          0
          0
        159
        172
        251
         65
         56
          0
          0
          0
          0
        127
        255
          0
          0
          0
          0
        198
         99
         33
          0
          0
          0
          0
        102
          0
        174
        180
          0
          0
        152
          0
          0
          0
        169
          0
          0
         82
          0
         30
         81
          0
          0
        133
          0
          0
          0
        120
        111
          0
         31
          0
          0
        175
          0
        103
        140
          0
          0
        170
         75
         58
          0
        255
        189
        177
         83
          2
        209
        157
          0
         16
        124
         88
        255
        141
          0
          0
          0
         97
         24
          0
          0
          0
          0
        235
          0
         52
          0
          0
        157
         26
        110
          0
          0
          0
         46
          0
        211
        111
          0
         62
        152
         49
          0
        255
          0
        185
          0
         75
         74
          0
        111
         81
        135
          0
        108
          0
          0
        181
          0
          0
        172
          0
          0
          0
          0
          0
          0
          0
        167
         89
        107
          0
        106
          0
          1
          0
          0
         79
          0
          0
          0
          0
          0
          7
         17
          0
         63
         54
        141
        113
         52
          0
          0
          0
          0
          0
          0
          0
          0
         78
         54
        128
         58
          0
         22
          0
          0
        255
         21
         79
          0
         19
          0
         69
          0
         69
         75
        171
         17
        142
          0
         29
         26
          0
        245
        255
        156
         11
          0
          0
          0
        165
         32
          0
          0
         88
         33
          0
         15
          0
        255
         98
          0
          0
        245
         28
         56
          0
         73
         22
         53
          0
          0
         88
         19
          0
         64
        252
          0
         23
          0
        161
         76
          0
          0
         97
          0
         43
        136
          0
          0
          0
          2
          0
         29
         90
        222
          0
         80
          0
        118
          0
         65
          0
        130
         66
         31
          0
          0
          0
         26
          0
         58
          0
          0
          0
          0
        158
          0
          1
          0
          0
          0
        255
          0
          0
          0
        137
          0
          0
          0
          0
         75
          0
          0
         57
          0
        225
         43
          0
          0
         79
        133
          0
        181
        255
          0
        149
        122
        146
        216
         75
         53
          0
         30
         14
          0
         21
          0
          0
          0
          0
         31
        104
          0
          0
         42
          0
        135
        224
        134
          0
         22
        255
        175
          0
        150
        156
          0
          0
        162
        184
          0
         59
          0
         74
          0
          0
          0
          0
        109
        151
          0
         95
          0
          0
          0
         76
          0
          0
         47
          0
         63
          0
         49
         76
          0
          0
        127
          0
          0
          0
         83
        209
          4
         21
          0
        255
          0
          0
        139
         45
          0
          0
          0
          0
        105
         78
         29
        160
          0
        157
         42
          0
         16
         21
         80
          0
          0
          0
         83
          0
        147
          0
         45
          0
          0
          8
          0
        255
        160
          0
          0
          0
         98
          0
          0
        129
        118
          0
        111
          0
         23
          0
        215
        215
         37
         19
         24
          4
          0
         29
         50
          0
        195
          0
        115
        237
          0
          0
        103
        135
          0
          0
        255
        127
        252
          0
        138
          0
          8
          0
          0
          0
          0
          0
          0
          0
         37
         25
          0
        255
         40
          0
          0
          0
          0
          0
        111
          0
          0
        128
        132
        160
         27
          0
          0
        116
          0
          0
         85
         70
         97
        159
          0
         44
          0
          6
          0
         50
         96
          0
        174
          0
         29
         16
          0
          0
          0
          0
         30
         38
          0
         86
          4
          0
        142
        165
          0
         22
          0
          0
         14
          0
         82
          0
         45
         48
          0
          0
         72
        106
         61
          0
        139
          0
        113
        255
          0
          0
          0
        198
          0
        221
         64
        101
         93
         43
         31
         93
          0
         59
        107
          0
          0
          0
          0
         18
         82
         91
          0
          0
        152
         10
         61
          0
          0
        179
        155
        163
          0
          0
          0
          0
          0
        173
         61
          5
        120
          4
         17
         16
          0
         94
         61
          0
          0
        126
          0
        136
        119
         41
          5
        231
          0
          0
         91
          0
          0
        255
         30
          0
          0
        213
         12
          0
          0
          0
          0
          0
        228
          0
        161
         83
         75
          0
          0
          0
          0
          0
          0
        172
          0
         28
          0
        183
          0
          0
          0
          0
        254
          0
         87
         62
          0
        255
          0
         96
          0
        119
          0
         48
        255
          0
         27
          0
          0
        205
          0
          0
        255
         35
         48
          0
         59
          0
         27
          0
        157
        114
        123
          0
         99
        114
         65
          0
          0
          0
          0
          0
          0
         19
        113
         52
         92
          0
          0
         21
        108
         24
          0
        143
          0
         57
          0
          8
         32
          0
         38
          0
        248
          0
        125
          0
          0
        255
         46
          0
          0
        255
          0
          0
          0
         67
         50
          8
          0
          0
         56
        255
          9
        169
         15
         41
          0
          0
         57
          0
          0
          0
         60
         48
         73
          0
        133
          0
          0
          0
        175
          0
        129
          0
          0
          0
          0
         66
        151
         47
          0
          0
          0
         36
          0
         88
          0
        145
         77
          0
         64
          0
         55
          0
          0
          0
          0
          0
        102
          0
        255
        227
          7
          0
        175
         86
          0
        255
          0
        141
        187
         74
         82
         19
        163
        104
          0
         81
         13
        115
        196
          0
          0
          0
        142
         76
          0
          0
          0
          0
         84
          0
        255
          0
          0
          0
         44
          0
          0
         21
          0
          0
        166
        125
          0
          0
        132
         77
          0
          7
          0
          0
         12
         22
        108
          0
        107
          0
          0
        205
        218
          0
         17
          0
          0
        247
          0
          0
          0
          0
          0
         48
          0
         48
         42
         61
        144
          0
          0
         91
        161
          0
        144
          0
          0
          0
         73
         25
         34
          0
          0
         61
          0
          0
         33
          0
         88
        128
         25
          0
        126
        200
          0
          0
          0
         72
          0
         12
        120
          0
          0
        236
        115
          5
          0
        146
         30
        156
          0
          0
         18
          0
         90
         54
          0
          0
          2
          0
          0
        222
          0
          0
        227
          0
        187
        163
          0
        225
         77
        106
          0
          0
          0
          0
          0
         51
          0
        158
         14
         95
         13
        101
         65
          0
          0
          0
          0
          0
         44
         26
          0
         64
          0
          0
        133
          0
          0
         73
          0
          0
        112
         84
          0
          0
          0
          0
          0
          0
        204
        138
         68
          0
          0
        108
         32
         90
          0
         33
          0
          0
         56
          0
          0
          0
          0
          0
         39
          0
         19
          0
          0
        131
        251
          0
        100
         63
          0
          0
        255
          0
          0
        160
          9
         82
         46
          0
          0
         65
         38
          0
        167
        211
         62
          0
          0
          0
        140
         55
        139
          0
          0
          0
         15
          0
         47
         11
        113
        109
          0
        255
          0
         97
          0
        161
        146
          0
          0
         67
          0
          0
          0
        168
          0
         47
         83
          0
          0
         13
          0
          0
         34
          0
          0
         27
          4
          0
          0
         67
        109
        130
          0
         69
          0
          0
          0
        153
          0
         47
          0
        190
        103
         31
          0
          0
          0
          0
         30
          0
          0
          0
          0
         19
          0
          0
          0
        200
         40
        160
          0
        109
         46
         55
          0
        147
          0
        185
          0
          0
          0
          0
          0
          0
          0
          0
          0
        127
          0
          0
          0
          0
        238
          0
        132
          0
          0
          0
          0
          0
        131
         69
          0
        106
        187
          0
          0
          6
          0
         79
          0
          0
          0
          0
          0
          0
          0
        113
          0
          0
        112
          0
         39
          0
          0
         25
          0
         22
          0
        255
        102
          0
        135
          0
          0
        170
         62
          0
        114
         40
        255
          0
          0
          0
          0
         44
         52
         65
          0
        126
         12
          0
          0
         23
        128
          0
        100
          0
          0
        110
         32
        255
          3
        217
          0
        168
        199
        103
          0
          0
          0
         27
        245
          0
          0
          0
          0
          0
          0
         51
        121
          0
         53
          0
          0
         42
          0
          0
          0
          0
          0
          0
          0
        255
        151
          4
          0
          0
          0
         46
        195
          0
          1
          0
          0
          0
          0
         81
        121
          0
          6
          0
          0
         40
          0
          0
          0
          0
        100
          0
          3
          0
         77
          0
        153
        198
          0
          0
         45
         19
          0
         72
        118
        207
         84
        187
          0
         11
        255
         62
          0
          0
         84
          0
         40
         94
          0
         65
          0
          0
        124
          0
          0
          0
          0
          0
        148
        255
          0
          0
        192
          0
        205
        117
          0
        255
          0
         72
          0
         53
        143
         46
          0
         47
         70
         22
         48
         72
         88
          0
        190
          0
         78
          0
         46
          0
        102
          0
        103
        255
          0
          0
          0
        189
        140
        131
          0
        255
         47
        223
          0
        207
          0
         21
          0
          0
          0
        201
          0
          0
          3
         19
        251
          0
         52
          0
         70
        116
        114
          0
          0
         10
        103
          0
          0
        227
        223
         42
         11
        163
          0
          0
          0
          4
          0
          0
        183
         84
         94
          0
          0
          0
          0
          0
          0
        255
         48
          0
        113
          0
        169
          0
          0
        255
          0
          0
          0
        189
        123
         28
          7
          0
          0
          0
          0
         76
          0
         16
         71
          0
         59
         30
         37
         66
          0
          0
          0
          0
         29
          0
          0
          0
          0
          0
          0
        161
          0
        104
        240
          0
         80
          0
         61
          0
        108
          0
          0
          0
          0
          0
          0
        139
          0
          6
          4
          0
          0
          0
          0
          0
         83
          0
          0
         35
          0
         89
         65
          0
          0
         24
         57
        149
          0
        116
          0
          0
         20
         54
          0
         52
        150
         12
        175
          0
          0
          0
          0
          0
        116
          0
          0
          0
          0
          0
        142
          0
          0
          0
         61
          0
          0
          0
        112
        131
          0
         38
         11
          0
          0
         44
          0
         88
         91
        102
          0
          0
          0
          0
         94
         49
          0
          0
          0
          0
         95
          0
        255
        255
        110
          0
          0
        218
         22
        208
        162
         79
         20
          0
         80
         51
          0
          0
          0
          0
        255
        105
          0
        155
          0
         26
         17
         50
          0
          0
          0
          0
          0
          0
         53
          0
          0
          0
          0
          0
         58
          0
        107
        226
        159
          2
        111
          0
          0
        188
          0
        126
          0
        143
          0
        144
          0
         48
          9
          0
         36
        103
          0
        169
         84
          0
        134
          0
        113
         36
        127
          0
         35
          0
         79
          0
          0
          0
         96
          0
          0
          0
          0
          0
          0
         91
          0
          0
          0
         10
        113
          0
         63
          0
          0
        223
          5
          0
         69
        151
         42
          0
          0
          0
         16
          0
        103
          0
          0
         28
        164
          0
          0
          0
          0
        154
        255
          0
         16
          0
         46
         35
         18
          0
          0
        153
         10
        131
          0
          0
          0
        255
          0
          0
          0
          0
          0
          0
          0
          0
          0
        120
         25
         21
         54
          0
          0
        102
          0
        110
          0
          6
          0
          0
          0
          0
          0
          0
          0
          0
          0
          0
         68
          0
        153
        114
          0
        176
         99
        175
          0
          0
          0
          0
        167
        189
          0
        159
        255
          0
          0
          6
          0
          0
         84
        136
          0
         93
          0
          0
          0
          0
        143
         28
          0
        148
         81
          0
          0
        189
          0
        107
        112
         94
        167
         20
          0
         66
        170
         11
        255
        175
          0
          0
          0
        126
          0
          0
          0
          0
          0
          0
          0
          0
        106
          0
          0
          0
          0
          0
          0
        255
          0
        193
          7
        124
         44
         45
         38
         91
          0
        255
          0
          0
        255
        138
         49
          0
        107
          0
         21
         18
          0
        126
          0
          6
         30
          0
        164
          0
          0
          0
          0
          0
        202
          0
          0
         91
        121
        172
          0
         50
        121
          0
          0
        170
          0
          0
          0
         90
          0
         98
          0
          0
          0
         76
          0
        226
         18
          0
         12
          0
        155
          0
          0
        255
          0
          0
          0
        160
         14
        164
        117
          0
        139
        255
          0
          0
        255
         74
          0
          0
          0
         26
          0
         32
          0
          0
         55
          0
         75
          0
        111
          0
          0
          0
        107
        255
          0
         75
         34
        229
          0
        117
          0
          0
         29
          0
          0
          0
         94
        101
         76
          0
          0
          0
         79
        110
          0
          0
         24
          0
         61
          0
          0
          0
          0
          0
        184
          0
          0
          0
        124
          0
          0
         80
          5
          0
         13
          0
          0
          0
          0
         66
          0
          0
         49
        167
         90
         68
          0
         60
          0
         37
         79
          0
          0
          0
        111
        204
          0
        255
        123
          0
          0
         23
         37
         53
         82
          0
          0
         83
          0
         61
          0
         76
        255
        132
         27
          0
         88
          0
          0
          0
        156
        103
         71
          0
          0
          0
        174
          0
          0
        175
          0
        189
        202
          0
        255
         30
        107
        255
          0
          0
          0
          8
        104
         65
          0
          0
          0
          0
         44
          0
          0
         48
          0
          0
         53
          0
        109
          0
          0
          0
        240
          0
          0
          0
        154
        194
         37
        105
         34
        191
         56
         97
          0
        155
          0
         98
          0
         21
          0
          0
         24
         53
          0
          0
          0
        119
         72
          0
        239
        143
         41
         72
        184
          0
         19
          0
        133
        133
          0
          0
          0
          5
          0
          0
        255
         69
          0
         88
        116
         42
          0
          0
        112
          0
          0
         13
        101
         53
         73
          0
          0
        205
         83
          0
          0
        152
        118
        102
        123
        236
          0
          0
          0
          0
          0
          0
          0
        206
        255
          0
          0
          0
          0
        125
        149
          0
          0
          0
          0
          0
         76
          0
          0
          0
         53
          0
          0
          0
          0
        199
         89
         63
        141
          0
         11
         40
          0
          0
          0
        127
          0
          0
          0
          0
          0
          7
         39
        108
          0
        167
         33
        255
         25
          0
        248
        199
          0
          0
          0
          0
          0
          0
          0
          0
        255
          0
          0
         37
          0
          0
          0
          0
          0
          0
          0
        122
          0
          0
        125
         60
         59
          0
          0
          0
          0
          0
        168
          0
          0
          0
          0
        255
          0
          0
          0
         98
        153
        110
         57
          0
        170
        255
          0
         96
        250
          0
        255
          0
          0
          0
        126
          0
         61
        109
          0
        232
          0
          0
          0
          0
          0
          0
          0
          0
          0
         95
         24
        128
         79
        138
         10
          0
        173
        104
          0
          0
        107
        123
          0
          0
          6
         17
          2
          0
         39
          2
         98
        255
         90
          0
        175
        255
          0
          0
        190
        255
          0
        198
          0
          0
          0
        179
          0
          0
         19
        135
        191
          0
          0
          0
          0
          0
          0
          0
          0
          0
         41
          0
        170
         35
         93
          6
          0
          0
        173
        226
        204
        105
          0
          0
          0
          0
          0
        122
        255
          0
        173
        112
        255
          0
          0
          0
        206
        127
          0
          0
          0
          0
          0
         35
          0
          0
        142
          0
          0
         64
          0
          0
         37
        209
          0
         92
          0
         32
          0
        141
         20
        255
          0
          0
          0
        156
          0
          0
         75
          0
        113
          0
         21
        159
        185
          0
          0
          0
         37
          0
          0
          0
          0
          3
         72
        255
          0
        254
          0
         83
          0
          0
          0
          0
          0
        196
          0
         59
        255
        157
          0
          0
        124
        111
          0
        185
        167
         79
          0
          0
         76
          0
        204
          0
         97
          0
          0
        145
        109
        122
          0
          0
          0
          0
          0
          0
          0
          0
          0
         37
          0
         34
         17
        105
          0
        131
          8
          0
        178
          0
          0
          0
         40
          0
          0
          0
        174
         88
        199
        215
        187
        190
        187
          0
         90
          0
          0
          0
        154
         69
          0
        208
         50
        135
          0
        134
          0
          0
        120
        100
        148
          0
          6
         18
         40
          0
        192
          0
          0
          0
        131
        255
         60
        255
        123
          0
          0
        176
          0
          0
        105
          0
        255
        114
          0
         51
          0
         93
         85
          0
        130
          0
          0
        235
        241
        210
        100
          0
          0
          0
         21
          0
        134
         58
          0
         53
        101
         76
          0
        146
          0
          0
          0
         73
        255
        179
          0
          0
        175
         94
         37
        190
         69
          0
          0
          0
          1
         83
        122
          0
          0
         85
        114
         60
          0
        146
        182
          0
        157
         11
          0
          0
          0
          0
        160
         58
          0
        207
          0
         21
         11
          0
          0
        215
          0
          0
        195
         97
         39
          0
        129
          0
          0
          0
          0
          0
        148
          0
         26
        243
        239
         47
        174
        149
          0
        255
          0
         62
          0
        102
          0
          0
         39
          0
          0
         45
        113
        130
        183
          0
        214
          0
        116
          0
        255
        255
          0
          0
         71
        255
         26
        116
          0
         32
          0
         85
         35
          0
          0
          0
          0
          0
          0
        103
        255
         98
          0
          0
         51
        176
        194
        246
        202
          0
        146
          0
        222
          0
          0
         59
         72
        170
        181
          0
        219
          0
          0
        103
          0
          0
          0
         26
          0
         64
          0
          0
          4
         85
          0
         41
         41
          0
          0
          0
          0
          0
         92
          0
        255
          0
          0
          0
        237
          0
          0
        196
        238
          0
        134
        103
          0
        255
          0
         39
          0
          0
          0
         20
          0
         80
         61
          0
        138
        173
          0
         60
          0
          0
        110
          0
        207
          0
          0
         97
         11
        255
         75
         90
          0
         45
        111
        128
          0
          0
          0
        101
          0
        163
          0
        101
          0
         64
          0
         57
        147
          0
          0
          0
          0
          0
         82
          0
        211
          0
        172
          0
        155
        153
          0
        255
          0
         58
        163
        175
          0
          0
          0
        137
         56
          0
         22
          0
         73
          0
          0
        178
         27
          0
          0
          6
          0
          0
         73
          0
        134
          0
          0
          6
          0
          0
        140
         42
          0
         17
          0
          0
          0
          0
        148
          0
          0
        111
          0
        110
          0
          0
         30
        215
          0
        139
          0
         49
        104
          0
          3
          0
          0
          0
         58
        227
        209
        184
        171
        255
          0
          0
        198
          0
          0
         56
          0
          0
          0
         10
          0
        155
          0
         60
          0
         83
          0
          0
          0
          0
          0
          0
         52
