        148
          0
          0
          0
          0
          0
        255
        255
        237
        120
         84
          0
          0
        238
          0
          0
        255
         39
          0
          0
          0
          0
          0
          0
        255
         47
          0
          0
          0
        207
          0
        229
         85
        142
        209
          0
        255
          0
        200
         15
          0
          0
          9
          0
         67
        210
          0
          0
         19
        193
         57
         90
         67
         60
        123
        170
        133
        117
          0
          0
        189
         91
          0
          0
          0
        148
        193
          0
        255
          0
          0
         18
        255
          0
          0
          0
          0
         41
          0
          0
          0
        116
        255
          0
          0
        114
          0
        110
        138
         65
        175
          0
          0
          0
         63
        237
          0
          0
          0
          0
        255
          0
          0
         16
        255
          0
          0
        190
          0
        126
          0
         87
         18
        178
          0
        255
          0
        224
          0
        185
          0
         71
        131
          2
          0
        255
          0
          0
          0
          0
          0
          0
          0
          0
          0
          0
          0
         51
          0
        182
        158
        238
          0
          0
          0
          0
          0
         31
        112
          0
          6
          0
        255
         88
          6
          0
         99
          0
         97
          0
          0
          0
        144
          0
        255
          0
          0
        125
          0
        113
         71
          0
        162
        173
          0
          0
          0
          0
          0
          0
        246
          0
          0
        142
          0
         36
        133
          0
          0
        114
          0
          0
          0
          0
        205
          0
          0
          0
        128
         79
          0
          0
          0
          0
          0
         16
          0
          0
          0
        172
          0
        255
        192
          0
          0
        180
          0
         50
         11
          0
         14
          0
         49
          0
         63
          0
        234
        255
          0
          0
         86
         41
          0
          0
         41
          0
         98
         41
          0
          0
          0
        218
         32
        125
         45
          0
          0
          0
         35
        117
        161
          0
        142
          0
          0
          0
         75
          0
        184
          0
        255
          0
        123
          0
        255
         23
          0
          0
          0
        160
         37
          0
         66
        134
          0
        169
        237
          0
        146
          0
        167
         80
        120
          0
          0
        162
         33
         41
         36
          0
          0
         64
          0
        122
          0
          0
          0
         72
         87
          0
         15
        249
          0
          0
          0
        100
          0
        222
          0
          0
         47
          0
          0
        117
          0
        249
          0
         92
          0
          0
        117
          0
          0
        200
          0
          0
          0
        107
          0
          0
          0
          0
        111
        154
          0
          0
          0
        156
          0
        255
        126
          0
         71
        171
          0
          0
          0
          0
         58
          0
         97
        245
          0
          0
        218
        255
          0
          0
         39
        255
          0
          0
          0
        175
          0
        181
        146
         52
         21
        127
          0
        105
        127
          0
          0
        128
         85
          0
        114
         66
          0
        255
          0
          0
        114
        130
          0
          0
          0
          0
          0
          0
          0
          0
          0
         97
          0
        112
        102
        248
          0
          0
         10
         89
        146
          0
          0
          0
        250
         45
        103
          0
          0
        255
          0
          0
         16
        145
          0
        219
        255
          0
          0
          0
          0
          0
          0
        152
          0
         56
         78
        102
         89
          0
         40
         91
        255
          0
         18
          0
        244
          0
         31
          0
        238
          0
         57
          0
         58
          0
        230
        175
        255
          0
          0
         57
          0
         46
          0
        220
          0
         25
          0
        204
          0
          0
        255
        255
        191
          0
        105
        116
        137
        115
          0
          0
        239
          0
          0
          0
          0
          0
        136
          0
          0
          0
        248
          0
        255
          0
          0
          0
        255
         37
          0
        255
          3
         73
          0
         40
        255
          0
          0
        111
          0
          0
        115
         39
        235
        255
        135
          0
        145
          0
        129
        255
        184
          0
        255
          0
        255
          0
         78
          0
          0
          0
          0
          0
          0
        100
          0
          0
        255
          0
          0
          0
        168
         23
          0
          0
        255
          0
          0
          0
          0
         70
          0
        147
          0
         60
        255
          0
         57
         16
          0
          0
        174
          0
        123
        255
          0
        196
         96
         80
          0
          0
         27
          0
         10
          0
          0
          0
          0
          0
          0
          0
          0
         18
          0
        255
          0
          0
         33
          0
          0
         30
         19
          0
          0
          0
          0
          0
          0
          0
         20
          0
        203
          0
        141
        128
        150
          0
          0
          0
        183
         45
         48
         48
         56
         24
          0
        255
        255
         57
          0
          7
          0
          0
          0
        172
          0
        243
         24
          0
          0
        216
          0
        114
          0
          0
          0
          7
        255
         65
          0
          0
          0
          0
          0
         49
         62
         92
         15
          0
          0
          0
        255
          0
          0
         56
         24
          0
        111
          0
          0
         56
          0
          0
          0
        177
        107
          0
        204
          0
        255
          0
        107
          0
          0
          0
          0
         67
          0
         42
        114
        160
        255
          0
        123
         12
        109
          0
          0
          8
        119
         58
          0
          0
         92
        104
          0
          4
        146
          0
        194
          0
        255
          0
         57
          0
          0
         36
          0
        242
         32
          0
          0
        255
          0
         69
          0
          0
        197
          0
          0
         96
        112
        121
         15
          0
          0
         83
          0
         27
        117
         63
          0
        100
        191
         61
        175
        130
          0
          0
          0
          0
          0
         29
          0
          0
          0
          0
          0
          0
         78
          0
         60
        106
         48
          0
          0
          0
        247
         84
          0
        255
          0
          0
          0
        107
          0
         12
          0
          0
          0
          0
          0
          0
          0
          0
          0
         39
        255
         15
          0
          0
        221
        105
          0
        159
          0
        149
          0
          0
          0
        187
         37
          0
        114
          0
          0
          0
        230
          0
         80
          0
          0
          0
         94
         25
         91
          0
          0
          0
          0
          0
         60
          0
        255
          0
          0
         49
        214
        227
          0
          0
          0
          0
          0
        255
        168
          0
          0
          0
          0
          0
         38
          0
          0
         71
          0
          0
          1
         49
         10
        255
        255
         92
          0
        111
        255
          0
          2
          0
         51
        250
          0
          0
          0
        199
          0
        147
          0
          0
         74
          0
          0
          0
          0
        190
          0
          0
        149
          0
          0
          0
         14
          0
          0
         12
        182
        242
          0
          0
          0
          0
         24
        187
          0
          0
          0
          0
          0
         15
          0
         98
        166
          0
         38
          0
          0
          0
          0
          0
          0
          0
          0
          0
        171
        255
        255
          0
        176
          2
        255
         85
          0
          0
          0
          0
          0
          0
          0
          0
          0
         16
        207
          0
          0
          0
         78
         46
         58
          0
         39
          0
          0
        255
        103
          0
          0
        255
          0
         86
          0
         28
        255
         40
          0
          0
          0
          0
         90
          0
          0
         81
        123
        172
         74
          0
        206
          0
        207
         63
          1
         52
         56
          0
         79
          0
        149
          9
         61
          0
        108
        111
          0
          9
        255
          0
         13
        213
        141
          0
        255
          0
          0
          0
         26
         83
         46
          0
        233
         18
         47
         84
          0
          0
          0
        255
        176
         40
          0
          0
        249
          0
        110
        120
          0
          0
          0
         25
          0
          0
          0
          5
          0
        158
         48
         38
          0
          0
        255
         74
         56
         74
        190
          0
          0
        207
         85
          0
        174
          0
          0
         12
         59
        140
          0
          0
        255
        255
        212
          0
         22
         61
        201
          0
        144
          0
          0
          0
          0
          0
        255
          0
        120
          0
        170
          0
          0
          0
        201
          0
          0
         72
          0
         70
          0
        255
          0
          0
          0
          0
          0
         13
          0
          0
         91
          0
          0
          0
          0
         89
          0
        255
         37
         48
          0
          1
        151
         10
          0
        184
          0
        130
          0
        119
         66
          0
        179
        255
        183
         80
          0
        136
        230
         19
          0
          0
        153
        184
          0
          0
          0
        164
        220
        186
        117
        109
          0
          0
        220
          0
        124
         30
        113
          0
          0
          0
        118
          0
          0
        255
        132
          0
        232
        206
        255
         80
          0
          0
          0
         65
        231
          0
          0
         65
          0
        222
          0
        125
          0
          0
        196
         91
          0
          0
          0
        184
         33
        227
         83
          0
          3
          0
        165
         96
        157
          0
          0
          0
          0
          0
          0
          0
          0
        161
          0
         79
          0
          0
        255
          0
          0
          0
        216
         43
        161
        228
          0
         20
          0
        177
         58
         16
          0
          0
          0
          0
          0
          0
        169
          0
          0
        189
         98
          0
          0
          0
        142
         82
        100
        255
        136
          0
          0
          0
          0
          0
          0
          0
          0
         21
        111
        239
          7
         10
        255
        255
        255
          0
        204
          0
         76
          0
         38
        169
          0
         97
         14
          0
          0
          0
          0
          0
          0
         34
          0
          0
        255
         55
          0
          0
          0
          0
          0
          0
        123
          0
          0
        235
        255
         25
         68
          0
          7
         20
          6
          0
          0
         81
        255
          0
        144
        209
        255
        255
         99
         66
        192
          0
          0
          0
          0
        249
          0
          0
          0
        221
         80
         32
          0
         15
        255
          0
          0
        198
          0
         42
          0
         14
          0
          0
          0
          0
          0
          0
          0
          0
          0
        101
          0
          0
         85
         20
          0
          0
          0
        233
          0
        158
         94
          0
          0
        218
          0
         45
          0
          0
          0
          0
          0
          0
        209
        125
          0
          0
          0
          0
        169
          0
        255
          0
         61
          0
         53
          0
          0
          0
         84
          0
         20
          0
         88
         35
          0
        255
         69
        164
        249
          0
         30
          0
          0
        207
          0
        172
          0
         25
          0
          0
          0
         69
         87
          0
          0
          0
        234
          0
          0
          0
          0
        151
         70
          0
          0
          0
        145
        255
         48
          0
          0
        102
         41
         75
          4
          0
        170
         47
        255
         27
         68
        106
          0
        125
        101
          0
        112
          0
         25
        101
        141
         52
          0
          9
          0
          0
         37
         62
         20
        255
          0
          0
          0
        193
          0
          0
          0
          6
          0
          0
        255
          0
          0
        220
          0
          0
         60
         49
        140
          0
        163
          0
          0
         30
          0
        255
          0
        255
          0
         82
          0
        255
          0
         29
        160
          0
          0
          0
          0
         47
          0
          0
        239
          0
          0
        205
          0
        255
        201
         62
          0
          0
        110
         87
         72
         19
          0
          0
          0
         86
        122
          0
          0
        255
          0
         84
        221
          0
          0
          0
          0
         43
        105
        154
         25
        224
          0
          0
          0
         63
          0
          0
          0
         13
        248
          0
          0
          0
          0
        122
          0
         63
        117
          0
          0
          0
        190
          0
        114
          0
         92
         65
         21
         61
          0
        128
          0
          0
          0
        119
          0
          0
          0
         77
        159
          0
          0
         55
         73
          0
        248
          0
          0
          0
         93
          0
         96
        117
          0
         17
          0
        161
        219
          0
         68
          0
        166
          0
        160
          0
        227
        101
          0
         28
        255
          0
         47
          1
        174
          0
          0
          0
          0
        198
          0
        168
          0
         16
         35
        255
        214
          0
          0
          0
        255
          0
         26
          0
         16
          0
          0
          0
         48
         21
          0
        180
          0
        103
         18
        190
        149
          0
          0
          0
        136
          0
          0
          0
          0
          6
          0
        255
        255
         31
        171
        185
         33
         77
         55
        206
        128
        235
          0
        147
          0
         92
          0
          6
         52
        152
        100
          0
          0
         86
          0
          0
        215
          0
         98
        255
         27
         78
        249
          0
        255
         92
          0
        255
          1
         21
          0
          0
          0
        185
          0
          0
          0
          0
          0
        112
        139
        255
        251
          0
         82
          0
          0
          0
        179
        232
          0
         20
          0
          0
          0
        255
        137
         82
         76
          0
         49
          0
          0
          0
          0
        246
          0
          0
          0
          0
          0
         86
        255
         56
          9
          0
          0
         87
        198
        196
          0
          0
          7
          0
          0
          0
         76
          0
          0
        141
        188
          0
          8
         46
          0
          0
        211
        236
        163
          0
        112
        217
          0
        198
        255
         11
          0
          0
        217
         26
        161
        229
          6
          0
          0
          0
         21
          9
          0
        255
        105
         84
          0
         81
          0
         64
          0
          0
          0
          0
          0
          0
          0
        108
          0
        186
          0
          0
          0
          0
        255
         64
        112
        131
          0
          0
         24
          0
          0
         42
        252
        255
          0
          5
          0
         42
         17
        103
          0
          0
          0
          0
          0
          0
          0
        173
        174
          0
        130
         92
          0
         33
         41
          1
         11
          0
        255
        255
          0
          0
        137
         80
        234
          0
          0
         75
        255
         19
        195
         26
          0
        139
          0
        219
          0
          0
        124
        123
          0
        255
        232
        246
          0
        190
        144
         49
         51
        248
          0
          0
          0
          0
          0
         54
        234
          0
        255
          0
          0
          0
        202
          0
          0
        105
        147
        213
          0
          0
          0
          0
          0
          0
          0
        238
        255
         62
        211
          0
          0
          0
          0
          0
          5
        128
         35
          0
        218
          0
        255
         36
          0
          0
          0
         38
         42
          0
          0
        148
         64
         35
          0
         82
          0
        255
          0
        101
          0
        114
          0
          0
         13
          0
          0
         41
          0
        255
          0
         38
        205
          0
        255
        149
          0
        255
          0
          0
          0
          0
        102
        237
          0
          0
          0
         91
         11
          0
        255
          0
          0
        189
        200
         66
          0
          0
        211
          0
         65
          0
          0
        122
         28
        255
          0
          0
          0
        192
          0
          0
         42
          0
         52
          0
          0
        220
          0
        155
          0
        255
         86
          0
          0
          0
          7
          0
          0
        168
          0
          0
          0
        255
         14
         79
          0
        255
          0
          0
         12
        255
          0
          0
          0
          0
          0
          0
        224
        255
          0
        181
         74
          0
        169
        110
        201
        115
        212
         92
          0
          0
         99
         75
          0
        255
         18
          0
          0
        255
        255
          0
          0
          0
          0
          0
          0
          0
        203
          0
          0
         68
          0
        201
          0
        198
        255
        255
         40
          0
        121
         33
        128
          0
          0
          0
         86
          0
          0
         84
          0
          0
          0
          0
        255
          0
        169
          0
         71
          0
          0
          0
          0
          0
          0
         47
        255
          0
        255
        100
          0
          0
          0
        102
          0
         29
        255
          0
        136
        164
          0
          0
         23
          0
        255
          0
          0
          0
        164
          0
         54
          0
          0
          0
          0
        255
        244
        110
          0
          0
        255
        153
          0
          0
         93
          0
        129
          0
        162
          0
          0
        249
         89
          0
         44
          0
        255
          0
          0
         98
        205
         30
          0
        210
        161
        225
          0
          0
         61
        118
          0
          0
        156
         93
          0
         80
        121
          0
         86
          0
        150
         81
        197
         83
         96
        115
        238
         75
        119
         20
        116
        211
          0
          0
         69
        201
          0
        197
        206
          0
          0
          0
          0
        181
        141
          0
          0
         64
        144
          0
          0
          0
          0
          0
         32
          0
          0
        142
          0
        255
         72
          0
          0
          0
        117
          0
         41
          0
          0
          0
          0
        177
         51
          0
          0
        133
          0
          0
          0
         38
          0
         67
          0
        214
        166
          0
         16
          0
          0
          0
          0
          0
          0
        132
          0
          0
          0
         44
          0
          0
        130
          0
          0
        108
          0
          0
          0
          0
        205
          0
         88
          0
        136
         28
          0
          0
          0
          0
          0
          0
         65
          0
          0
        255
          0
          0
          0
          0
          0
         24
          0
         52
         33
          0
          0
          0
         56
        171
          0
          0
        255
          0
        189
         16
        232
          0
          0
          0
         43
        250
          0
        125
          0
          0
        123
          0
          0
         94
          0
        255
        195
          0
         75
         91
        129
         23
          0
          0
        255
        206
          0
         16
          0
          0
         39
          0
        255
        122
          0
          0
        255
        255
         84
          0
        127
          0
        120
          0
         18
          0
         26
          0
          0
          0
         23
          0
          0
        132
          0
          0
         40
        145
          0
        136
        222
          0
          0
         60
        209
          0
          0
         76
          0
          0
          0
          0
          0
          0
          0
          0
        174
          7
        255
          0
          0
         48
          0
        155
          0
          0
        144
          0
         84
        156
          0
          0
         21
          0
          0
        144
         68
         14
          0
          0
          0
          0
          0
          0
         72
          0
          0
          0
         27
          0
        255
          0
        192
          0
          0
        209
         72
          0
          0
          0
          0
        163
        106
          0
        165
         53
          0
         31
          0
          0
          0
        118
          0
        255
         74
          0
         32
          0
          0
          0
          0
          0
          0
          0
          0
          0
          0
          0
         13
        226
          0
          0
        252
        170
          0
         13
         52
        108
        104
         40
        100
          0
          0
          0
         77
          0
          0
          0
          0
        129
          0
         60
          0
          0
          0
          0
        250
         27
          0
          0
        208
        164
          0
          0
          0
        227
          0
        255
        255
          0
          0
        127
         62
         51
          0
         55
        100
          0
        164
          0
         54
         63
          0
        255
         54
        102
         94
         39
        101
         29
          0
          0
          0
          0
          0
          0
          0
         56
          0
          0
          0
          0
         62
          0
          7
          0
          0
          0
          0
        162
        188
          0
          0
          0
          0
        255
         88
          0
          0
          0
         89
         10
          0
          0
          0
          0
          0
          0
          0
          0
        255
        255
          0
        255
          0
         21
         40
          0
         91
        204
          0
          0
          0
        255
        149
          0
          0
        255
          0
          0
          0
          0
          0
          0
          0
         27
        191
        219
          0
         19
          0
        123
         51
          0
          1
          0
         94
        161
        144
         81
          0
         61
         11
          0
        111
          0
          0
         11
          0
          0
          3
        135
        221
          0
         70
        116
         81
         60
        255
          0
          0
        255
        173
          0
          0
          0
        255
          0
         23
          0
          0
          0
         72
         12
        178
          0
          0
          0
        112
          0
          0
          0
          0
         56
        201
          0
          0
          0
         80
         57
          0
          0
          0
        255
        240
         79
         43
          0
        166
         17
          0
         89
        168
          0
        153
         27
         62
          0
          0
          0
         90
          0
        255
        255
          0
          0
          0
        147
          0
          0
          0
          0
         57
         74
         54
          0
          0
          0
        137
          0
          0
        175
        133
         45
          0
          0
          0
          0
        114
          0
          0
         85
          0
          0
          4
        255
          0
          0
          0
        200
         77
          0
         15
          0
          0
         38
         58
          0
          0
          0
         41
         88
        255
         61
          0
          0
         17
         38
        164
          0
          0
         94
          0
        164
          0
         66
          0
        255
        255
         99
        255
          0
          0
         11
          0
          0
         88
         94
          0
         69
          0
        199
         98
        225
          0
          0
         22
          0
        156
          2
        127
        203
        244
        107
         42
        255
        103
          0
          0
         50
          0
          0
         37
          0
          0
         16
          0
          0
        247
        234
         55
         63
          0
        197
          0
        255
          0
          0
          0
          0
         83
          0
         70
          0
          0
        240
         53
          5
         54
         81
        126
        255
        255
         96
         29
         92
        241
          0
          0
          0
          0
         49
          0
         25
          0
        166
          0
          0
         75
          0
          0
          6
        166
         41
         73
          0
          0
          0
          0
          0
          0
         41
          0
          0
        255
          0
          0
        255
         89
          0
         39
          0
         73
        124
          0
          0
          0
         87
         55
         55
          0
        169
         36
          0
        124
         92
        104
        177
          0
         30
          3
        165
         75
          0
          0
         35
        255
         34
          0
          0
         36
        111
         20
          0
          0
          0
        103
        105
        101
        177
         42
         99
         55
        109
        174
          0
          0
         47
        119
          0
          0
          0
          0
         18
          0
          0
          0
         68
        255
          0
          4
          0
          0
         59
          9
          0
        207
          0
          0
          0
          0
        211
          0
         82
        172
        110
        136
          0
        144
         86
        187
          0
          0
          0
          0
          0
         68
          0
          0
        255
          0
         36
        116
         17
          0
          0
         31
          0
         41
          0
          0
          0
         21
          0
          0
        120
          0
         98
          0
          0
          0
          5
          0
          0
         21
          0
          2
        255
          0
          0
          0
        255
          0
          0
        212
        103
          0
          0
          0
          0
          0
          0
          0
          0
          0
          0
          0
        247
        255
        163
        246
        179
         61
          0
         77
        210
          2
        114
        187
          0
          0
          0
          0
        255
        118
          0
          0
        131
          0
         63
          8
        165
          0
         24
          0
          0
          0
        193
          0
          0
        255
         42
          0
          0
        226
          0
          0
          0
         12
          0
        201
         47
        135
          0
         33
        255
          0
          0
          0
          0
          0
          0
         16
          0
          0
        252
          0
          0
          0
        177
         32
        255
        134
         30
        111
          0
         32
          0
          0
          0
        255
          0
          0
          0
        122
          0
          0
        255
          0
          0
          0
         99
        130
         76
          0
          0
          0
        225
        255
          0
          0
        171
         86
          0
         62
         85
          0
          0
          7
         57
         98
          0
          0
          0
        201
          0
         60
          0
          0
        255
          0
        103
          0
          0
          0
          0
         11
          0
        145
        253
         60
          0
          0
        107
          0
        186
        172
        116
          0
         36
          2
         89
          0
        217
          0
        147
        129
          0
         94
          0
          0
          0
         16
          0
         33
        255
          0
          0
          0
          0
        234
          0
        255
          0
         26
          0
          0
          0
          0
         68
        255
          0
          0
         47
         35
         84
         99
        255
          0
          0
         23
          0
         42
          0
          0
         61
        139
        255
          0
          0
         49
          0
          0
          0
         32
          0
        255
         19
          0
        108
        255
          0
          0
          0
         56
        102
          0
          0
        158
          0
          0
          0
          0
         21
         57
        188
          0
         56
        162
        255
          0
          0
         53
          0
          0
          0
          0
          0
        109
        192
          0
         14
          0
          0
        237
          0
         64
          0
          0
          6
          0
        113
          0
          0
          0
          0
          0
         42
          0
          0
          0
        111
          0
          0
          0
          0
         19
        175
         53
        255
          0
          0
          0
        191
        255
          2
          0
          0
          0
         70
          0
        213
          0
          0
          0
          0
         51
        117
        132
         59
        147
          0
          0
          0
         26
         14
          0
          0
          0
          0
        255
        178
          0
        138
          0
          0
        218
        236
          0
         10
          2
          0
          0
         32
        242
          0
          0
          0
          0
          0
        176
          0
          0
          0
         49
          0
        255
          0
          0
          0
         26
        112
          0
          0
          0
          0
         29
        255
          0
        216
         96
        128
        172
          0
          0
          0
          0
          0
         84
          0
         55
         44
        153
          0
          0
          0
        255
        154
          0
          0
          0
          0
          0
          8
          0
        109
         47
        105
          0
         21
        250
        219
        136
        115
        235
          0
          0
          0
          0
          0
        205
          0
        107
         27
         65
          0
          0
          1
          0
          7
        255
         75
          0
          0
          0
          0
          0
        255
        255
         41
          0
         45
        255
         33
        238
          0
        126
          0
          0
          0
        192
          0
        128
         10
        121
         10
        210
          0
          0
          0
         90
          0
        255
          0
         29
        121
          0
         60
          5
        185
          0
        120
          0
          0
        212
          0
          0
          0
          0
          0
          0
        197
          0
          0
          0
         52
          0
         64
        196
          0
          0
          0
          0
          0
        255
          0
          4
        206
          0
        185
          0
          0
          0
        215
          0
          0
        255
          0
        105
          0
        161
         28
          0
          0
          0
          0
          0
          0
          0
         80
        217
        255
        255
         68
         93
         26
        102
          0
          0
          0
          0
        161
        189
          0
          0
        150
          0
        149
          0
          0
          0
         77
          0
         45
          0
          0
          0
         64
          0
        141
          0
         44
        212
        255
        255
          0
          0
         97
          0
         46
          0
          0
         25
        225
          0
          0
          0
          0
          0
        246
         52
          0
          0
         36
         90
         61
          0
         13
        157
          0
          0
        193
          0
          0
          0
        255
          0
         85
         29
         51
          0
         21
          0
          0
          0
          0
          0
          0
          0
          0
          0
          0
        224
        124
        213
          0
        255
          0
          0
          0
          0
        255
         25
          0
          0
         26
          0
          0
          0
          0
          0
          0
        167
          0
          0
         44
          0
         40
         43
          0
          0
        213
          0
        255
          0
         85
          0
          0
         68
        113
        110
          0
          0
          0
         57
          0
          0
          0
          0
          0
          0
         61
        255
        255
        245
          0
          0
         24
          0
          0
          0
          0
          0
        109
          0
         15
         62
          0
          0
          0
         26
          0
         54
        197
          0
        117
        141
          0
         84
         64
          0
        255
          0
         76
          0
          0
        118
          0
          0
          0
         67
          0
          0
         23
         53
        154
          0
          0
          0
          0
          0
          0
         43
          0
         67
        234
          0
         50
        105
          0
          0
        114
          0
        255
          0
          0
          0
        255
        255
          0
          0
         11
          0
          0
          0
          0
          0
          0
          0
        229
          0
         18
          0
          0
        243
         73
          0
          7
          0
          0
          0
          0
         97
          0
        217
          0
         55
          0
          0
        255
          0
          0
         72
          0
        176
          0
         46
          0
          0
         16
          0
          0
        249
          0
          0
         52
         13
          0
          0
          0
         99
          0
          3
          0
         74
          0
          0
        255
          0
          0
          0
        198
        255
          0
          0
          0
          0
          0
        204
          0
          0
        146
          0
          0
        158
          0
         73
         71
          0
          0
         72
          0
          0
          0
          0
         95
          0
          0
          0
          0
          0
          0
          0
         99
         51
         70
          0
          0
          9
          0
          0
          0
          0
          0
        115
         42
        185
          0
         94
         40
          2
        103
        141
          0
          0
        116
          0
          0
          0
          0
          0
        255
          0
          0
          0
          0
          0
          7
         68
          0
        162
          0
          0
        136
          0
          0
         35
        195
          0
          0
        103
          0
        250
          0
        121
          0
        255
         53
          0
         80
          0
         24
        160
        255
          0
          0
          0
          0
          0
          0
          0
          0
         48
          9
          0
          0
          0
          0
         81
          0
        106
          0
          0
          0
        217
         32
        103
          0
          7
        123
        177
          0
          0
          0
          0
        255
          0
         96
         91
        133
          0
         21
          0
          0
        104
          0
          0
        239
          0
        150
          0
        229
          0
          0
        195
          9
        225
         66
         93
          0
         77
          0
        142
          0
          0
          0
          0
        255
          0
          0
          0
         87
         60
         76
         38
        219
         23
          0
          0
        255
          0
          0
          0
         63
        208
          0
         16
          0
        154
          0
          0
         40
          0
        174
         71
         20
        114
         25
          0
          0
         31
          0
          0
          0
        255
         31
         67
          0
          0
          0
          0
        181
          0
        160
          0
          0
         66
         46
         54
          0
        246
         85
         82
        227
          0
          0
         50
          0
         76
         13
          0
        255
         59
          0
        171
          0
        255
         29
          0
          0
         66
          0
        167
          0
          0
          0
         54
        255
        113
          0
          0
          0
        245
          0
          0
         19
          0
          0
          0
         80
         71
         30
        142
          0
          0
         67
        111
          0
        255
          0
          0
          0
         73
         22
          0
        176
         63
          0
         26
          0
        181
          0
         97
         42
          0
         45
        182
         51
          5
          0
          0
          0
          0
        141
         38
          0
          0
          0
          0
        163
        255
          0
          0
          0
         78
        104
          0
        255
          0
        112
          0
         70
          0
          0
        255
         75
        228
         59
         16
          0
        154
        114
          0
         64
          0
         93
          0
        255
        143
          0
          0
        178
        255
          0
         10
          0
        194
          0
          0
          0
          0
         84
          0
         87
          0
          0
        132
        171
        232
          0
          0
          0
          0
        242
          0
          0
          0
          0
          0
          0
         64
          0
         17
          0
        255
          0
          0
          0
         26
          0
        175
         87
          0
        158
          0
        255
        124
         42
        255
        129
        171
          0
          0
          0
          0
        156
         36
          0
          0
          0
          0
          0
          0
          0
          0
        145
          0
         86
         45
          0
         56
          0
          0
          0
          0
         86
          0
         74
        217
        223
          0
         48
        160
          0
         33
          0
         54
        149
          0
          0
         60
        123
          0
        255
          0
         53
          0
          0
          0
        119
         22
          0
          0
        195
          0
          0
        201
         79
          0
          1
          0
        178
         56
          0
          0
          9
          0
        190
          0
        175
          0
          0
         26
         62
          0
        255
          0
          0
          0
          0
        139
         88
          0
          0
        238
          0
          0
          0
          0
         78
          0
        232
        255
        160
        255
          0
        254
          0
          0
          0
          0
          0
         72
         10
          0
          0
        113
          0
          0
        141
        255
        255
          0
          0
          0
        217
          0
          0
          0
          0
          0
         58
          0
          0
        164
         65
          0
         32
          0
         56
        102
        126
          0
        207
          0
         98
         15
          0
          0
        255
          0
          0
          0
          0
          0
         23
         45
          0
         13
          0
          0
          3
          0
          0
          0
         36
          0
          0
          0
         35
        108
         52
        128
        140
        180
          0
          0
         13
          0
          0
          0
        255
          0
        105
        255
        198
        194
          0
          4
          0
          0
          0
        255
        255
          0
        163
          0
          0
          0
        151
          0
         11
         68
         45
          0
          0
          0
          0
          0
          0
         77
        107
          0
        255
        255
          2
          0
          0
        185
          0
          0
         21
        129
          0
          0
        160
        114
         25
          0
         55
        255
        142
          0
          0
        119
         17
          0
          0
          0
         66
        202
          9
          0
        123
          0
        255
          0
          0
        255
          0
          0
         82
          0
         22
         11
          0
          0
        255
          0
         93
         50
        133
        255
          0
          0
          0
        255
          0
          0
        195
         93
          0
         92
          0
          0
          0
          0
          0
          0
         93
        193
        132
        255
        107
         32
         24
         77
          0
        255
        255
          0
         99
         88
          0
          0
          0
          0
         24
          0
         35
          0
          0
          0
          0
         30
          0
          0
         15
        246
        255
          0
        118
        255
        115
        255
         35
         61
          0
        172
        117
          0
        255
        136
          0
          0
        255
        224
         58
         26
          0
        194
        106
          0
          0
          0
          0
          0
          0
        124
         24
          0
        255
          0
          0
          0
          0
          0
          0
          0
          0
          0
          0
        209
        219
        235
          0
          0
          0
          0
        150
          0
          0
         53
          0
          0
         66
        201
          0
          3
          0
        109
          0
         39
          0
          0
          0
          0
          0
        156
          0
          1
          0
         77
          0
        255
          0
          0
        185
          0
        140
        121
        215
         97
          0
        123
         74
          0
        226
          0
        255
         41
        206
        136
          0
          0
          0
          0
          0
        210
          0
        154
          0
         29
         10
        122
          0
          0
        238
        233
         61
          0
          0
        255
        125
        158
          0
        144
        117
          6
          0
          0
         86
          0
        119
          0
          0
          0
          0
        255
          0
          0
        207
        255
         88
          0
          0
         24
          0
        255
          0
          0
          0
         72
        200
        255
         32
          0
          0
         99
         20
          0
          0
        160
          0
          0
          0
         50
          0
          0
        255
        255
          0
          0
        155
        154
         53
          0
          0
          0
        242
         90
          0
          0
          0
          0
        102
         34
         92
          0
          0
        150
          0
          0
          0
          0
          0
         38
         65
          0
          0
        104
          0
          0
         31
          0
          2
          0
          9
          0
          0
          3
        239
          0
         67
          9
        143
          0
        133
        255
          0
        109
          0
          0
         15
         88
        127
          0
          0
          0
          0
          0
         48
         94
          0
        165
          0
          0
          0
         80
         64
          0
          0
        238
          0
          0
          0
          0
          0
          0
         44
        255
        209
          0
          3
        229
          0
         68
         98
          0
          0
          0
          0
        129
         73
          0
          0
          0
        106
          0
         43
        210
         40
         29
          0
          0
         32
         91
          0
        170
        203
          0
         51
         92
        151
          0
          0
        156
          0
          0
          0
         23
          0
          0
        165
          0
          0
        137
        255
          0
          0
         78
          0
        255
         29
         41
         22
        192
          0
          0
          0
          0
         77
          0
          0
        172
         38
          0
          0
          0
          0
         13
        206
          0
         85
         26
          0
          0
          0
         47
          0
          0
         77
          0
        255
        125
          0
          0
        176
          0
         57
        156
          0
          0
         91
        118
          0
        255
          0
          0
         94
          0
         14
          0
          0
         20
          0
          0
          0
         20
         34
          0
          0
          0
          0
        255
          0
          0
          0
          0
          0
          0
          0
         39
        157
          0
          0
          0
        187
        255
          0
          0
         90
         88
          0
          0
          0
         53
          0
          0
        212
          0
         25
          0
          0
          0
          0
        173
        234
         36
          0
          0
         91
          0
        191
          0
          0
          0
         65
          0
        255
          0
        102
        255
        124
          0
         78
          0
          0
          0
        255
          0
          0
         19
         76
          0
          0
        201
          0
        255
        155
          0
          0
          0
        105
        160
          0
        160
          0
        237
         54
          0
          0
        255
        206
          0
         93
          0
          0
          0
          0
          0
         63
         55
          0
         67
          0
          0
        255
        223
         23
        149
         70
        254
         67
          0
         20
          0
          0
         80
        255
        255
        204
          0
        255
        255
        176
         99
        103
        182
          0
          0
          0
          0
          0
          0
          0
          0
          0
          0
          0
        195
          0
          0
          0
        201
         39
         49
          0
         53
        198
          0
        255
          0
          0
         37
          0
          0
         19
        111
         84
        187
          0
        105
          0
         93
        128
        132
          0
          0
          0
          0
          0
          0
          0
         89
         42
        255
          0
         23
        219
        165
         97
          0
        255
          3
         45
         77
         71
         20
          0
          0
         25
        234
          0
          0
        129
        133
          0
          0
        207
          0
         84
          0
        255
          0
          0
        201
         57
        253
          0
         18
        148
         34
        113
          0
        132
          0
         42
          0
        124
        234
          0
          0
         17
          0
          0
          0
          0
         55
          0
          0
          0
         32
          0
          0
        255
          0
         78
        255
          0
        255
         38
          7
          0
        160
          0
          0
          0
          0
         85
          0
        133
         96
          0
          0
          0
        119
          0
         85
          0
        194
          0
         56
        158
         89
          0
          0
        255
        163
          0
          0
          0
        255
          3
         59
         44
        104
         45
          0
          0
        164
        150
        160
          0
        255
        133
        205
         10
         54
         47
         96
        193
          0
          0
          0
          0
          0
          0
          0
          0
          0
          0
         34
         84
        152
          0
          0
         44
         88
          0
          0
          0
          0
        223
          0
        255
        255
          0
        225
         87
         31
         37
         16
          0
        145
          0
          0
         43
        121
          0
          0
          0
          0
          0
          0
         44
          0
          0
          0
          0
          0
          0
          0
         34
          0
          0
         25
        150
          0
          0
          0
         15
        124
         29
        165
        137
        195
        255
          0
          0
         79
          0
          0
        255
          0
          0
          0
          0
         30
          0
          0
          0
          0
          0
        100
         59
         79
        156
         20
          0
          0
          0
          0
          0
          0
         81
        138
        226
         45
          0
        170
         51
         34
         59
          0
          0
        255
          0
        255
          0
         27
          0
         87
          0
        244
        122
          0
         21
          0
        138
          0
        255
        255
          0
          0
          0
          0
          0
          0
          0
          0
        220
        153
          0
         56
          0
          0
          0
        255
          0
          0
          0
          0
          0
          5
          0
         77
        247
        138
          0
          0
        205
          0
          0
        142
          0
          0
          0
          0
          0
        115
        192
          0
        255
          0
         14
         95
          0
          0
        255
          0
         20
        255
          0
          0
          0
         48
         52
        121
          0
        255
          0
         81
         20
          0
          0
        158
          0
        156
          0
          0
        118
         23
          0
        234
          0
         75
        255
          0
         21
          6
          0
          0
          0
          0
        186
         85
          0
         55
          6
          0
         66
          0
          0
          0
        112
          0
        175
        255
          0
          0
          0
          0
         10
          0
          0
        255
          0
          0
          0
         31
        120
          0
        255
          0
         52
          0
          0
        129
         26
         67
          0
          0
         85
         49
          0
          0
        174
         40
          0
          0
          0
          0
          0
        143
         21
          0
          0
          0
        124
          0
          0
         83
         33
         25
          0
          0
         43
          0
        255
          0
         83
          0
          0
          0
         83
          0
        113
          0
        156
        117
         39
         16
          0
          0
        159
        242
         27
          0
          0
          0
        255
        192
        183
         93
          0
          0
          0
        246
         76
         34
        255
         33
          0
          7
          0
        150
          0
          0
        111
          0
          0
         38
        255
        180
          0
        255
         61
          0
         14
          0
        181
          0
         50
         86
        129
         21
          0
          0
        255
          0
          0
        255
          0
          0
          0
          0
          0
         69
         15
        255
        255
          0
          0
          0
          0
        255
         19
          0
          0
        107
         91
         44
          0
          0
          0
          0
          0
          0
         44
          0
        255
         16
          0
          2
          0
          0
         36
         25
          0
          0
         37
          0
        154
          0
          0
          0
        199
        255
        247
        225
          0
          0
         34
          0
         57
        178
         11
          0
        207
         27
         23
          0
        255
        255
          0
          0
         46
        255
         54
          0
          0
          0
          0
          0
        255
         67
        146
         16
        255
          0
        166
          0
          0
        140
          0
          0
        250
          0
          0
         38
          0
        122
         26
          0
        154
          0
         39
        255
        125
        255
         24
          0
          0
         45
          0
          0
        108
          0
          0
          0
          0
        217
        211
          3
        114
          0
          0
         69
          0
          0
        255
          6
         53
         49
         66
          0
        255
          0
        131
          0
          0
        172
          0
          0
          0
        139
          0
          0
          0
          0
        183
          0
        162
          0
        255
          0
         89
        116
        107
          6
         40
        239
          0
          0
          0
         32
        102
          0
        255
          0
          5
        255
          1
          0
          0
          0
          0
        217
          0
        218
          0
          0
        197
        255
        226
          0
        239
          0
         46
        112
         66
          0
          0
        217
          0
          0
          0
          0
        145
          0
          0
          0
        157
        255
          0
          0
        104
          0
        206
        210
        219
          0
          7
          0
          0
         79
          0
        255
        192
        111
          0
          0
         50
          0
        137
          0
        233
          0
          0
         43
         66
        245
          0
          0
         54
          0
         75
          0
        127
          0
          0
         57
        252
          0
          0
        107
          0
          0
        255
         83
        143
        255
          0
        231
         78
          0
          0
          0
          0
          0
          0
          0
         66
        236
          0
        255
          0
        234
          0
          0
         11
         27
         25
          0
          0
          0
          0
          0
          0
          0
          0
          0
         53
          0
          0
          0
         55
          0
          0
          0
          0
         78
          0
          0
          0
         64
        214
        255
         15
          0
          0
        183
          0
          0
          0
        158
          0
          0
         12
          0
          0
         53
          0
        150
          0
         90
         77
          0
          0
          0
        243
          0
        154
          0
          0
         19
          0
         30
         74
          0
          0
          0
         55
        167
          0
          4
          0
          0
          0
          0
          0
          0
          0
        201
        255
         54
        182
        212
          0
        192
          0
          0
          0
          0
          0
          0
          0
         44
          0
        247
        255
         34
          0
          0
          0
          0
         83
         44
          0
        195
          0
         63
          0
         52
         16
          0
          0
          0
        174
        247
          0
          0
         69
          0
         25
          0
          0
         78
        255
         43
          0
          0
         72
          0
          0
          0
        121
          0
          0
         88
         24
        255
          0
          0
        132
          0
          0
          0
        194
        255
         94
          0
          0
          0
          0
          0
          0
        207
        233
          0
          8
          0
          0
          0
          0
          0
         34
        255
          0
          7
          0
          0
          0
         40
        171
          0
          0
          0
        201
          0
         51
        117
          0
        107
         23
        167
         84
          0
          0
          0
         20
          4
          0
         17
          0
        172
          0
          0
         48
        232
        255
         74
          0
          0
          0
          0
         49
          0
          0
         53
          0
          0
          0
        255
          0
          0
        115
        181
          0
          0
          0
         19
        160
          0
        189
        137
          2
          0
          0
          0
         64
          0
         72
          0
          0
          0
          0
        137
         48
          0
          0
          0
          0
         17
        157
         69
         38
        102
         58
        176
          5
          0
          0
          0
          0
          0
         34
          0
         41
          0
        255
          0
          0
          0
          0
          0
          0
          0
          0
        165
        177
          0
          0
          0
          0
          5
          0
        216
          0
          0
          0
        170
        114
        190
          0
         59
          0
         42
        155
          0
         72
          0
        255
        255
          0
        255
          0
        221
         64
         16
          0
          0
         18
          0
          3
          0
        181
        255
        232
        255
          0
          0
          8
        177
          0
          0
        199
         61
          7
          0
        216
          0
          0
          4
        255
          0
         58
          0
          5
         99
          0
         45
          0
          0
        154
          0
          0
          0
          0
          0
         96
          0
          0
        188
          0
        255
         61
        154
        109
          0
          0
          0
          0
          0
          0
          0
          0
          0
          0
          0
         39
          0
          0
         41
          8
          0
         28
         81
          0
          0
         29
        101
        215
        255
          0
         91
          0
        200
          0
          0
          0
          0
          7
         24
          0
          0
        125
          0
          0
          0
          0
          0
          0
          0
         13
          0
          0
        103
          0
          0
         43
          0
          0
         90
          0
        135
          0
         64
         89
        225
          0
          0
          0
          0
          0
          0
          0
         48
         28
          0
        176
        255
         29
          0
          0
        255
         60
          0
          0
         28
        196
          0
          0
          0
        137
          0
        255
          0
          0
          0
         34
         17
          0
          2
        231
          0
          0
        100
          0
         92
         21
         49
          0
         16
          0
        126
          0
         83
        108
         41
          0
          0
         89
          0
        104
         61
          0
          0
         34
          0
          0
          0
          0
         24
          0
          0
          0
          0
          3
        166
          0
         10
         63
          6
          0
        177
          0
          0
        255
          0
          0
          0
        218
         69
        170
          0
        159
         66
          0
          0
          0
        212
          0
          0
         53
          0
          0
         96
         58
          0
          0
         37
          0
         13
         72
        199
          0
        152
        117
        255
          0
        222
          0
          0
          0
        149
        236
        198
        255
          0
          0
          0
        207
          0
          0
         50
         36
        247
          0
          0
          0
         60
        255
          0
         86
         11
          0
          0
          0
          0
          0
        255
          0
        255
          8
         36
          0
         25
          0
          0
        152
          0
        113
          0
          0
        255
          0
        225
         39
        127
          0
          0
        131
          0
          0
          4
         52
          0
          0
          0
          0
          0
        101
          0
        224
        132
         49
         24
          0
          0
         54
         91
          0
          0
         83
          0
        166
        171
         67
          0
          0
        170
        104
          0
        212
          0
          0
          0
         29
          0
         26
          0
          0
          0
          0
         13
          0
          7
          0
         41
          0
          0
        110
          0
          0
        149
         45
         17
          0
        192
        221
          0
          0
        227
          0
        124
          0
          0
        120
        134
          0
          0
          0
          0
        255
          0
         69
        255
        238
        248
          0
         24
          0
        252
         83
        161
         16
          0
        188
          0
          0
        255
        138
          0
          0
         12
          0
        154
          0
        255
        208
          0
          0
         47
          4
        228
          0
        255
         28
        104
          0
        255
          0
          0
          0
        108
          0
         28
          0
          0
         81
          0
        255
          0
        128
          0
          0
         44
         14
         42
          0
          0
          0
          0
          0
         47
         56
          0
        255
        255
          0
        255
         89
        201
         74
          0
          0
         54
          0
          0
          0
          0
          0
          0
          0
          0
         98
        147
          0
         99
          0
        166
          0
          0
          0
          0
          0
          9
        125
        158
        175
          0
          0
          0
          0
          0
        124
          0
          4
         65
          0
          0
          0
          0
        190
          0
        180
        156
          0
          0
          3
         67
          0
          1
        218
         35
         18
          0
         41
          0
        139
          0
          0
         26
         88
          0
        211
          0
        140
          0
          0
         75
         80
        255
        131
          0
        204
         67
        188
          0
          0
         36
         90
        177
         70
         69
          8
          0
          0
          0
          0
         34
         11
        246
          0
          0
          0
          0
          0
        130
         18
         62
          0
         32
          0
        168
          0
          0
          0
          0
          0
        255
         90
          0
        187
        106
          0
         96
          0
          0
          0
          0
        198
         95
          0
          0
          0
          0
         96
          0
          0
         72
          0
         16
          6
          7
          0
          0
          0
          0
        136
          0
        253
          0
        113
         69
        121
          0
         19
          0
          0
          0
        187
          0
         69
         73
          0
          0
          0
          0
          0
        196
          0
          0
          6
          6
         65
        126
        209
          0
          0
          0
         56
          0
          0
        117
         10
         84
          0
        255
         17
          0
          0
          0
          0
          0
          0
         38
          0
          0
          0
        224
         11
          0
        225
          0
         93
          0
          0
        243
        157
          0
         52
          6
        165
          0
        120
        119
          4
          3
        177
        209
         96
         50
          0
          0
          0
          0
          0
          0
          0
          0
        255
         12
         37
          0
          0
          0
          0
          0
          0
          0
        179
          0
          0
          0
        190
         84
         49
        255
        113
          0
          0
        154
          0
          0
          0
          0
          0
        157
          0
          0
         20
          0
        255
        255
          0
        255
          0
        255
          0
         76
          0
          0
          0
        255
          0
        106
        224
          0
        229
          0
          9
        101
         37
         90
         52
          0
          0
         44
         37
        178
        115
          0
         58
        147
          0
        255
          0
          0
        229
        255
          3
          0
          0
        211
        105
         47
         54
          0
          0
          0
        255
         71
          0
          0
          0
        169
         57
          0
          0
          0
          0
          0
        255
        138
          0
          0
          0
          0
          0
          0
          0
        224
          0
          0
          0
          0
          0
          0
        255
          0
         12
         27
          0
         51
          0
          0
          0
          0
          0
          0
        174
          0
          0
          0
          0
          0
          1
          0
          0
          0
         35
        255
          0
        103
          0
         28
          0
          0
          0
        142
        171
          0
        184
          0
        179
        255
          0
          0
          0
        122
          0
         43
          0
          0
          0
         52
        255
          0
         41
          0
        255
          0
          0
         52
        255
        187
          1
          0
        156
          0
        202
          0
          0
          0
          0
          0
        219
        255
          0
        160
          0
         49
         22
        115
          0
          0
        255
          0
         58
          0
          0
        255
          0
         99
          0
          0
          0
        117
         26
          0
          0
        242
          0
         45
          0
          0
         94
          0
          0
        255
          0
          0
        123
        255
          0
          0
          0
        255
        255
         84
        255
         35
         14
          5
          0
          0
        116
          0
          0
         88
          0
          0
          0
          0
        169
          0
          0
          0
        126
          1
          0
          0
          5
        178
          7
         61
          0
          0
          0
        148
          0
          0
          0
          0
        148
          0
        255
          0
         70
          0
          0
        255
        142
          0
          0
         32
        207
        101
        172
          0
        202
          0
         84
          0
         38
          0
          0
         94
          1
          0
          0
        255
        255
        203
        143
          0
         52
        232
        255
         73
          0
          0
          0
        252
         33
          0
          0
         81
          0
        229
         10
          0
        213
          0
          0
        255
        124
        132
          0
        159
         28
         10
          0
          0
         10
         24
          0
        136
          0
         28
          0
          0
          0
        115
         74
        112
         19
         31
          0
          0
          0
          0
        255
         35
        128
          0
        255
        255
         95
          0
         29
         76
         61
          0
          0
          0
        175
         48
          0
          0
          0
        184
        255
          0
         97
        255
        103
          0
          0
         54
        211
          0
         87
        152
        183
          0
        171
         43
        255
         41
        135
        126
         53
        155
         52
          0
          0
          0
          0
          0
          0
          7
          0
          0
        255
          0
        125
          0
          0
         10
          0
          0
          0
          0
        162
          0
          0
          0
        114
          0
         28
         23
         38
          0
         21
        150
          0
          0
         10
         63
        190
          0
          0
          0
          0
          0
        221
          0
         99
          0
          0
          0
         16
         27
         58
         51
          0
        202
          0
          0
        213
          0
        189
        255
         71
          0
         34
        160
          3
          0
          0
          0
          0
        111
          0
         56
          0
          0
        255
          0
         75
          0
         81
        255
         46
          0
          0
        174
          0
         69
         40
          0
          0
          0
        173
        255
        147
         19
         23
          0
        106
         16
        239
          0
          0
          0
          0
         95
          0
          0
        255
          0
          0
          0
          0
        255
         64
          0
          0
        216
          0
        161
          0
         12
          0
          0
        218
          0
          0
        176
          0
          5
         48
         16
        242
          0
          0
          0
          0
        106
          0
        148
        255
          0
         38
          0
          0
          0
         30
          0
          0
          0
          0
          0
         28
          2
          0
          0
         10
          0
        187
         38
          0
         74
          0
          0
        146
        129
        255
        178
          0
         59
         84
          0
          0
          0
          0
        190
          0
          0
          0
         28
          0
          0
        252
        255
         31
          0
        122
         78
         81
          0
        113
         13
        150
        237
          0
          0
          0
         18
          0
          4
         25
          0
          4
        248
          0
          0
        122
        118
        126
          0
         71
         77
          0
        156
         43
        234
         38
         33
        187
          0
          0
         74
        205
          0
        152
        125
          0
          0
          0
        227
          0
        196
        109
         59
          0
          0
          0
        255
          0
          0
          0
        255
          0
          0
          0
         12
        109
          0
        255
          0
        174
          0
        255
          0
          0
          0
          0
          0
          0
          0
          0
         53
         52
          0
        213
         58
          0
          0
          0
          0
         60
        192
          0
          0
          0
         55
          0
          0
         96
        225
          0
          0
          0
          0
          0
        192
        255
          0
          0
         26
          0
         85
          0
          0
          0
         86
          0
         66
          0
          0
        255
        205
         80
        218
         75
          0
         56
          0
          0
        186
          0
        255
          0
          0
        143
         43
        141
          0
         27
         35
          0
         27
         23
          0
          0
          0
          0
          0
          0
         15
          0
        118
          0
          0
          0
          0
        185
         85
         60
         58
          0
        125
        242
        165
          0
          0
         36
         32
        120
        255
          0
          0
          0
          0
         17
          0
          0
          0
          0
         35
        102
         57
          0
          0
        247
          0
          0
          0
        255
          0
          0
         48
        192
          0
          0
          0
          0
        255
        153
          0
          0
        255
          0
         33
          0
         52
         24
          0
         65
          0
          0
         10
          0
         57
          0
          0
        255
          0
          0
        255
        255
        255
          0
          0
        170
          5
          0
          0
        163
          0
        102
          0
        255
          0
          0
          0
          0
         88
         81
          9
        214
          0
        255
          0
          0
          0
          0
          0
        255
          0
          0
         76
         34
          0
          7
         20
          0
          0
         66
          0
          0
          0
         62
          0
          0
        100
        126
          0
          0
        178
          0
         65
          0
          0
          0
          0
          0
         39
          0
        202
          0
          0
          0
         21
         68
        229
          0
          0
          0
          0
          0
        127
          0
          0
        115
          0
        255
        106
        250
        141
          0
         77
         51
         70
          0
          0
          0
          0
          0
        124
          0
          0
        255
          0
          0
          0
          0
          8
          0
         26
          0
          0
          0
          0
         71
          0
          0
          0
         85
          3
        255
          0
          0
          0
         97
         11
        141
          5
          0
          0
          0
          0
          0
         81
        255
          0
          0
        239
        160
          0
          0
         50
          0
         68
          0
          0
        114
          0
        150
        103
        195
          0
        195
        196
          0
         45
          0
          0
          0
          0
          0
          0
          0
        131
          0
        166
        255
        255
          6
        103
          0
          0
        128
          0
          0
        229
          0
        183
          0
        148
          0
        109
         55
        147
        143
          0
          0
          0
          9
          0
          0
          0
          0
          0
          0
         51
          0
          0
        255
        114
          0
        255
        164
          0
          0
          0
          0
         85
          0
          0
          0
          0
          0
          0
        228
          0
          0
          0
          9
        206
        109
         90
          0
          0
        117
          0
          0
          0
        127
          0
        255
          0
        138
          0
        161
        143
          0
         32
          0
          0
          0
          0
          0
          0
        111
          0
        255
          0
          0
          0
          3
         20
          0
          0
          0
          0
        109
          0
          0
        142
          0
          0
        199
          0
         97
          0
          0
        255
          0
          0
          0
        169
         98
          0
          0
          0
         12
          0
          0
        157
        123
        180
          0
        182
         37
          0
          0
        184
        255
          0
         69
         77
          0
          0
        255
         41
          0
          0
          0
        255
          0
         19
          0
        194
         84
        255
          0
          0
         56
          0
        140
        255
          0
        195
          0
        231
         54
         95
          0
          0
          0
        198
          0
          0
          0
          0
          0
        107
          0
        178
        157
        215
         80
         70
          0
         71
         79
         22
         91
          0
        176
        223
          0
        132
          0
         55
        119
          0
         98
          0
          0
          0
          0
        132
        241
          0
        145
          0
        255
        255
          0
          0
         82
        169
          0
         41
          0
          0
          0
          0
          0
          0
         35
          0
        149
        255
          0
         96
          0
        228
          0
          0
          0
          0
          0
          8
          0
          0
         55
          0
        255
        255
         46
          0
          0
        255
         38
          0
          0
         72
          0
          0
          0
          0
         52
          0
         58
        255
        236
        150
        102
         83
          0
          0
         43
          0
          0
         91
         48
          0
          0
          0
        255
        255
         20
        255
          0
        187
          0
          0
          0
         79
          0
          0
          0
          0
        120
          5
          0
        146
        190
          0
         84
          0
         39
          0
         37
         93
         24
          0
        198
          0
         14
        199
          0
         63
         35
         48
        255
        134
         37
         58
          0
          0
          0
          0
          0
          0
          0
          0
        187
        255
        124
          0
          0
          0
         52
          0
          0
        255
         61
          0
          2
         21
          2
          0
        255
          0
          0
        199
        156
          0
          2
          0
         40
          0
        121
          0
          0
          0
         40
        126
          0
         95
          0
          0
         49
        220
          0
          0
          0
          0
          0
          0
          0
        118
         64
         67
          0
          0
          0
          0
          0
          0
          0
         15
        117
          0
          0
          0
        173
          0
         89
          0
          0
         87
          0
          0
        105
        245
          0
        107
          9
          0
        253
          0
          0
         37
         79
         39
         18
          0
          0
          0
         37
          0
        124
         25
        134
          0
         43
          0
          0
         48
         91
          0
         99
        255
        175
          0
        149
          0
          0
         45
          0
          0
          0
         70
          0
         17
          0
          0
          0
          0
          0
         51
          0
          0
         15
         39
         74
          0
        105
          0
          0
         83
         72
          0
          0
        241
        235
          0
        140
        255
          0
          4
          0
          0
          0
         64
          0
         14
        105
         31
        255
          0
          0
          0
         18
          7
         95
         32
        118
          0
         93
         31
         50
          0
         64
          0
          0
        191
        180
          0
        171
          0
          0
          0
          0
        255
          0
          0
          0
         68
        134
         45
          0
          0
          0
          0
        172
          0
        126
         34
        126
         74
          0
        117
         73
         61
         34
        255
          0
          0
        255
          0
        161
        255
          0
          0
          0
          0
        153
         43
          0
          0
        135
          0
          0
          0
         70
          0
          0
          0
        123
          0
         69
        201
          0
         72
          0
        137
         84
          0
         31
        244
        222
          0
        100
          0
          0
         47
          0
         63
        211
        101
          0
          0
          0
          0
          0
        255
          0
          0
          3
          0
         39
         38
         71
          0
          0
          0
         40
          0
         26
          0
        255
         30
        245
          0
        129
          0
          0
          0
          0
          0
        255
          0
        255
         70
        134
          0
        255
          0
         91
        178
          0
          0
         89
         30
         96
          0
         63
        137
          0
          0
          0
          0
        255
          0
        137
          0
        148
        193
          0
          0
          0
          0
         55
        143
         22
         86
        136
          0
          0
          0
          0
         14
          0
        255
        102
          6
        109
        124
        174
          0
          0
          0
          0
          0
          0
          0
        123
          0
         57
          0
          0
         64
        234
        201
        163
        130
        216
        100
         71
          0
         42
          0
          0
          4
          0
          0
          0
          8
        129
        255
        201
         95
          0
         14
         29
          0
         22
         30
        237
          0
          0
          0
          0
          2
        225
        255
          0
        191
        186
         54
         75
        202
          0
        255
        124
          0
         33
          0
        139
          0
        127
          0
         34
          0
        152
        131
          0
          0
          0
          0
          0
          0
          0
        152
         34
          0
          0
         74
        209
          0
          0
         54
         72
        136
          0
        208
         46
         18
         87
          0
         22
          0
        149
        243
          0
        218
          0
         97
         17
        158
         88
          0
        215
          0
         87
        255
          0
          0
          0
          0
        158
          0
          0
          0
         83
          3
          0
        255
         40
          0
          0
          0
          0
         85
        145
          0
          0
          9
          0
        106
          0
          0
         16
         36
        255
          0
          0
        144
          0
          0
          0
         32
        255
         56
          0
         45
        107
        224
          0
        255
         62
          0
          0
          0
         58
          1
         88
          0
        162
        125
          0
          0
          0
          0
          0
          0
          0
          0
          0
        165
        116
          0
          0
          0
        227
         79
          0
         21
        130
         22
          0
          0
         11
          0
          0
          0
          0
         22
        144
          0
          0
         99
          0
        241
          0
         21
          0
        255
          0
          0
        142
          0
        121
          0
          0
        245
        228
        141
        131
