          0
        126
        117
          0
          0
          0
          0
         26
          0
          0
          0
          0
         69
          0
          0
        126
         23
          0
         61
          0
          0
          0
        195
        227
        181
          0
          0
        135
          0
          0
         23
          0
          0
          0
          0
         22
          0
          0
         83
         57
          0
         24
          0
          0
          0
         63
        156
        168
        112
          0
          0
          7
        248
        155
          0
          0
        140
          0
         75
        121
          0
          0
          0
          0
         16
          0
        132
          0
         47
          0
         47
         59
          0
         33
          0
          0
          2
         71
          0
        232
        181
          0
          0
          0
        163
          0
         19
          0
          0
        116
          0
         38
          0
         90
          0
          0
         16
        124
          0
          0
         55
         10
         19
         15
          0
        122
          0
          0
          0
          0
        174
          0
          0
        115
         92
          0
          0
          0
        117
         92
          0
          0
          0
          0
          0
        171
        126
          0
          0
        113
          0
         57
         99
          7
          0
          0
        105
        116
        222
        143
        201
          0
         53
          0
          0
          0
          0
          0
          0
         57
        196
          0
         48
          0
         83
          0
         17
        136
          0
         78
          0
          0
         86
          0
          0
          0
         49
         42
          0
          0
         95
          0
          0
         36
         11
        159
        116
        119
         77
         31
          0
          0
        150
         30
        255
          0
        203
         21
          0
        226
         15
        163
          0
        175
        107
          0
          0
        104
        255
          0
          0
        141
        255
          0
          0
         46
          0
          0
         32
          0
        120
          0
          0
        255
          0
        110
          0
        130
        174
         99
          0
         60
         36
        152
          0
          0
          0
          0
          0
          0
        152
         37
         25
          0
        255
         94
          0
          0
          0
          0
          0
         78
         93
          0
          0
         27
        115
          0
         55
          0
          0
         93
          0
        109
          0
          0
         30
          0
          0
         77
        137
          0
        225
         68
         86
          0
          0
        230
         84
          0
          0
         78
          0
          0
          0
         28
          0
        255
        164
          0
         30
          0
        255
          0
          0
        127
          0
          0
        121
          0
        148
          0
         80
          0
         24
          0
         94
          0
          0
          0
          0
          0
        117
          0
          0
         42
          0
          0
          0
          0
        130
          0
        157
          0
        127
          0
          0
          0
          0
          0
        177
         68
         71
          0
         91
         98
        255
          0
          0
         67
          0
          0
          0
          0
          0
          0
          0
         59
          0
          0
        191
          9
          0
          0
          0
         73
          0
          0
          0
          0
          0
          0
          0
          0
         59
          0
          0
          0
        104
         41
          2
        159
        197
          0
         98
          0
          0
          0
          0
          0
          0
          0
          0
          0
        114
          0
          0
          7
        255
          6
          0
         35
        138
          0
         99
         25
        106
          0
          0
          0
          0
          0
          0
          0
         30
         68
         23
          0
          0
        180
          0
          0
          0
          0
         28
          0
          0
        188
         32
          0
          0
          0
          0
          0
         42
         94
        186
          0
        162
          0
          0
          0
          0
          0
          0
        194
        255
          0
          0
          0
        136
         14
          0
        119
        144
          0
          0
          0
        241
          0
          0
          1
        255
          0
        174
        219
        113
          0
        185
          0
          0
          0
          0
         88
          0
          0
          0
        184
        240
          0
         74
          0
         89
          0
          0
         51
        117
          0
          0
          0
          0
          0
        147
          0
        145
          0
          0
          0
         40
          0
          0
         49
        219
          0
          0
          0
         63
          7
         24
          0
        237
        114
          0
          0
          0
          0
        148
         37
          0
          0
          0
         65
         41
          0
          0
         34
          0
         93
          0
        143
          0
          0
