        161
        231
          0
          0
          0
          0
        133
          3
          0
         72
          0
          0
          0
          0
          0
          0
        255
         42
        202
          0
          0
         16
        108
         29
        130
        249
          8
          0
          0
          0
          0
          0
        128
          0
        255
          0
         79
          0
          0
          0
        112
         48
          0
         60
        199
        108
          0
          0
        255
          0
          0
        106
        152
         69
          0
          0
          0
        171
          0
          0
          0
          0
         57
          0
         79
          0
        255
          0
          0
          0
          0
          0
          0
          0
        255
          0
         42
         75
          0
          0
        246
          0
          0
          0
        255
         65
          0
         19
        255
          0
          0
          0
         96
          0
          0
          0
         50
        123
          0
         38
        224
          0
        105
          0
         99
          0
          0
          0
          0
        113
          0
          0
        255
          0
          0
          0
        255
         97
          0
         31
        232
        119
         31
        231
         71
          0
          0
         16
          0
          0
         47
          0
          0
          0
         26
          0
          0
          0
        255
          0
          0
          0
          0
          0
         62
          0
          0
          0
        255
          0
         87
         21
          0
         66
          0
          0
         83
         73
         19
          0
        195
          0
        255
          0
          0
          0
        196
          0
          0
          0
          0
         25
          0
         87
         62
         97
        223
         23
         89
          0
        143
          0
          0
         59
         36
          0
          0
        135
         43
         23
          0
          0
          0
          0
        255
          0
         24
          0
          0
          0
          0
        110
          0
          0
          0
         75
          0
        130
        255
         30
          0
          0
        192
         92
          0
          0
         85
          0
          0
        142
          0
          0
          0
          0
          0
        108
         61
         52
         45
          0
          0
         79
          0
        182
         76
        255
        255
         71
          0
          0
        255
         72
          0
          0
        222
         13
         75
          0
         18
          0
         76
          0
          0
          0
          0
         43
          0
          0
        255
          0
          0
          0
          0
          0
        255
          0
          0
          0
          0
        131
         71
          0
        255
          5
          0
          0
        178
         83
          0
         30
          0
          0
        179
          0
          0
          0
          0
          0
          0
          0
        255
        118
         26
          0
        167
          0
          0
        131
        226
         76
          0
        102
          0
          5
        255
         51
        142
          0
          0
          0
          0
          0
          0
          0
          0
        205
         89
          0
          0
          0
          0
          0
          0
          0
          0
          0
          0
          0
        111
         35
        183
        193
          0
        120
          0
          0
        161
        113
        104
          0
        227
          0
        113
         58
        165
          0
          0
          0
         88
          0
          0
          0
         13
          0
          0
          0
        131
          0
        172
          0
          0
         84
          0
          0
          0
         46
        120
          0
        255
         58
          0
          0
        255
         99
         69
          0
         77
          0
        100
          0
          0
         75
          0
        111
          0
          0
        255
          0
          0
          0
          0
          0
          0
          0
          0
         33
          0
          0
          0
        140
        255
          0
          0
          0
          0
          0
         37
         26
          0
          0
        160
          0
         21
          0
          0
          0
          0
          0
          0
         37
        109
        199
         36
          0
          0
          0
          0
         59
          0
          0
          0
        131
        255
          0
          0
          8
        207
          0
         44
          0
         62
          0
        255
        250
         60
          0
          0
          0
          0
          0
        255
         68
        169
          9
          0
          0
         48
          0
          0
         19
          0
          0
         61
          0
        255
        144
          0
         32
        147
          0
         61
        115
         74
          0
          0
        119
          8
          0
          0
          0
          0
          0
          0
         31
        202
          0
          0
         26
          0
          0
        120
          0
          0
          0
          0
          0
          0
          0
          0
          0
        255
          0
          0
          0
        214
         14
         65
          0
         78
        101
         13
          7
