          0
          0
          0
         66
         90
          0
        137
          0
          0
        165
          0
          0
          0
         41
        157
        255
          0
         13
          0
          0
        174
          0
        117
          0
          0
          0
          0
          0
          0
          0
          0
          0
        125
          0
          0
         46
          0
          0
          0
          0
          0
        255
         50
          0
         65
         11
        139
        255
        223
          0
         14
          0
          0
        124
         36
          0
        128
        181
         29
          0
         76
          0
          0
          0
          0
          0
          0
         55
          0
         73
         83
          0
          0
         63
          0
          0
         80
         17
          0
          0
          0
          0
        155
         16
          0
         90
          0
        186
         11
          0
         46
          0
          0
         66
          0
          0
         41
          0
         77
          0
        120
          0
          0
          0
          0
        203
        255
          0
         42
         10
        100
        255
         82
          0
          0
          0
          0
        152
          0
          0
        107
         27
         77
          0
         19
          5
          0
          0
        107
        255
        114
          0
          0
          0
         14
          0
          0
        255
          0
          0
         90
          0
          0
        255
        193
          0
          0
          0
         33
          0
        100
          0
          0
          0
          0
          0
         99
         49
        255
          0
        123
        255
          0
          0
          0
          0
          0
          0
          0
          0
         11
          0
         35
         45
          0
          0
         14
          0
        186
          0
          0
          0
          0
         37
          0
          0
         21
          0
          0
          0
         27
          0
        134
          0
          0
          0
         64
          0
          0
          0
          0
        255
        255
        188
          0
         59
          2
          0
          0
          0
        255
          0
          0
         99
          0
          0
          0
         80
          0
          0
          0
         23
        255
          0
          0
          0
         61
          0
          0
          0
        255
          0
          0
          0
        255
          0
          0
          0
          0
        255
        119
         28
          0
          0
          0
          0
         55
          0
          0
          0
          0
        139
        121
        110
         87
          0
        114
          0
        182
        110
         31
          0
          0
          0
        173
         47
         89
        173
         40
         28
          0
        255
          0
          4
         87
          0
          8
        110
          0
        153
          1
          0
          0
          0
          8
          0
          0
          0
          0
          0
        165
          0
          0
        172
         14
          0
          0
          0
        140
         17
         90
          4
         51
        255
        103
         33
        155
          0
        204
         91
          0
          0
          0
          0
          0
          0
         81
        129
          0
         72
        154
        255
         14
          0
          0
        112
         35
         87
          0
          0
          0
          0
         21
          6
        198
        255
        121
          0
          5
          0
        154
         78
          0
        184
          0
          0
          0
          0
          0
        123
          0
          0
          0
          0
          0
          0
          0
          0
          0
         80
          0
         76
        255
        158
         25
         25
         15
          0
        173
         18
         89
          0
          0
          0
          0
          0
          0
          0
          0
        126
          0
          2
        255
          0
          0
        255
        165
        120
          0
          0
          0
         41
        179
         26
          0
          0
          0
          0
          0
          0
        157
          0
          0
          0
        184
          0
         50
          0
          0
          0
         82
        126
         41
          0
          0
        125
          0
        137
        177
         95
          0
          0
        255
         47
          0
          0
          0
          0
          0
         11
          0
        255
        156
          0
        255
        175
        135
        128
         40
          4
          0
          0
          0
        136
          0
         27
          0
         17
         33
          0
          0
          0
          0
          0
        227
          0
         47
        255
         10
        142
          0
         45
          0
        255
        253
          0
          0
          0
         54
        102
         47
        153
          0
          0
          0
         94
          0
        112
          0
          0
        160
          0
        197
        103
          0
          0
        255
          0
          0
        225
        232
          0
         34
          0
          0
          0
        255
         42
          0
          0
          0
          0
         22
          0
         65
          0
          0
        107
         47
          0
        202
         98
        100
        255
          0
          0
         40
         21
        255
          0
          0
          0
         62
          0
          0
          7
        163
        193
          0
          0
          0
          0
          0
          1
          0
        117
          3
        255
          0
         59
          0
          0
         76
          0
          0
          0
         10
          0
          0
          0
          0
          0
          0
        255
          0
          0
          0
          0
         31
        178
        215
          0
         27
         42
        151
         87
          0
          0
          0
        250
          0
          0
          0
        106
          0
        117
          0
          0
         56
          0
          0
          0
          0
         19
        173
        255
        147
          0
          2
         13
        182
        255
        181
          1
        149
        207
        214
          0
         91
         71
          0
        228
         66
          0
        120
         29
        255
         99
          0
        255
          0
          0
          0
          0
          0
          0
        173
        123
          0
        121
         69
         25
          2
          0
          0
         17
        255
        198
        212
          0
          0
          0
        105
        225
          1
          0
         35
         88
          0
         50
          0
          0
          0
         44
          0
        178
          0
          0
          0
          0
        255
          0
         52
         21
          0
        255
        106
          0
        206
          0
          3
          0
         44
          0
        127
        141
          0
          0
          0
         75
         99
         53
          7
        107
        155
          0
          0
         97
          0
          0
          0
         45
          0
          0
         77
         50
         16
        255
          0
          0
         65
          0
         86
        140
        103
          0
          0
        101
          0
        144
          0
         93
          0
          0
          0
          0
        101
          0
         58
         56
          0
          0
          5
          0
        211
          0
          0
         18
         41
        255
        255
          0
          0
         92
        151
        144
         11
        164
          0
          0
          0
        142
          0
         90
        255
         38
        102
          0
         64
         12
        104
          0
        255
          0
          5
          0
        255
        101
         25
          0
        138
        255
        156
          0
          0
          0
          0
          6
          0
          0
          0
         93
          0
        113
          0
        107
        255
         61
          0
        255
          0
          0
         11
          0
          0
         51
          0
         33
         52
          0
         37
         46
          0
        255
          0
          0
         72
          0
         32
         46
         48
         71
          0
          0
          0
          0
          0
         68
         58
          0
          0
          0
          0
        131
          0
        136
          0
         15
         38
        255
          0
        175
         12
         28
          0
          0
          0
         51
        190
        185
        151
          0
          0
          4
          0
          0
          0
        100
         45
        129
          0
         65
          0
          0
        138
         38
          0
         19
          0
          0
          0
        130
         39
          0
          0
         41
          0
          0
         28
         39
         30
          0
         77
          0
          6
          0
          0
        248
          0
        131
          0
        131
         97
         77
          0
          0
          0
          0
          0
          0
          0
          0
        120
        150
          0
          0
          0
         16
          9
          0
          0
          0
         85
          0
        165
        106
          0
          0
         58
          0
          0
          0
          0
          7
        171
         59
          0
          0
          0
          0
         98
        126
        255
        149
          0
         16
        246
        130
          0
         39
          0
        255
          0
          0
        229
          0
          0
         71
          0
        160
          0
        255
          0
        144
        123
         32
        242
         12
          0
          0
        117
          3
         13
          0
          0
          0
          0
          0
          0
         32
          0
         27
          0
        255
         71
          0
        106
          0
        100
        124
          0
        187
          0
        255
         75
         54
         11
        116
          0
          0
          0
          0
        179
        101
          0
        141
        255
         95
          0
        184
         35
          0
          0
         45
          0
        255
          0
          0
        178
          0
          0
          0
         86
        126
          0
          0
          0
          0
         33
          0
        221
          0
         33
          0
        126
         99
          0
          0
        255
          0
         59
        255
          0
         27
          0
          0
        125
        255
        171
          0
        100
          0
          0
          0
          0
         16
          0
        218
          0
          0
         51
         96
        180
          0
          0
          0
         55
         97
          0
         93
          0
          0
        176
          0
         40
          0
          0
         56
          0
        255
        137
          0
          0
          0
          0
        160
         46
         55
         22
          0
          0
          0
          0
        106
          0
        116
          0
          0
          0
          0
         78
         88
        132
        210
          0
         88
          0
          0
          0
         12
          0
          0
          0
         33
          0
        199
        132
          0
        106
          0
          0
          1
          0
        103
          0
          0
        141
         33
          0
          0
        201
          0
          0
         14
        241
        255
         98
        160
          0
          0
          0
          0
          0
          0
          0
          0
          0
          0
        200
        150
         66
        192
          0
        162
          0
          0
         11
        135
          0
          0
          0
          0
          0
          0
         46
          0
          0
          0
        133
          0
         84
          0
          0
          4
          0
          0
         88
         14
         33
          0
        137
        126
          0
         33
         95
         74
          0
         85
          0
         60
         14
         87
          0
          0
         12
          0
        100
          0
          0
          0
          0
        255
          0
        186
          0
         53
          0
          0
          0
         41
        255
          0
        146
         50
          0
          0
          0
        141
         63
        101
        109
          0
          0
         35
          2
          0
        110
          0
          0
         82
         25
          0
          0
        197
          0
          0
          0
         46
        171
          0
         47
         12
        255
        186
          0
          0
          0
          0
         97
        131
         87
          0
          0
         54
          0
        119
          0
        255
        187
         52
          0
          0
          0
          0
          0
          6
          0
          0
         47
         45
        172
          0
         73
         15
        167
          0
        197
          0
          0
          0
          0
          0
          0
          0
          0
         98
        170
         94
         88
         52
         74
        106
          0
         13
          0
          0
         25
          0
        255
         65
         83
          0
        130
          0
        255
          0
          0
         20
          0
          0
         41
          0
          0
        170
          0
          0
          0
         85
          0
        124
        119
          0
          3
          0
          0
          0
        159
         25
          0
          0
        218
          0
          0
         52
         69
        253
          0
          0
          0
          0
        185
          0
         80
         80
         90
        220
         53
          0
         98
         19
         15
         71
          0
          0
        130
          0
          0
          0
        182
          0
         80
        130
          0
          0
          0
         51
          0
        255
          0
         14
        101
          0
         55
          0
         91
         42
        106
        194
         84
          0
          0
         96
        186
         51
          0
          0
          0
          0
         20
         49
        142
          5
        122
          0
          0
          0
          0
         33
          0
        255
        244
          0
        173
        177
        116
        110
         38
        162
          0
        222
         67
          0
         50
        136
          0
        120
          0
          0
        123
         20
         82
        162
         78
          0
          0
          0
          0
          0
          0
          0
          0
          0
         80
          0
        219
        237
          0
          0
          0
          0
         88
         22
          0
          0
          0
         89
        151
        113
          0
        255
          0
         20
          0
          0
          0
          0
          0
          0
          0
          0
         22
          7
         50
        255
          0
         16
         84
          0
          0
        155
          9
         42
          0
          0
          0
          0
          0
         33
          0
        117
          0
          0
        137
          0
         75
          6
          0
          0
          0
          0
        232
          0
          0
         26
        141
        255
        200
          0
        255
         82
        163
          0
          0
          0
          0
        207
          0
          0
          0
         26
        230
         84
          0
          0
         53
          0
         69
        174
        255
          0
          0
          0
         42
         20
          0
         39
          0
        255
         74
          0
        226
         16
        194
          0
          0
          0
          0
         15
         62
          0
         66
          0
        250
         93
        136
          0
         54
        123
          0
          0
          0
          0
         91
          0
          0
         75
          0
          0
          0
        255
         95
         13
        225
          0
          0
          0
          9
          0
        122
         59
          0
          0
          0
        102
        255
          0
          0
          0
          0
        147
          0
          0
        158
          0
          0
          0
          0
        148
          0
         61
          0
          0
        255
         29
        255
        233
        150
          0
         49
         42
         26
          0
          0
          0
         99
         42
          0
          0
        110
          0
         83
        112
          0
          0
          0
         90
          0
         19
          0
         21
         22
         46
         36
        115
        255
         17
          0
          0
        120
          0
        111
          0
         95
          0
          0
          0
         97
         15
          0
         36
          0
        255
          0
        103
          0
         12
        241
          0
          0
        255
          0
          0
         48
         20
          0
        255
          0
         36
         29
          0
          0
         78
         15
          0
          0
          0
          0
          0
          0
         48
          0
         19
          0
          0
        136
          0
          0
          0
         74
          0
          0
        255
          0
         79
          4
         21
          0
        255
          0
          0
         53
          0
          0
          0
         35
          0
         34
         40
          0
         76
          0
         54
        131
         80
          0
          0
        101
          0
          6
        172
        170
          0
          0
         87
          0
         62
          0
         29
        120
          0
         24
         18
          0
        238
        183
        117
          0
          0
          0
         56
          0
        119
          0
         98
          0
          0
          0
          0
         40
          0
          0
         30
        255
          0
          0
         67
        191
          0
          0
         19
          0
        255
          0
          0
        237
          0
        148
         72
          0
          0
         15
          1
          0
         97
         59
          0
        255
          0
          0
          0
         41
          0
          0
          0
          0
          0
         67
        255
          0
          0
          0
         31
        185
          0
          0
          0
          0
         35
         41
        149
        113
        123
        103
          4
          0
          0
          0
        105
          0
          0
          0
          0
          0
         60
          0
          0
          0
          0
         27
        137
          0
        118
         19
          0
          0
          0
        138
         30
        255
          0
          0
          0
          0
          0
          0
        129
          0
          0
          0
          0
          1
          0
          0
          0
          0
         26
          0
          0
          0
        228
        161
          0
        211
        176
         59
          0
        110
         17
          0
          0
          0
          0
          0
          0
        101
        151
         27
        127
          3
          0
         56
        132
          0
          0
          0
          0
          0
         70
         36
          0
          0
         79
          0
          0
        122
          0
          0
          0
          0
          0
          0
          0
          0
          0
        184
          0
          0
          0
          0
          0
         34
         72
         48
          0
          0
        112
          0
        255
        173
          0
         39
         22
          0
        129
         49
          0
          0
          0
          0
          0
          0
          0
          0
          0
        198
         43
          0
          0
          0
          0
         32
          0
          0
         66
         74
         26
          0
          0
          0
          0
        224
          0
         41
          0
        255
        255
         31
        231
          0
          0
         78
          0
          0
        111
          0
          0
        255
        144
         10
          0
         92
          0
        102
          0
          0
         44
          0
          4
          0
         27
          0
          0
        201
          0
         87
          0
        205
        164
         14
         79
        255
          0
         64
          0
          0
        156
          0
          0
        255
          0
          0
          0
          0
          0
          0
          0
          0
        119
          0
          0
          0
         22
          0
          0
        204
          0
        106
         73
        255
          0
          0
          0
          0
          0
         66
          0
        167
         10
          0
         41
          0
          0
        177
         63
          0
          0
          0
          0
          0
          0
         42
          0
          0
         96
          0
        255
          0
          0
         26
          0
          0
          0
         85
          0
        249
          0
         62
          0
        100
        169
         21
          0
        171
         36
        174
          0
        102
        186
         88
          0
         54
         98
          0
          0
          0
         93
        144
        255
          0
         96
          0
          0
          0
          0
         85
          0
          0
         86
         68
          0
          0
        174
          4
          0
          0
         25
          0
         97
         26
         28
          0
          0
         24
        132
          0
          0
        255
          0
