          0
          0
          0
          3
        158
        119
          6
        147
          0
          0
         42
          0
          0
        251
        160
          0
          0
          0
          0
        255
          0
          0
         11
        145
         62
          0
          0
         15
          0
        255
          0
         61
         69
         72
         15
        131
          0
        180
         34
        128
          0
          0
         97
          0
        135
        253
          0
          0
          0
          0
         63
        255
          0
        122
         51
          0
         87
          0
          0
         95
          0
          0
          0
          0
          0
          0
         67
        155
        153
        186
          0
          0
        101
          0
          0
          0
          0
        255
          0
          0
          0
        152
         70
        255
          0
          0
         66
          0
        149
          0
          0
        113
          0
         67
          0
          0
          0
          0
         92
         91
        131
        149
          0
          0
         67
          0
          0
          0
          0
        149
        165
          0
          0
          0
         88
          0
          0
          0
         88
          0
         58
          0
          0
         63
          0
          6
         53
          0
          0
          0
         20
        141
        156
        187
          0
          0
         61
          0
        110
          0
          0
         39
         33
        255
          0
          0
          0
          0
          0
          0
         87
         61
        102
          0
          0
         99
        117
          0
        101
          0
         68
          0
         37
          0
        143
         73
          0
         82
         84
          0
         96
          0
          0
          0
          0
        255
        255
          0
          0
        255
          0
          0
          0
          3
        132
         61
        212
        114
        103
          0
          0
         90
          0
         77
          0
        153
        144
         86
          0
          0
          0
          0
         59
          0
         93
          0
          0
        255
          0
         95
        236
        255
          0
        128
          0
         87
        165
          0
          0
         46
          0
          0
         29
         42
         85
          0
          0
        208
          0
        166
         15
         19
          0
          0
          0
          0
          0
          0
          0
        255
          0
          0
          0
        255
          0
          0
         57
          0
         57
          0
          0
         81
          0
        255
         65
          0
         14
          0
         35
          0
         69
          0
          0
          0
          0
          2
          0
          0
          0
        255
          0
        255
        135
          0
        133
          0
        223
        209
          0
          0
         14
          0
          0
          0
         36
        255
          0
          0
          0
          0
          0
        196
          0
          0
         22
         46
          0
          0
         35
        137
         13
          0
          0
        202
          6
         37
          0
          0
        255
          0
          5
          0
         56
         63
          0
          0
         12
          0
          0
          0
          0
          0
          0
          0
          0
          0
          0
         24
        119
          0
          0
          0
         47
        255
          0
          0
        149
        100
         56
          0
          0
        200
          0
          0
          0
          0
          0
         62
          0
          0
          0
          0
        104
         67
          0
         55
        140
          0
          0
          0
          7
          0
          0
          0
        109
        255
        146
          0
         72
          0
          0
          0
          0
         24
          0
          0
         64
          9
        211
          0
        100
        255
          0
          0
         51
         56
          0
          0
        119
          0
          0
          0
         71
          0
         88
        151
        125
          0
          4
          0
        255
        156
        211
          0
          0
         96
         51
         30
          0
          0
        214
         35
          0
          0
          0
         55
          0
         32
          0
          0
          0
         40
          0
          0
        147
          0
         57
          0
          0
          0
         57
         73
          0
          0
        255
          0
          0
          0
        104
          0
          0
         29
          0
         25
          0
        240
          0
          0
          0
          0
          0
          0
          0
          0
          0
          0
        148
          0
          0
          0
          0
          0
         31
          0
        255
         30
         16
        255
        255
        111
         64
          0
        141
          0
          0
         80
          0
         30
          0
         80
          0
          0
        141
          0
         45
         35
          0
        122
          0
          0
         10
        191
          0
          0
          0
          0
        255
          0
        191
        255
        194
        255
          0
        219
          0
          0
          0
          0
          0
         71
          0
          0
          0
          0
         38
          0
         13
         43
          0
         52
          0
          0
         53
          0
        154
        152
         16
          0
         73
          0
        155
        202
        255
          0
         46
        171
         31
          0
          0
         51
         47
        255
          0
          0
        106
          0
          0
        162
          0
        106
        107
          0
          0
          0
         74
        207
          0
          0
          0
        255
        203
         55
          0
          0
          0
         36
        113
         52
        183
        132
          0
        144
          0
          0
         21
        106
          0
          0
          0
        113
          0
          0
         39
        106
        154
          0
          0
        140
          0
        255
         75
          0
          0
          0
         81
          0
          0
          0
          0
        193
        160
          0
          0
        135
          0
        201
          0
          0
          0
          0
          0
          0
        128
          0
          0
         51
         84
          0
         91
          0
         36
        255
          0
        255
        255
          0
        219
        255
          0
          0
          0
          0
        100
          0
          0
          0
        128
        255
          0
          0
          0
          0
        124
        137
          0
        115
          0
         50
        101
          0
          0
          0
        153
        210
        118
        227
        255
        129
          0
        255
          0
          0
          0
        133
          0
        135
          0
        154
          0
        255
          0
          0
          0
          0
          0
        159
          0
          0
          0
        108
          0
          0
         23
        244
          0
        255
          0
          0
        255
          0
          0
        255
          0
          0
          0
         73
          0
          0
          0
         83
         18
          0
          0
          0
        202
         44
          0
        149
          0
          0
         41
          0
         54
         41
          0
          0
          0
        255
          3
        255
        240
        131
          0
          0
          0
          1
          0
         94
          0
          0
          0
        131
          0
          0
          0
          0
          7
          0
          0
          0
         84
          6
         85
          0
          0
         37
         22
        209
         94
        100
          0
        255
        255
         21
        255
        255
          0
          0
         87
          0
          0
         51
          0
        135
          0
          0
          0
         20
          0
         37
        128
          0
          0
          0
          7
         49
          0
          0
         50
         33
          0
        255
          0
          0
        179
          2
        221
         82
        255
          0
         15
          0
         75
         98
          0
          0
         96
        255
          0
          0
          0
         14
          0
        171
         23
         58
         75
         34
          0
          0
         65
        128
          0
        255
          0
        169
        221
         91
          0
        241
          0
          0
          0
          0
        107
          0
          0
         15
          0
          0
          0
          0
         75
         39
          0
        128
          0
         13
          0
         70
         53
         45
          0
          0
        132
          0
          0
          0
        134
        157
         76
          0
          0
          0
         62
          0
         40
          0
          0
          0
         94
          0
          0
          0
          0
          0
        122
          0
        139
         53
         49
          1
         30
          0
         28
          0
          0
        255
          0
          0
         83
         53
         77
          0
          0
          0
          0
          0
         52
          0
          0
          0
        114
        255
          0
          0
          0
          0
          0
          0
          0
         76
          0
          0
          0
          0
          0
        157
          0
        255
        119
          0
          0
         95
          0
          0
          0
         10
          0
        143
         10
         90
          0
          0
          0
          0
          0
          0
          0
          0
        128
        206
          0
         59
          0
         49
         36
          0
          0
          0
          0
        156
          0
          0
        134
          0
          0
        255
          0
        255
        103
          0
         56
          0
          0
          0
        115
        255
          0
         73
        113
          0
          0
        122
          0
         36
         30
          0
         94
          0
         10
          0
          0
        255
        185
         75
          0
        147
         21
          0
          0
          0
        116
          0
         44
          7
          0
          0
          0
        238
          0
          0
          0
          0
          0
          0
         55
        102
          0
          0
          0
          0
         68
        145
         69
          0
          0
          0
        210
          0
        228
        255
          0
          0
          0
          0
        145
         44
         68
          0
         84
          0
          0
          0
          0
         49
        156
          0
         59
          0
         46
          0
          0
          0
          0
         71
          0
        255
          0
          0
          0
         34
        204
          0
          0
          0
          0
          0
          0
         62
          0
          0
         42
        191
          0
          0
          0
          0
          0
          0
          0
         46
         40
          0
        145
          0
         30
          0
         22
        160
          0
          0
        255
         42
          0
        255
          0
          0
          0
         85
          0
          0
          0
          0
          0
        154
         48
          0
          0
          0
        170
          0
          0
         53
          0
          0
         63
          0
          0
         59
          0
          0
          0
        255
        255
          0
          0
        255
          0
        113
         92
          0
        154
          0
          0
        159
          0
          0
          0
          0
          0
         34
        141
          0
         95
          0
         25
        124
         76
          0
          0
          0
          0
        218
        145
        255
        255
          0
          0
        193
          0
          0
          0
          0
        104
          0
        214
          0
        116
         97
          0
        158
        104
          0
          0
        164
          0
          0
          0
          0
        129
          0
        119
          0
          0
          0
          0
          0
        148
         69
          0
        255
          0
         52
         94
        162
          0
        126
        214
        139
        112
        120
          0
          0
        176
         33
          0
        162
          0
          0
          0
          0
          0
         47
          0
         64
          0
          0
         89
        116
        255
        144
         36
        247
          0
         90
         83
          0
          0
          0
          0
          0
          0
        255
          0
          0
          0
         32
          0
        194
         95
          0
          0
         50
        144
          0
         36
          0
          0
        255
          0
          0
        255
         80
          0
          0
        255
         26
        100
          0
          0
          0
        154
          0
          0
        255
         77
          0
          0
          0
        113
          0
          7
          0
          0
        110
        145
          0
         90
          0
          0
          0
          0
        255
        255
         25
        255
          0
        255
         22
          0
         78
         29
          0
        204
          0
        120
         17
         90
          0
          0
          0
        111
          0
         50
          0
         32
         46
          0
          0
         50
          0
          0
          0
        112
          0
        255
        103
        194
        255
        255
          0
          0
          0
         25
         54
          0
          0
         67
          0
          0
          0
        244
          0
          0
          0
        135
          0
          0
          0
        117
          0
         12
          0
          0
         41
         36
          0
          0
          2
        112
          0
          0
          0
          0
        132
          0
          0
          0
          0
          0
          0
          0
          0
          0
         40
          0
          0
         46
          0
         45
         18
        128
          0
         59
          0
          0
          0
         51
          0
        255
          0
          0
        255
        255
          0
          0
          0
          0
          0
          0
          0
        115
        220
          0
          0
        151
         60
          0
          0
          0
          0
         40
          0
          0
          0
          0
          0
        136
        151
          0
        107
          0
          0
         31
        235
        255
          0
         40
         34
         65
          0
          0
          0
          0
        166
          0
          0
          0
         46
          0
         31
         68
          0
         43
          0
        116
         25
          0
          0
         36
        255
        191
        255
        255
        114
          0
        255
        255
          0
          0
         64
         53
          0
          0
          0
          0
        255
          0
        209
          0
         66
          0
        153
          0
          0
         72
          0
          0
         51
         73
        193
         99
        239
          0
          0
         68
        121
         43
        255
        255
         96
          0
          0
         76
          0
          0
         60
          0
          0
          0
          0
        251
          0
         27
        143
        148
          0
          0
          0
         77
          0
         14
          0
          0
          0
          0
          0
          0
         87
        180
        255
        255
        255
         88
          0
          8
          0
          0
         59
          0
        255
          0
        106
          0
          0
          0
          0
         78
          7
          0
        162
         71
          0
          0
          0
          0
        194
          0
          0
        101
          0
        252
        255
        164
          0
          0
        119
          0
         12
          0
        134
         70
          0
         32
         17
        108
          0
          0
        203
        121
          0
         27
          0
          0
          0
         66
          0
          0
        181
          0
          0
          0
         30
        174
          0
         78
        224
        120
          0
          0
         43
          0
          0
        105
          0
          0
          0
          0
          0
          0
        118
          0
          0
          0
         77
          0
          0
          0
          0
          0
         35
         19
        255
        151
         31
        134
          0
         54
        255
         84
        107
          0
          0
        217
          0
          0
          0
          0
        214
          0
          0
          0
         43
          0
         12
          0
          0
         50
          0
         85
          0
        114
          0
          0
          0
          0
          0
        120
          0
         46
          0
          0
          0
          0
        127
          0
        122
        108
          0
        131
          0
          0
         41
        154
         98
          2
          0
         48
          0
        130
         52
          0
          0
        145
          0
          0
          0
          0
          0
          0
          0
          0
          0
          0
          0
         42
          0
          0
         25
          0
          0
          0
          0
          0
         69
        169
          0
         93
          0
          0
          0
          0
         31
          0
        232
        147
          0
          0
          0
        177
          0
          0
        255
        255
        219
         32
         47
          0
          0
          0
          9
          0
        194
        114
         53
          3
         31
          0
        113
          0
         37
          0
         24
        159
          0
          0
          0
          0
          0
          0
          0
        220
         90
        210
          0
        255
        211
         19
        126
          0
          0
          0
         61
        104
        126
         95
          6
          0
         68
          0
          0
         89
          0
          0
          0
        109
          0
          0
        215
          0
          0
         91
        255
        150
         92
        120
          0
        158
        169
          0
          0
        175
          0
          0
          0
          0
        171
          0
          0
          0
          0
          0
         29
         18
          0
          0
          0
          0
          0
         55
        100
         55
         72
          0
          0
        124
         84
          0
        236
        255
         58
         30
          0
          0
         31
          0
          0
         98
          0
          1
          0
          0
          0
         16
         12
          0
          0
        104
        162
          0
          0
          0
         14
         66
        255
         16
          0
        176
          0
          0
        255
          0
          0
          0
        206
          0
          0
          0
        146
         97
        255
          0
          0
         18
         25
        139
         67
          0
          0
         72
         29
          0
          0
          0
          0
        101
          0
          0
          0
          0
          0
        222
          0
          0
          0
        114
        155
        157
         21
          0
          0
          0
        210
        116
          6
          0
         49
         74
         41
          0
          0
         47
         36
        135
          0
          0
          0
        126
          0
          0
          0
          0
         35
        209
          0
          0
         67
          0
          0
        127
          0
          0
          7
          0
          0
         92
         47
          0
         46
         57
          0
         89
         20
         21
         76
          0
          0
         23
          0
         98
          0
         61
          0
          0
          0
        203
          0
          0
        107
          0
         45
        141
          0
          0
        104
          0
          0
         48
          0
        230
         72
         47
          0
         70
          0
          0
         12
          0
          0
          2
         10
         66
          0
         68
          0
          0
          0
        255
          0
        255
          0
         11
          0
        162
          0
          0
         84
          0
        142
         49
        193
         91
          0
         52
        126
          0
          0
          0
         63
          0
         47
          9
          0
         80
          0
          0
          0
          0
          0
          0
          0
        255
          0
         78
          0
        122
         14
          0
          0
          0
        255
          2
          0
          0
          0
         21
         63
          0
          0
          0
          0
          0
         44
          0
          0
         59
          0
          0
          0
          0
          0
        149
          0
          0
          0
        117
          0
          0
          0
          0
          0
          0
        251
         88
          0
          0
          0
         29
         46
        107
          0
          0
         75
          0
         51
         96
          0
         86
        237
          0
          0
          0
         59
          0
        255
          0
          0
          0
          0
          0
         16
          0
          0
         57
        255
          0
          0
