         15
          0
         61
        119
          0
         11
          0
          0
          0
         82
         91
          0
        105
          0
        255
          0
         74
          0
        119
         71
         42
          0
         74
        155
          0
          0
          0
        220
         17
        255
          0
          0
          0
        255
         77
          0
          0
          0
          0
        104
          0
          2
        130
        230
        173
         69
        182
          0
        137
          0
          0
          0
         36
          0
          0
          0
          0
          0
        109
        180
         94
        222
         90
         93
          0
        255
         28
          0
          0
          0
          0
         84
         62
        255
         50
        198
          0
         35
        210
          0
          0
          0
          2
          0
          2
          0
          0
          0
          0
         84
          0
         91
          0
        255
          0
          0
        246
        255
        101
          7
        111
          0
         47
         39
        229
        190
        123
        188
          0
        113
          0
          0
          0
          0
         71
          0
         33
          0
          0
        109
          0
         87
        114
         11
          0
        194
         40
          0
          0
        255
        104
          0
        106
          0
         10
         77
        203
        229
         98
        181
          0
          0
          0
          0
          0
          0
         84
          0
         22
          0
          2
          0
          0
        115
         53
        155
          0
        255
          0
         43
          0
        255
         69
         19
          0
          0
          0
        105
          0
          0
        146
        180
          0
         97
        255
          0
          0
        126
          0
         72
          0
          0
         25
          0
          0
         62
         95
        221
        158
          0
          0
         88
          0
          0
        105
          0
         39
          0
          9
         51
         51
        170
         97
        223
          0
         88
        255
          0
         58
          0
         81
         12
          0
         79
          0
          0
          0
          0
          0
        163
         98
          0
        148
          0
         57
          0
          0
         40
        161
         10
         58
        102
          0
          0
        203
          0
         27
          0
          0
        255
        153
          0
          0
          0
          0
         55
          0
         24
          0
         87
          0
         11
          0
        255
          0
          0
          0
        255
         55
          0
          0
          0
          0
          9
         49
        140
          0
          0
          0
          9
          0
          0
         99
          0
         77
          0
          0
         16
        106
        155
        198
         28
         45
          0
          0
          0
          0
          0
        196
        255
         99
        108
          0
          0
          0
          0
          0
        255
          0
          0
        173
         22
         57
        168
          0
        205
        119
          0
          0
          0
          0
         36
         83
          0
          0
          0
          0
         26
         99
          0
          0
        255
          0
        108
        123
          0
         10
         99
          0
        154
          0
          4
        184
         28
         55
        177
        255
          0
          0
        235
          0
          0
         51
          0
        167
        100
         23
        255
          0
          0
          0
         19
         36
          0
          0
          0
          0
          0
         15
          0
         76
          9
          0
          0
          0
          6
        147
         53
          0
          0
        109
         50
          0
          0
          0
         52
          0
          0
          0
        255
          0
        121
          0
         27
          0
          0
          0
          0
         89
        254
         32
          0
        155
        150
         82
         94
          0
          0
         83
          0
          0
         90
         83
          0
          0
          0
          0
          0
         75
          0
         94
          0
        218
          0
          0
         85
        255
        255
          0
         78
          0
          0
          0
          0
          0
        141
        184
        114
         86
          0
          0
        114
         69
        165
          0
          0
          0
          7
         89
          0
          0
         79
          0
          0
        189
          0
         44
         10
        168
        255
         68
          9
          0
          0
          0
          0
        101
        255
          0
         78
          0
         15
         61
          0
          0
          3
          0
        121
          0
          0
          0
         73
        204
          0
          0
          0
          0
        118
          0
          0
          0
        255
          0
         16
         15
          0
         44
          0
          0
        255
          0
         97
        101
          0
        255
          0
          0
          0
         34
          0
          0
         76
         55
         24
          0
          0
        167
        235
          0
        217
          0
          0
          0
         89
          0
         96
          0
          0
          0
          0
          0
          0
          0
          0
        105
         96
        255
          0
         61
          0
         22
          0
          0
          0
         86
          0
          0
         66
        158
          0
          0
        255
          0
          0
        255
        107
        102
          5
          0
          0
          0
          0
         11
          0
          0
          0
        162
         56
          2
          0
          0
          8
          0
         61
          0
          0
          0
         23
          0
          0
          0
          0
          0
         51
          0
         67
          0
        171
          0
         46
          0
          0
          0
          0
          0
         87
          0
          0
         41
          0
          0
          0
         77
          0
         42
        140
         78
          0
          0
          0
          0
          0
          0
        231
          0
          0
          0
          0
        136
          0
        107
          6
        150
          0
          0
         14
          0
          0
          7
          0
          0
          0
          0
          0
          0
          0
         30
        152
          0
        169
          0
        133
          0
          0
         45
        255
        211
        229
          0
         12
        251
        255
          0
         88
        113
          0
         50
          0
        144
          0
          0
          0
          0
          0
          0
        198
          0
         98
          0
          0
          0
          0
          0
          0
          0
         73
          0
          0
        161
          0
          0
         54
        195
        255
         75
         10
          9
          0
          0
         29
          0
        255
          0
          0
          0
          0
        194
        148
        183
        111
          0
         39
          0
          0
        121
          0
          0
        110
          0
          0
        255
         34
          0
          0
          0
          0
        104
          0
          0
          0
          0
         43
          0
          0
          0
          0
          0
          0
          0
         91
          0
        106
          0
        114
          0
          0
         38
         96
          0
        117
         20
          0
          0
          0
          0
          0
          0
          0
         42
         68
          0
          0
         49
         18
          0
        255
         58
          0
          0
          0
        255
        255
          0
          0
          0
        142
          0
        141
          9
         21
          0
         48
          0
        229
          0
        255
         67
          0
          0
        255
          0
          0
          0
         51
          0
         92
          0
        255
          0
          0
         91
          0
        255
        255
        170
          2
          0
          0
        206
         30
         62
         47
        196
         34
         43
          0
          0
        248
          0
         70
          0
        255
          0
         30
        130
          0
         51
         84
        132
          0
        159
        113
          0
          0
        131
        255
          0
         74
          0
        107
          0
        169
        105
          0
          0
        104
        135
          0
          0
        145
          0
          0
        236
        255
          0
         61
         22
          0
          0
          0
          0
          0
          0
         65
        147
        122
          0
          0
          0
          0
          0
        193
          0
          3
         93
         10
        121
          0
          0
          0
          0
          0
          0
          0
        234
          0
          0
         25
        150
          0
         28
          0
          0
          0
        174
          0
        170
          0
          0
          0
          0
        190
          0
        235
          0
          0
         24
          0
          0
          0
          0
          0
          0
        251
        102
         15
          0
          0
        106
          0
         93
        126
          0
          0
          0
          0
        113
        152
         10
          0
          0
        201
          0
          0
        102
         36
          0
         55
          0
          0
        136
          0
         25
          0
          0
          0
         97
         42
        164
        255
         65
         46
        183
         70
         32
          0
         53
          0
        182
         49
         65
          0
         56
          0
        153
          0
         80
        127
          0
         12
         38
        154
          0
          0
          0
          0
          0
        128
          0
          0
        255
          0
          0
         40
          0
          0
         38
          0
          0
        138
          0
          0
          0
          0
         36
          0
        255
          4
         71
        247
          0
          0
          0
         95
          0
         59
          0
          0
          0
          8
         92
          0
          0
        255
          0
        125
          0
          0
          0
        116
          0
          0
          0
         22
        140
          0
          0
          0
          0
         76
         14
          0
          0
         97
         53
          3
          0
         67
          0
        127
          0
          0
        127
         26
          0
          0
          0
        100
          0
         71
          0
          0
          0
          0
        208
          8
          0
          0
        255
          0
          0
         39
          0
          0
          0
          0
         26
         68
          0
          0
          0
        255
          0
        208
        166
          0
          0
          0
         32
         47
          0
        254
          0
          0
          0
        255
          0
          0
        169
          0
        214
          0
          0
        157
          0
        238
          0
          0
          0
        151
          0
         75
          5
        139
          0
          0
          0
         62
          0
          0
          0
         59
        150
        248
         65
          0
          0
         32
          0
          0
        134
         10
         86
          0
          0
          0
          0
          0
          0
          0
        116
          0
        101
         60
          0
        255
          0
          0
         44
         78
        216
          0
         81
          0
        106
          0
         70
          0
        223
          0
          0
         29
          0
          0
         98
          0
          0
         29
         91
         48
          0
          0
          0
         48
          0
          0
          0
          0
         10
        255
         51
         51
        255
        255
          0
          0
          0
        195
          0
         91
          0
        170
          0
          0
          0
          0
          0
          0
          0
         11
         92
         81
         15
          0
          2
          0
          0
          0
          0
          0
          0
          0
          0
          0
        255
         93
         90
          0
          0
        100
          0
         87
          0
        255
        174
          0
        182
          0
         51
        140
        255
          0
          0
          0
          0
          0
         91
        143
          0
          0
         17
          0
         80
        224
          0
         48
        141
        255
         55
          0
        163
          0
          0
         84
          0
          0
          0
          0
        188
          0
          9
          0
          0
          0
          0
          0
          0
        153
          0
          0
          0
          0
          0
          0
         91
          0
          0
          0
          0
        220
          4
          0
          0
          0
          0
         46
          0
          0
         35
        123
          5
          0
        255
        132
         55
          0
          0
          0
        103
          0
        124
          3
          0
         80
          0
        134
        255
          0
          0
         61
          0
        255
         17
          0
          0
         80
          0
         23
        100
          0
          0
          0
        134
         51
        255
        187
          0
         99
          0
          0
          0
        171
          0
         18
          0
         76
         44
        229
         22
        248
          0
          0
        191
          0
          0
          0
          0
          0
          0
         29
          0
          0
          0
          0
         73
          3
          0
          0
          0
         75
          0
        239
          0
          0
          0
        104
        163
         82
          0
        247
        147
          0
          0
         60
          0
        255
         96
          0
        165
          0
          0
          0
          0
          0
          0
          0
        191
          0
          0
          0
         96
         89
          0
          0
          0
        144
         38
          0
          0
         97
          0
        255
        113
        255
         38
         15
          0
          0
        110
          0
         45
        239
         15
          0
          0
         87
          0
         60
          0
          0
         11
          0
         66
          0
         62
        121
          0
        162
        109
         65
        136
          0
          0
        231
        255
        255
          0
          0
        205
        255
         93
         53
          0
          0
          0
          0
          0
          0
          0
          0
        204
          0
        183
          0
          3
         30
          0
        151
        109
        114
          0
          0
          0
          7
          0
          0
          0
          0
          6
          0
          0
          0
         63
         70
        135
          0
          0
          0
        151
          0
          0
          0
          0
          0
        255
          0
          0
          0
          0
        202
          0
        177
         64
        156
          0
         75
          0
          0
          0
        255
          0
         15
          0
        255
         20
          0
          0
          0
         60
          0
          0
          0
          0
          0
          0
          0
        104
          0
        106
          0
          0
        219
          0
          0
        129
          0
        198
          0
         75
          0
          0
          0
          0
         46
          0
        255
         51
         10
          0
          0
         48
          0
          0
          0
          0
          0
         52
          0
          0
        255
         21
          0
          0
        169
         29
        159
         60
          0
          0
          0
          0
        237
          0
          0
        153
          0
          0
        133
          0
          0
         97
        150
          0
          0
        199
        142
          0
          0
          0
         51
        255
          0
        198
          0
          0
          0
        189
         99
          0
        124
          0
         32
          0
          0
          0
        222
          0
          0
        170
        255
          0
          0
         61
        191
         24
          0
          0
          0
          0
        170
        154
          0
        161
          0
        255
          0
          0
        197
          0
        127
          0
          0
          0
          0
          0
          0
          0
        255
          0
          0
          0
        178
         75
          0
          0
         14
          0
          0
          0
          0
        124
        183
          0
          0
        246
         52
          0
         27
          9
        170
          0
          0
         73
          0
          0
         99
          2
          0
          0
          0
         35
          0
        233
        255
          0
         83
          0
          0
          0
          0
          0
          0
        198
         61
        131
          0
          0
        234
          0
          0
          0
        130
          0
          0
        124
          0
          0
          0
          0
        255
          0
         79
          0
         42
          0
        255
         44
          0
         58
          0
          0
          0
          0
        255
          0
         63
          0
         37
        255
        255
          0
          0
          0
         38
          0
        158
          0
          0
          0
        100
          0
        255
          0
          0
        152
         22
          0
        255
         27
         62
          0
        130
         21
         30
          0
          0
          0
          0
          0
         13
        148
          0
          0
        127
          0
        183
         27
          0
          0
         66
          0
        105
         75
          0
          0
        203
          0
          0
          0
          0
          0
        119
          0
        250
          0
          0
          0
          0
          0
          0
          0
          0
         79
        137
          0
          0
          0
        187
          0
          0
         93
          0
          0
         65
          0
          0
          0
          0
          0
          0
          0
         97
          0
         29
         70
          0
         13
          0
          0
          0
         62
          0
         90
          0
          0
          0
          0
          0
          0
          2
          0
         90
         31
         11
          0
         47
          0
        175
          0
        211
          0
          0
         81
          0
          0
          0
          0
         50
          0
          0
         97
         11
          0
         22
          0
          0
          0
          0
        255
         56
          0
          0
         29
        145
          0
          0
          0
          5
          0
        177
          0
          0
          0
         87
          0
        148
          0
         79
         43
        148
          0
          0
         43
          0
          0
         73
          0
          0
        255
        255
          0
        128
         67
          0
          0
         42
          0
          0
          0
          0
          0
          0
          0
         78
        121
          0
          0
          0
          0
         20
        144
         13
          0
         31
        164
        240
          0
          0
          0
          0
          0
        248
          0
        158
         73
          0
         19
         32
         97
          0
          0
          0
          0
          0
          0
        123
         66
          2
          0
          0
          0
          0
        187
          0
         48
          0
          0
          0
         66
          0
        165
          0
        255
        189
          0
          0
          0
        230
        133
        183
        107
          0
          0
          0
         38
          0
         84
        165
          0
         52
          0
          0
          0
         79
        177
          0
          0
         16
         77
        255
          0
         32
          0
          0
          0
        255
         29
        157
          0
         76
          0
         54
          0
          0
          3
          0
          0
          0
          0
        229
          0
         79
          0
          0
          0
         28
        148
         44
         70
         17
        197
          0
          0
        114
          0
          0
          0
          0
        180
        130
         37
         83
          0
          0
          0
          0
          0
        116
         58
          0
          0
        255
         80
         88
          0
          0
          0
         94
         25
        136
          0
          0
          3
          0
         49
          0
          0
          0
          0
        164
        191
          0
          0
         45
          0
        112
        119
          0
          0
          0
          0
          0
          0
        230
         85
          0
          0
          0
         44
         63
          0
          0
         66
          7
          0
        255
         92
          0
          0
          0
          0
          0
          0
          0
          0
        247
         76
          4
         85
          0
          0
         77
        139
        121
          0
        255
         82
          0
