        192
        249
        113
         78
          0
          0
          0
        131
          0
          0
          0
          0
        255
         58
        178
          0
          0
         59
          0
         31
          0
          0
        212
         32
          0
          0
          0
         56
          0
        109
         92
          0
        106
        146
          0
         16
          0
          0
          0
          0
          0
         74
          0
          0
        255
         42
          0
          0
          0
        122
        108
          1
          0
          0
          5
         78
        123
          6
          2
          0
          0
          0
        168
        170
          9
         12
        154
          6
          0
         60
          0
        181
          0
        255
         95
          0
          0
          0
          0
          0
          0
         82
         11
         56
          3
         14
          0
         93
        122
          0
         67
        174
         66
          0
          0
          0
         68
        244
        168
          0
        255
          0
         51
         88
         68
        183
         37
          0
         40
          0
          0
          0
        161
         37
          0
        158
         21
          0
        242
         53
          0
         73
          0
        147
         42
          0
          0
          0
          0
        156
          0
         89
          0
          0
          0
        188
        255
          0
          0
         77
          0
        165
         20
        255
        115
          0
        202
        122
         32
          0
         56
          0
         30
          0
         31
         63
          0
        112
         24
        134
          0
          0
          0
          0
        255
          0
          0
        124
        255
        223
          0
          0
          0
         45
          0
        255
          0
          0
        182
        127
          0
        255
        255
          0
         92
        106
          0
         46
          0
          0
         33
        162
        223
        134
        178
          0
         61
        113
         18
         81
          0
        120
         67
         56
        255
        183
          0
         12
          0
          0
         20
          0
          0
          0
          0
          0
        127
          0
          0
         19
        131
          0
         76
         93
        225
         17
          0
         79
          0
          0
          0
          0
          0
        232
         14
          0
        105
         50
        255
          0
         84
          0
          0
         13
          0
          0
          0
          0
          0
        255
          0
        101
          0
        170
          0
          0
          0
        187
          0
          0
          0
          0
          0
         62
        255
          0
         34
        145
          0
        181
        163
        224
        194
          0
          0
         30
          0
         56
          0
          0
         52
        160
          0
          0
          0
         63
         26
        185
          0
         10
          0
         39
          0
        147
          6
        196
          0
          0
        119
          8
          0
          0
        255
          0
          0
         16
        194
         17
          0
          0
          0
         79
          0
        116
         54
          0
         18
        161
          0
        201
          0
        220
          0
         88
        255
          0
         52
        198
        255
          0
          0
          0
        255
          0
        186
        172
          0
          0
          0
          0
          2
          0
        145
         54
          0
         88
          0
        170
          0
          0
          0
        170
         61
        102
        111
         83
          4
          0
          0
          0
          0
        100
         19
        165
          0
         37
          0
          0
         77
        217
          0
          0
          0
          0
        255
          0
          0
          0
          0
        120
          0
        156
        186
          0
          0
          0
         51
          0
          0
          0
          0
         88
          0
         17
         48
          0
        190
          0
          0
          0
          0
          0
          0
        173
          0
         67
          0
        112
          0
          0
          0
        137
          0
          0
          0
          0
        161
        249
         55
          0
        222
          0
          0
        106
        101
          0
          0
        231
        203
          0
          0
         25
         47
         60
          0
        124
         26
         61
          0
        119
          0
        244
          0
        127
          0
          0
        117
          0
        158
         73
         57
          0
        255
        134
        114
        125
        224
          0
          0
          0
          0
          0
          0
        255
        147
          0
        141
        174
          0
         85
          0
          0
          0
         45
          0
         63
          0
          0
        149
          0
          0
        163
          0
          0
        255
          0
          0
         51
          0
          0
         11
         40
         48
        166
          0
        255
          0
          0
          0
        234
          0
         94
        101
          0
          0
          0
          0
          1
         85
        108
        231
          0
