          0
          0
        148
          0
          0
          0
          0
          0
          0
          0
        115
        135
          0
          0
        189
          0
          0
          0
          0
          0
        204
          0
         66
        255
         97
          0
         17
        104
          0
        154
        186
        152
        181
          0
          0
         33
          0
          0
        194
         10
        218
          0
          0
         67
          0
          1
        106
        106
          0
        255
          0
          0
        255
         69
          0
        164
         77
        233
         61
         41
        109
        172
        166
        101
        192
          0
         11
        100
          0
          0
          0
          0
          0
          0
          0
          0
          0
         26
         38
          0
        119
          0
         10
          0
        255
          0
          0
          0
         35
         13
          0
        137
        115
        213
        187
          0
        100
          0
         74
         77
          0
        255
          0
        104
          0
         59
         18
          0
          0
         33
        120
         55
          0
          0
        255
          0
        108
          0
          0
          0
         67
        255
          0
         54
          0
          0
          0
          0
         60
          0
          0
          0
          0
          0
         91
          0
          0
          0
          0
        200
        255
          0
        255
         25
          0
        255
          0
        148
        116
        250
         22
          0
          0
          0
          0
         78
          0
        201
          0
         87
          0
         93
         41
        168
          0
        218
          0
         75
          0
          0
          0
          0
          0
          0
         15
         40
        146
          0
        255
          0
          0
          0
          0
        242
         76
         35
         93
        163
         63
          0
        194
          0
        124
          0
        133
        121
          0
          0
          0
         75
        200
          0
          0
         14
        255
          0
          0
          0
        146
          0
          0
          0
         53
          0
         66
        255
        223
          0
         14
         26
          5
          0
        119
          0
          0
        182
         74
        156
          0
          0
          0
         48
          0
          0
          0
         29
        255
          0
         10
          0
          0
        255
          0
          0
        255
          0
         85
        252
          0
        186
          0
          0
        131
        105
        201
          0
        242
        255
          0
          0
          0
          0
          0
          0
          0
          0
          0
          0
          0
          0
          0
          0
          0
        153
          0
        149
        186
        229
         83
          0
         35
          0
         42
          7
          0
        210
          0
        101
          0
        232
          0
         20
        214
          0
          0
         59
        145
        100
          0
          0
          0
          0
          0
          0
          0
          0
          0
          8
         60
         28
          0
          0
          8
          0
         21
        162
         14
         84
        159
         69
         39
        255
         85
          0
          0
          0
          0
         13
          0
         72
          0
          0
          0
          0
          0
          0
        116
        254
          0
          0
        211
          0
          0
          0
          0
          0
          0
          0
          0
          0
        209
          0
          0
          0
        109
         24
          0
          0
          0
         32
          0
          0
          0
          0
        145
          0
          0
          0
        124
          0
         45
          0
          0
        214
         43
          0
          0
        108
          0
        142
          0
         27
          0
          0
        166
        238
         18
          3
          0
          0
        129
          0
        113
        153
          0
        119
          0
          0
         13
         79
         58
        255
          0
          9
          0
          0
          0
        154
          0
          0
          0
          0
          0
        155
         74
         46
          0
          0
        122
          0
         98
          4
          0
         21
        184
          0
          0
         88
          0
         70
          0
          0
         26
          0
          0
          4
          0
          0
          9
        228
          0
          0
          0
         92
          0
          0
          0
          0
        224
         61
          0
          0
          0
          0
          0
         66
        154
        168
          0
        151
          0
         45
         38
          0
          0
          0
          0
        153
          0
          0
         93
        181
          0
          0
          0
        193
          0
        176
        126
        220
          0
          0
          0
        137
        114
         34
          0
         32
        186
          0
          0
          0
         10
          7
          0
          0
          0
          0
          0
          0
          0
        126
        156
        134
          0
          0
          0
        138
         10
        104
          0
         21
