          0
          0
          0
          0
          0
          0
          0
        255
          0
          0
          0
        103
        122
          0
          2
         37
        255
        254
          0
          0
          0
        255
          0
          0
          0
        208
          0
          0
          0
        237
          0
        167
         46
          0
          0
          0
          0
        140
          0
          0
        176
        178
         34
          0
          0
          0
         16
          0
          0
        255
        110
        174
          0
        196
          4
          0
          0
          0
          0
          0
          0
          0
        255
        132
        255
          0
         26
          0
          0
        127
          0
          0
          0
          0
          0
         95
          0
          0
          0
          0
          0
        235
         46
          0
          0
          0
          0
         52
          0
          0
          0
          0
          0
        127
          0
          0
         26
          0
        121
          0
          0
         76
          0
          0
        186
          0
         59
        139
          0
          0
        147
          0
          0
        224
        165
        146
          0
         87
          0
          0
          0
         88
          0
         85
          0
          0
          0
         72
        255
          0
        118
          0
          0
          0
        255
          0
          0
          0
          0
        223
          0
          0
        126
          0
         17
         57
        133
          0
        151
        209
          0
          0
        174
        124
         19
         79
          0
          0
         13
        102
        255
         71
        213
          0
          0
         27
          3
          0
        122
          0
          0
        226
         68
        255
        139
          0
          0
          2
        177
        241
         59
        255
          0
        123
         96
         17
          0
          0
          0
        255
          0
        100
        255
         68
        112
        136
          0
        214
          0
          0
        165
          0
          0
        116
        181
          0
          0
          0
          0
         62
        152
        246
          0
        255
          0
         31
        190
          0
          0
          0
          0
          0
        255
         71
          0
        255
         44
          0
          0
        255
         55
        120
          0
          0
          0
          0
          0
         97
        229
          0
          0
          0
        205
         65
          0
          0
          0
         72
          0
          0
          0
          0
          0
          0
          0
         79
          0
          0
          0
          0
         13
        192
          0
        255
        117
          0
          0
        255
        255
          0
        105
          0
         82
        255
          0
          0
          0
          0
          0
          0
          6
        246
          0
          0
          0
          0
          0
        251
          0
         79
          0
          0
        105
          0
          0
         34
          0
         66
          0
        255
          0
        255
        255
        142
          0
          0
          0
        255
         61
          0
          0
          0
          0
          0
          0
          0
          0
          0
        255
          0
        179
          0
          0
          0
          0
          0
          0
          0
          0
        145
          0
        255
         23
        255
        184
        101
        130
          0
          0
        157
        206
          0
         51
         40
          0
          0
          0
        178
          0
         64
        255
          0
          0
         90
        157
          0
          0
          0
          0
        169
          0
         25
        218
          0
          0
          0
        241
         14
          0
          0
          0
        234
          0
         12
          0
         93
          0
         42
          0
         84
          0
        138
          0
          0
          0
          0
        202
         58
         99
          0
         75
         86
         29
        165
          0
          0
        246
         34
          0
         32
          0
          0
          0
         31
         45
        100
          0
          0
         20
         48
          0
          0
         57
        122
          0
        207
         61
        194
        255
          0
        107
        255
          0
          0
         79
         55
        170
          0
          0
          0
          0
        181
          0
         29
          0
        193
          0
         59
          0
         26
        196
          0
          0
          0
          0
          0
        255
        214
          0
        255
        119
          0
        223
          0
        196
          0
          0
        195
          0
        255
        255
          0
          0
        145
        255
        122
          0
          0
          0
         96
          0
          0
          0
          0
        127
          0
          0
          0
        163
          0
          0
          0
        125
          0
          0
        195
          0
        224
         46
         58
        169
          0
          0
        165
          0
        156
          0
          0
        124
          0
         37
          0
          0
        172
          0
        186
          0
        190
          0
          0
         81
          0
          0
          0
        199
          0
          0
        255
          0
        255
         37
         20
        210
        190
          0
        255
        175
          0
         27
         60
          0
          0
          0
        255
          0
        117
          0
        184
        255
        211
          0
         54
        255
        190
        255
         65
        132
          0
          0
          0
        207
          0
         58
        157
          0
          0
         93
          0
          2
          0
          0
         94
         50
        124
          0
          7
          0
          0
        155
          0
        122
          0
          0
         54
        255
        181
         21
          0
          0
        151
         57
         18
         85
         28
        139
         52
        230
          0
          0
          0
        233
          0
          0
          0
        233
          0
          0
          0
          0
          0
        106
          0
        162
          0
        145
        255
          0
         75
        255
          0
          0
          0
        120
          0
        237
          0
        110
        171
          0
        255
        255
          0
          0
          0
         15
          0
          0
        235
         36
         95
         95
        103
          0
          0
        255
          0
        255
          0
          0
        105
          0
          9
          0
          0
         95
          0
          0
          0
         68
          0
        255
        255
        141
          0
        226
          0
          0
        200
          0
          0
          0
        255
          0
          0
        140
          0
        140
          0
        182
         76
          0
          0
        203
        255
          0
          0
          0
          0
          0
          0
         52
          0
         99
        255
          0
          0
          0
          0
          0
        255
        127
        116
          0
          0
         33
          0
          0
          1
          0
        170
        221
          0
          0
         42
          0
          0
          0
          0
          0
          0
        224
          0
          3
          0
         94
          0
          0
          0
          0
          0
        255
         72
          0
         50
          0
          0
          0
         28
          0
          0
        107
          0
        225
        186
          0
          0
         21
          0
        255
        121
         77
         45
        255
         86
          0
        160
          0
          0
          0
          0
          0
         81
          0
          0
          0
        178
         55
        255
          0
          0
          0
        203
        255
          0
         90
          0
        255
          0
         34
          0
          0
         14
          0
        255
          0
        255
          0
         16
          0
        158
          0
        255
        255
          3
          0
          0
          0
          0
        161
        255
          0
        154
         44
        122
        223
        163
          0
        255
        255
         69
          0
          0
        255
          0
         98
         63
         47
          0
          0
          0
          0
        255
        255
        255
          0
          0
         61
         18
          0
        142
        206
        255
        106
          0
        199
          0
          0
          0
          0
         40
        255
          0
          0
          0
        255
         77
        149
          0
        255
          0
          0
          0
        182
          0
          0
        245
          0
          0
        131
         20
         89
        131
          0
         21
        219
          0
         69
          0
         29
          0
          0
        121
          0
          0
          0
        255
          0
          7
          0
        172
        255
        138
          0
          0
         57
          0
          0
          0
        129
        204
          8
        247
         98
        166
          0
          5
          7
        170
          0
          0
          0
        135
        255
          0
        255
          0
         60
          0
          0
          0
          0
          0
        240
         16
          0
         59
        219
          0
          9
          0
          0
         80
        141
        255
          0
          0
          0
          0
          0
        112
        143
          0
          0
          0
          0
          0
        255
          0
        120
          0
         11
          0
         92
          0
        254
          0
          0
          0
        173
        255
          0
          0
          0
          0
         15
          0
          0
        255
          0
          0
          0
        157
        199
          0
         92
        211
          0
          0
          0
        129
        132
          0
        230
          0
          0
         87
        178
          0
         49
         72
          0
        255
        255
          0
          0
        204
          0
          0
          0
        153
          0
          0
          0
          0
        132
          0
          0
          0
          0
         22
        255
        190
          0
          0
         97
          0
         17
          0
          0
        255
          0
        188
         43
        124
          0
          0
        255
          0
          0
          0
          0
          0
          0
          0
         14
          0
          0
        234
          0
         37
         83
          0
        255
          8
         31
          0
          0
          0
          0
        255
          0
          0
          0
          0
        255
        139
        255
          0
          0
          0
          0
        255
          0
          0
          0
          0
        214
        107
         39
          0
         79
          0
        182
          0
          0
        135
          0
          0
          0
          0
          0
         73
        255
          0
          6
          0
        214
          0
         71
        243
        216
          0
          0
        195
          0
        183
          0
          0
         99
          1
          0
          0
          0
          0
          0
        211
          0
          7
         97
          0
          0
          0
          0
          0
        255
          0
          0
          0
          0
          0
          0
        255
          0
        209
        216
          0
          0
         88
          0
          0
          0
          0
          0
          0
          0
          0
          0
        173
        255
         91
         29
        255
         80
          0
         32
        225
        255
        231
          0
          0
          0
        255
        255
         80
        100
          0
          0
         27
          0
          0
          0
          0
         10
          0
          0
        255
        241
        181
          0
          0
          0
        237
        255
          0
          0
         45
          0
          0
        255
          0
        145
         33
          0
          0
          0
          0
          0
        223
          0
        182
          0
        105
          0
         81
          0
          0
          0
          0
        211
          0
          0
         34
          0
        255
         49
          0
         53
        154
          0
        255
        255
          0
         26
          0
          0
        255
        255
        203
         83
          0
         80
          0
          0
        134
          0
          0
          0
          0
          0
          0
          0
          0
         43
          0
          0
          0
          0
          0
        113
         68
         58
          0
          0
          0
         88
          0
        252
        255
        255
          0
        229
          0
          0
          0
         61
          0
         33
          0
          0
          0
        175
         49
        126
          0
        241
          0
          0
        245
          0
          0
        122
          3
          0
          0
          0
          0
         82
          0
          0
        255
        118
          0
          0
        134
          0
          0
          0
        255
         16
        255
          0
          0
        159
          0
          0
         64
        153
          0
          0
          0
        155
          0
        142
          0
          0
        255
          0
          0
         50
         99
          0
        255
          0
          0
        255
          0
          0
        207
          0
          0
          0
          1
        133
          0
        109
        157
        177
          0
          0
        190
        255
          0
          0
          0
        148
          0
        118
          0
        175
          0
        203
        173
          0
        255
        255
          0
        225
          0
          0
          0
          9
        132
         40
        185
         34
          0
          0
         62
        255
         59
         52
          0
        255
          0
        163
          0
          0
          0
        148
          0
        255
          0
         22
          0
         16
          0
        117
        255
          0
          4
          0
          0
         63
         65
          0
          0
          0
          0
          0
          9
        255
          0
        255
          0
        255
          0
         74
        255
          0
          0
        121
          0
        213
          0
         14
         50
        254
          0
         67
        255
          0
         55
          6
          0
          0
        130
        173
          0
         21
         69
          0
          0
          0
         66
        170
         16
          0
        158
          0
          0
          0
          0
        133
          0
          0
        130
        131
          0
        255
        231
        255
          0
          0
          0
        255
          0
        139
        225
          0
          0
          0
          0
        195
          0
         39
         94
        255
        140
          0
        248
        172
          0
        243
         23
         49
          0
         42
          0
        231
         40
          0
          0
        255
          0
        141
        255
         23
          0
          0
         45
          0
          0
          0
          0
          0
          0
          0
         17
          0
          0
          0
          0
          0
          0
          0
          0
        162
          0
          0
          0
          0
          0
          0
          0
         99
          0
          0
          0
          0
          0
         23
        221
          0
          0
          0
          0
        154
          0
        154
          0
          0
          0
          0
          0
         10
          0
        246
          0
         73
         87
          0
        110
          0
         28
         28
        170
          0
        168
          0
          0
          0
          0
          0
        164
          0
          0
          0
          0
          0
          0
         17
          0
          0
          0
        255
          0
          0
          0
         41
          0
          0
        255
          0
          0
         14
        112
        255
        255
        252
          0
          0
          0
          0
         67
          0
          0
          0
        156
          0
         75
          0
        140
        174
          0
        134
         65
        255
          0
          0
          0
          0
         87
         43
          0
          0
          0
         77
          0
        185
          0
          2
          0
          0
        175
          0
         99
         27
        255
          0
        173
          0
          5
          0
          0
          0
        157
          0
        169
          0
        176
         14
          0
          0
          0
          0
         60
        255
          0
          0
          0
        233
          0
          0
          0
          0
          0
        219
        153
          0
        255
          0
          0
          0
          0
          0
          0
          0
        141
          0
          0
          0
        133
        255
          0
        239
          0
          0
        144
        243
          0
          0
          0
        114
          0
          0
          0
        204
          0
          0
        155
          0
        233
          0
          0
          0
         77
          0
         44
        134
        106
          0
          0
          0
          0
          0
          0
        170
          0
          0
          0
        255
         31
          0
         92
          0
          0
          0
          0
          0
        255
         66
          0
          0
          0
          0
          0
         23
          0
         61
          0
        201
          0
          0
          0
          0
        105
        124
          0
        114
         93
          0
          9
          0
          0
          0
          0
        255
          0
          0
          0
          0
          0
          0
          0
          0
        125
          0
          0
          0
          0
          0
          0
        171
        130
         33
          0
          0
        116
         77
          0
         14
          0
          0
          0
        211
          0
         65
         76
        255
        255
          0
        251
          0
        158
          0
          0
          0
        255
          0
          0
          0
        121
        102
          0
        255
          0
        166
        200
        255
         78
          0
          0
         36
          0
          0
          0
         58
        208
         24
          0
          0
        204
          0
        122
        255
          0
          0
          0
          4
        248
         27
          0
          0
        162
          0
        255
          0
        152
        129
          0
        255
          0
          0
        255
          0
         47
          0
        255
          0
          0
         34
         90
         98
        255
          0
        125
          0
          0
          0
          0
          0
          0
          0
          0
         29
        122
         97
        171
          0
         29
          0
          0
         50
         57
          0
          0
          0
         81
          0
        255
          0
         17
         86
         19
        159
          0
        255
        127
        107
        189
          0
          0
          0
        255
         60
        255
          0
          0
         26
          0
          0
        133
          0
        108
        255
          0
          0
          0
          0
          0
          0
          0
         88
          0
         81
          0
         51
        255
        255
          0
        255
         75
        218
          0
          8
         81
          0
          0
         81
          0
         85
          0
          0
        111
          0
          0
        255
          0
          0
          0
          0
         50
          0
        118
          7
          0
        112
          0
        130
        255
          0
         39
        255
        255
         56
          0
          0
         16
         23
        255
          0
         41
          3
          0
          0
        182
        255
         35
        255
          0
          0
          0
          0
        130
          0
          0
          0
        105
          6
          0
        216
          0
          0
        255
          0
          0
          0
          0
          0
          0
         66
          0
         58
          0
          4
          0
          0
        143
          0
          0
        255
         30
        255
          0
          0
          0
          0
          0
          0
         21
          0
        102
        192
          0
          0
         55
          0
          1
         10
          0
          0
        100
          0
          0
          0
          0
          0
          0
          0
        144
          0
          0
        255
         61
          0
          0
         24
        136
          0
          0
          0
          0
          0
          0
        255
        255
          0
         16
          0
          0
        247
          0
          0
        219
          0
          0
          0
         15
         50
          0
          0
        153
          0
          0
        237
        144
          0
        255
         53
         19
          0
         62
          0
        255
         50
          0
         17
        255
        255
         42
          0
        255
        255
          0
        246
        255
        100
          0
         11
        106
          0
          0
          0
        137
          0
          0
         92
        144
