         69
          0
          0
        150
          0
          0
          0
          0
          0
          0
          2
          0
          0
         16
          0
         34
          0
          0
        109
         32
          0
        210
         11
          0
        200
          0
          0
         15
         31
          0
          0
         21
          0
        195
          0
          0
          0
        138
          0
          0
          0
          0
        123
          0
         32
          0
          0
         97
          0
          0
        255
          0
        138
        224
         79
          0
         69
          0
          0
         88
         46
          0
        255
          0
          0
          0
          0
          0
          0
          0
        255
          0
         30
          0
          0
          0
        255
          0
          0
          0
        107
          0
        255
          6
         80
         15
          0
          0
          0
          0
        173
        187
          6
          0
        255
          0
         95
        144
          0
         33
          0
          0
         40
          0
         79
          0
          0
         23
          0
          0
          0
         27
          0
        135
        255
         82
        154
        217
        214
        120
          0
         51
        179
          0
         23
          0
        255
          0
         61
         23
         19
          0
          0
          0
          0
        224
         30
        121
         61
        139
         91
        255
         12
          0
          0
          0
        129
         46
        136
         26
          0
        167
          0
        142
          0
        217
          4
         44
        255
        132
         92
          0
         22
        255
         75
         84
        255
         30
          0
        255
        115
        117
        255
         60
          0
        226
         60
        178
          0
          2
        131
         68
          0
        125
          0
          0
          0
          0
          0
         44
         39
          0
          0
        137
          0
        132
         71
         94
          0
        208
          0
        255
          0
          0
          0
          0
          0
         48
        106
          0
        255
         16
        101
          0
          0
         21
          0
          0
        181
         62
          0
         28
        255
          0
         38
          0
          0
          0
          0
          0
         46
          0
        133
        255
          0
          0
        255
          0
          0
          0
          0
          0
          0
          0
         35
        129
          0
          0
          6
         96
        220
         77
          0
        112
        255
          0
          0
         22
         22
        219
          0
         22
        255
          0
          0
          0
         56
        121
          7
         57
          0
          0
          0
         12
        144
         80
        110
        200
          0
        125
        169
         75
        225
        217
          4
         54
          0
          0
          0
          0
         63
          0
          0
          0
          0
          0
          0
        255
        112
         15
          0
          0
          0
         86
          0
        162
          0
          9
          0
          0
          0
         47
          0
          0
        126
         55
          0
          0
         59
          0
          0
         51
          0
          0
          0
        152
          0
        151
          0
          0
         14
          3
          0
          0
          0
         43
          0
          0
         18
          0
          0
          0
          0
         47
          0
        134
          0
          0
          0
          0
        255
          0
          0
          0
          0
          0
          0
          0
          0
          0
        105
          0
          0
        129
        255
          0
          0
        167
          0
          0
        113
          0
          0
        203
          0
          0
          0
         42
          0
         17
          1
          0
          0
          0
         25
          0
         75
         20
          0
         78
          0
         38
          0
        255
         65
          0
          0
          0
          8
        182
          0
          0
          0
          0
          0
          0
          0
          0
          0
        135
          0
          0
          0
          0
         59
          0
        122
          0
         59
          0
          0
         37
          0
          0
          0
          0
          0
          0
          0
          0
          0
          0
         77
          0
          0
          0
          0
          0
        206
          0
          0
          0
          0
          0
          0
          0
          0
        156
          0
          0
          0
          0
          0
          5
          0
        115
          0
        255
         26
          0
          0
         12
          0
        117
          5
          0
          0
          0
        148
          0
        179
          0
         28
        105
          0
          0
          0
          0
        255
          0
        104
          6
          0
          0
          0
          0
         22
         44
        113
        255
          0
          0
          0
          0
         52
        199
          0
        181
          0
          0
          6
          0
        255
          0
        116
          0
          0
          0
          0
         47
        255
          0
