         85
         91
          7
         22
        255
          0
        144
         75
          0
          0
          0
         33
          0
        102
        255
          0
          0
         33
          0
          0
        187
        131
         53
         77
          0
          0
          0
         42
         83
          0
         11
          0
        134
        255
         55
          0
          0
          0
         34
          0
          0
         79
          0
          0
         46
        155
          0
         48
        255
          0
          0
         27
         89
        192
         59
          0
          0
        202
          0
         29
         30
          0
          0
          0
          0
        150
        186
          0
          0
          0
         43
          0
          0
          0
        114
          0
         57
          0
         96
        109
        255
         30
          0
         80
          0
        113
          0
          0
          0
        255
        254
          0
         27
        224
          0
          0
          0
         56
        151
         51
         18
          0
          6
          0
        136
          0
        234
          0
         34
          0
        255
        112
          0
          0
         61
          0
         14
         35
         66
          0
        111
        255
         66
         12
          0
          0
          0
        145
          6
          0
         91
          0
          0
          0
          0
          6
         49
        241
          0
          0
         51
        136
          0
        122
          0
          0
          0
          0
         83
        237
          0
          0
          0
          0
          0
          0
         51
          0
          0
        255
        107
          0
        143
          0
         80
          0
         46
          0
          0
          0
         70
          0
         57
          0
        146
          4
        255
          0
          0
          0
         36
          0
          0
         12
          0
        255
         25
          0
          0
          0
          0
         53
         72
         28
         81
          0
          0
          0
        111
          0
          0
          0
        106
         55
          0
          0
          0
         16
         16
          0
          0
        100
          0
        215
        136
          0
          0
         89
          0
          7
         69
          0
          0
        255
          0
          0
          0
          0
          0
          0
          0
        182
         14
         77
        246
          0
          0
          0
          0
        108
        255
          0
         23
          0
          0
        200
          0
          0
         43
          0
        178
          0
         86
          0
         58
          0
          0
        193
         14
          0
        255
        135
        143
          0
          0
          0
          0
          0
        106
          0
        218
          0
          0
          0
         37
         52
         79
        231
        218
        255
        255
        255
          0
          0
         27
          0
        159
        213
          0
          0
         20
         45
          0
          0
        140
          0
          0
          0
        140
          0
          0
        133
         82
          6
          0
         22
        255
          0
          0
        248
         26
        243
          0
        148
          0
          0
          0
          0
          0
          0
          0
        255
          0
          0
        220
          0
         38
          0
          0
         27
          0
        165
          0
          0
          0
         51
          0
          0
          0
          0
        137
          0
         48
          0
         97
        217
        123
          0
         29
          7
        140
        255
          0
         25
        195
          0
          0
          0
        127
          0
         17
          0
          0
        146
          0
        168
          0
         50
          0
          0
          0
          0
        198
          0
        255
          0
        238
         47
          0
         39
          0
          0
          0
        102
          0
         49
          2
          0
         27
        219
        100
        128
        103
        191
        100
          0
        106
         25
          0
         81
          0
        114
        185
          0
          0
          4
          0
        254
          0
        255
          0
         29
         82
          0
          0
        255
        153
        247
         96
          0
          0
          0
         73
         11
          0
         89
          0
          0
          0
          0
        255
        106
          0
        113
          0
         27
        224
        114
          0
          0
          0
        255
        225
          0
         64
          0
          4
          0
          0
          0
          0
          0
          0
          0
          0
          0
        255
          0
        131
         68
          0
          0
          0
        129
         74
          0
          0
          0
        113
          0
        114
          0
          0
          0
          0
          0
         80
         30
          0
        243
          0
        255
         51
          0
          0
          0
          0
        146
        171
          0
          0
          0
         47
         64
         49
          0
        255
          0
          0
          0
         96
          0
          0
          0
        127
          0
          0
          0
          0
          0
          7
          0
          0
          0
          7
          0
        181
         37
          0
         20
          0
        255
          0
          0
        118
          0
          4
          0
          0
          0
          0
          0
         69
          0
         38
          0
          0
         33
         39
          0
         21
        127
        135
         37
        145
          0
        123
          0
          0
          9
          8
          0
          0
          0
          0
         16
          0
        161
          0
         89
        255
          7
          0
          0
        209
         72
        255
        220
         40
          3
         46
          0
         60
          0
          0
        184
        148
          0
         13
          0
         67
          0
         53
          0
        255
        179
          0
        155
          0
         68
         12
        129
        153
          0
         27
          0
        144
          0
         25
          0
          0
        255
         39
         40
         33
          0
          0
         70
          0
          0
        103
          0
          0
          0
         43
          0
        207
          0
        213
         40
          0
         47
          0
         72
        255
          0
        181
          0
        204
          0
          0
          0
          0
        255
          0
          0
         51
          0
          0
         80
        192
         60
          0
         16
          0
        233
         57
          0
        255
          0
        255
         70
          0
         78
          0
          0
        255
         64
          0
         80
          0
          0
         27
        201
        255
        231
          0
          0
         57
          0
        217
          0
          0
        218
        112
         80
          0
          0
          0
         71
          0
         90
          0
        189
          0
          0
          0
        140
          0
         43
         86
          0
          0
          0
         72
          0
        230
        255
          0
          0
         16
          0
          0
          0
          0
          8
         97
         62
          0
          0
         34
          0
          0
          0
          0
        117
          0
          0
          0
         79
          0
          0
          0
          0
          0
          0
        151
          0
          0
          0
          0
          0
         60
          0
          0
          0
        132
        255
          0
         52
        130
          0
          0
          0
        255
          0
          0
         22
         19
        103
         44
         70
        255
         33
          0
         91
          0
        180
          0
          0
          0
          0
          0
          0
          0
          0
          0
          0
          0
          0
         69
         71
        203
          0
        126
        146
        255
          0
          0
        134
        109
          0
        195
          0
          0
          1
          0
          0
        121
         51
        148
        165
        101
          0
          0
          0
         48
          0
         14
          0
        119
          0
        197
         61
          0
          0
         83
          0
          0
          0
         42
          0
          0
          9
          0
        103
        216
          0
          0
          0
        176
          0
          0
          0
        108
          0
          0
         61
         38
          0
          0
          0
          0
        201
         49
          7
        130
        255
         32
          0
        193
          0
          0
         40
          0
         20
          0
          0
          0
          0
          0
         69
        163
          0
        134
        255
          0
          0
          0
          0
          0
          0
          0
          0
        169
          0
          0
          0
          0
          0
          0
         13
        255
          0
         64
          0
          0
         16
        255
          0
          0
         81
          0
          0
        141
          0
        217
         70
          0
          0
        125
          0
         40
         68
          0
          0
          0
          0
         13
         11
          0
          0
         46
         98
          0
          0
        173
         53
          0
        159
          0
          0
        190
          0
          2
         82
         87
          0
        107
        241
         99
          0
         67
          0
          0
        211
          0
          0
          0
          0
         66
         28
         47
        182
          2
          0
          0
         57
         64
         16
         98
          0
        255
          0
          0
          0
        255
          0
          0
          0
         41
          0
        156
        228
          0
          0
          0
          0
          0
          0
          0
        184
          3
         35
          0
        189
        121
          0
          0
        212
        145
          0
          0
          0
          0
          0
          0
          0
          0
         19
          0
        160
          0
          0
         98
         69
          0
          0
          0
        190
          9
        255
          0
         52
         38
          0
         43
          0
         79
          0
        255
          0
          0
          0
          0
          7
         76
          0
        255
          0
          0
         62
          0
         51
          0
        255
        127
          0
         36
         57
          0
          0
          0
          3
          0
        255
          8
         23
        255
         66
          0
          0
          0
          3
          0
          0
          0
          0
          0
          0
        255
         22
          0
         17
          0
          0
        133
          0
          0
          0
         91
          0
         46
        137
        191
         55
          0
          0
         88
          0
          0
        238
          6
          0
          0
          0
        255
         40
          0
          0
          0
         82
          0
          0
         39
         85
         64
        194
          0
          0
         58
        131
          0
          0
          0
          0
          0
          0
          0
          0
        153
         68
         94
        102
         58
          0
          0
        254
        209
          0
          0
          0
        130
          0
        255
          0
          0
          0
         35
        236
         53
         43
          0
          0
          0
          0
          0
         60
          0
          0
        174
        255
          1
          0
        102
        223
         44
          0
          0
          0
          0
         27
        133
        176
          0
        101
          0
          0
          0
         73
          0
          0
          7
          0
         17
        255
         56
          0
          0
          0
        219
          0
          0
        250
        116
         13
        255
          0
          4
          0
          0
          9
          0
          0
          0
        178
          0
        133
        255
          0
        167
        102
        204
        147
          0
        255
          0
         63
        137
         13
          0
          0
          0
          0
          0
         49
          3
          0
          0
        253
          0
          0
          0
         71
         33
          0
          0
          0
          0
          0
        255
          0
          0
          0
          0
        241
          0
          0
          0
        255
        133
          0
         55
         28
         73
        121
         92
          0
        153
          0
          0
          0
         25
        194
          0
          0
         98
          0
         44
          0
          0
          0
          0
        115
          0
        112
        207
          0
         26
          0
          0
          0
          0
          0
         86
         37
          0
        159
         90
          0
         19
          0
         46
         91
          0
        156
        101
        159
          0
          0
         56
        182
          0
          0
        255
        106
          0
          0
        197
        253
          0
          0
          0
          0
         45
          0
          4
          0
          0
          0
          0
          0
          0
          0
        148
          0
          0
          0
          0
        170
          0
          0
          0
         53
          0
          0
          0
          9
          0
          3
         25
          0
        255
          0
          0
        255
          0
          0
         71
          0
         41
         50
         60
         77
          2
          0
          0
          0
        137
          0
          0
        241
        255
         58
        132
          0
        255
          0
          0
         28
          0
         83
          0
        105
          0
        119
          0
        255
          0
          0
         40
        216
        244
          0
          0
          0
        118
          0
        255
        176
         27
          0
        255
          0
        124
          0
          0
         90
          0
        122
          2
          3
        255
         76
        225
         72
          0
         81
        255
          0
          0
          0
         39
        215
          0
          0
          0
        136
          0
          0
          0
        166
          0
          0
        255
          0
        196
          0
         13
        126
          0
        123
          0
          0
          0
        104
          0
         69
         51
         63
          0
        255
          0
          0
         28
          0
        229
          0
         20
          0
          0
          0
          0
          0
         48
        102
        205
        153
        132
          0
          0
          0
          0
         91
          0
          9
          0
        113
          0
        163
        240
        251
          0
        255
        193
         21
         37
        146
          0
        255
          0
          0
        200
         58
          0
        255
          0
         69
          0
          0
          0
          0
         48
          0
          0
         69
         23
        108
          0
         95
        191
          0
        253
          0
          0
        255
          0
         22
         18
          0
          0
          0
        105
          0
        208
         21
        193
          0
        121
          0
          0
        141
         34
          0
          0
          0
         26
          0
          0
         42
        204
          0
         49
          0
          0
          0
         72
        239
        255
          0
         34
          0
          0
          0
          0
          0
        137
         75
        195
          0
        143
        158
          0
          0
        200
          0
         58
          0
          0
          0
        179
          0
          0
         99
        194
        224
          0
         59
          0
          0
          0
          0
          0
        179
          0
        255
          0
          0
          0
          0
          0
          0
        151
         33
          0
          0
          0
         14
          0
         72
          0
          0
        255
         17
          0
          0
        148
         88
        166
          0
          0
        255
          0
          0
         63
          0
          0
          0
         91
        255
          0
         84
        255
        147
         33
         56
        115
         23
         65
        154
          0
          0
          0
        111
         30
          0
          0
          0
          0
          0
          0
          0
         46
        255
         47
          0
          0
        216
          0
          0
         35
        222
         41
         36
          0
          0
         39
          5
          0
          0
          0
          0
          0
          0
          0
          0
        255
          0
          0
          0
        187
         22
          0
        217
          3
         55
          0
         41
         56
          0
         67
        255
        115
          0
        112
          0
          0
          0
         26
         60
          0
          0
        255
          0
          0
          0
        255
         66
          0
          0
        253
          0
        156
         86
        159
          0
        103
        255
        209
          0
          0
        138
          0
          0
          0
        255
        144
         46
        255
          0
          8
          0
          0
        143
        194
         71
          0
         47
          0
         52
          0
         99
          0
          0
        113
          0
         87
          0
          0
          0
          0
         39
          0
        146
         52
        255
        129
          0
        182
         12
          0
        177
         74
         28
          0
          0
        101
        139
          0
          0
          0
          0
          0
        104
          0
         29
        131
        218
          0
          0
         37
         27
          0
          0
         44
          0
          0
          0
        124
        255
         34
          0
          0
          0
         59
          0
          0
          0
         54
        125
        135
        169
        255
        100
          0
          0
          0
          0
        137
          0
         16
          0
          0
          0
         46
          0
         61
          0
          0
          0
          0
          0
        123
          7
        255
          0
          0
        151
          0
          0
        224
          0
          0
          0
         23
          0
        110
          0
          0
         39
        192
          0
        255
          0
          0
          0
        213
          2
          0
          0
          0
          0
          0
          0
          0
         81
          0
        164
          0
          0
        137
          0
          0
        128
          0
          0
          0
         30
          0
          0
          0
        111
          0
          0
        255
          0
          0
         37
        150
          0
         89
          0
          0
          0
          0
         54
          0
         24
          0
          0
          0
        103
          0
         52
          0
          0
        105
          0
          0
          8
          0
        102
          0
          0
         50
        109
          0
          0
          0
          0
        195
          0
          0
          0
          0
        198
        194
          0
          0
         55
         72
        153
          0
          0
         58
          0
          0
        185
        138
        172
         18
          0
          0
          0
        231
          0
         57
        152
          0
          0
          0
          0
          0
         17
          0
          0
          0
        255
          0
          0
          0
          7
          0
          0
          0
        127
          0
          0
         31
         86
         21
          0
          0
         19
          0
          0
          0
          0
        178
        150
          0
          0
          0
          0
          0
          0
          0
        203
          0
         74
          0
          0
          0
          0
          0
         16
         15
          0
        201
          0
         93
          0
        108
         86
          0
         35
          0
          0
          0
          0
        138
          0
        181
        255
          0
        115
         41
         44
          0
        101
          0
        255
        185
          0
          0
          0
        255
          0
          0
         40
          0
          0
          0
        107
         22
          0
          0
          0
          0
         59
          0
          0
        190
         68
        255
          0
          0
          0
        108
         37
          0
        172
          0
        105
          0
          0
          0
         93
          0
         20
         51
          0
          0
          0
          0
          0
         47
          0
          0
          0
          0
         97
         48
          0
          0
          0
          0
          0
         94
          0
          0
          0
         34
        217
          0
        255
         20
        168
          0
         89
        255
         26
         31
          0
          0
          0
         18
          0
        121
        115
          0
          0
          0
          0
        149
         71
        139
          0
        255
          0
         36
          0
         92
          2
         47
          0
          0
          6
