         25
          0
          6
          0
          0
         63
          0
         61
          0
         25
          3
         42
          0
          0
        213
          0
        128
          0
        139
        140
         57
          0
          0
          0
          0
          0
         23
          0
         37
          0
          0
          0
         54
          0
          0
         66
          0
          0
          0
        121
          0
         56
        114
          0
        169
        125
          0
        255
        204
          0
        162
          0
         61
        106
        171
          0
          0
          0
          2
          0
          0
          0
        187
        182
          0
         41
          0
        161
        255
          0
          0
         69
          0
         26
          0
         68
         12
         64
          3
        255
        245
        193
        134
          0
         39
          0
          0
          0
          0
          0
          0
        200
        255
          0
        255
         88
         11
          3
         59
        196
         13
          5
          0
          0
          0
        146
          0
          0
         82
         58
          0
          0
         92
          0
        128
          0
        143
         32
         30
        112
          0
         26
          1
        110
         50
          0
        255
          0
          0
          0
        255
         38
        142
        232
          0
          0
          0
        151
          0
         80
         30
        178
         63
        255
          0
        177
          0
          0
        114
         99
          0
          0
        218
        113
        139
          0
         74
          0
          0
          0
          0
          8
        255
        228
        117
          0
         56
          0
        202
         86
          0
         90
        190
          0
          0
        255
          0
          0
          0
        185
          0
          0
        128
         77
         82
        118
          0
          0
        255
          0
          0
          8
          0
          0
        171
          0
        170
          0
          0
         43
          0
         68
          0
         96
          0
        111
          0
          0
         11
          0
          0
          0
        110
          0
        162
        213
        154
          0
          0
          0
          0
          0
          0
         65
          0
          0
          0
          0
        153
          0
          0
        125
          0
          0
        117
          0
         36
        154
          0
          0
          0
          0
          0
          0
          0
         96
         22
        154
          0
          0
          0
         51
          0
          0
         45
          0
          0
          6
          0
         15
          0
          0
         38
          0
         61
          0
         22
         88
         34
          0
          0
          0
          0
          0
          0
          0
         69
        102
        142
          0
        132
        108
          0
          0
          0
          0
        255
        133
         34
          0
          0
          0
         51
          0
         19
          0
         72
          0
          0
         50
          0
         83
          0
          0
        255
          0
          0
        200
        102
          0
        113
          0
         82
        150
          0
        240
        255
        232
        255
         93
         24
          0
          0
          0
        255
          0
          0
        122
          0
         74
         49
         27
          0
        104
         55
        112
          0
        172
          0
          0
        161
          0
        170
          5
        221
          0
         76
        168
          0
          2
          0
          0
         12
          0
          0
        139
         93
        238
          0
          0
        255
          7
         80
        128
          0
        139
          0
        127
          0
          0
          0
          0
          8
         63
         55
         55
        192
          0
        139
        137
          0
          0
        160
          0
          0
          0
          0
         24
          0
          0
          0
          9
        255
        181
         74
          0
          0
          0
        163
          0
          0
          6
         10
         84
          0
         94
        129
         36
          0
          0
          0
          0
          0
          0
        229
         74
          0
          0
          0
          0
          0
          0
         94
          0
          9
         47
         76
          0
          0
        149
          0
          0
          0
          0
          0
          0
         37
         84
        134
          0
         92
          0
          0
          0
        242
          0
        107
          0
          0
          0
          0
          0
          0
          0
         70
          0
          0
          0
         60
          0
          0
        154
        140
        255
          0
         51
          0
          0
         35
        103
        167
         65
        145
         75
         26
          0
        255
          0
        233
         52
          0
          0
        249
          0
          0
          0
         72
        127
          0
        180
          0
          0
          0
          0
          0
        255
          0
          8
          0
         33
         41
         41
         15
          0
          0
          0
          0
        181
          0
          0
          4
        116
