        106
          0
          0
          0
        164
          0
        107
          0
          0
        232
          0
        168
         23
        235
        155
          0
        106
         65
          0
          0
        255
          8
          8
        147
          0
          0
         23
          0
        255
          0
        105
          0
         65
          0
        110
         49
         34
        114
         19
          0
          0
        132
          0
          0
         52
         63
         82
          0
        142
          0
        120
          0
        255
        255
        159
        119
         67
          0
         69
          0
          0
          0
        100
          0
         79
          0
          0
         74
        128
        106
         45
         36
          0
        181
          0
        185
         96
          0
         23
        181
        105
          0
        107
        192
        255
          0
          0
          0
          0
        255
          0
          0
        255
          0
        103
        106
         67
          0
        108
        255
        157
        163
          0
          0
          3
        140
          0
          0
          0
         34
        111
        255
        122
         48
          0
          0
          0
          0
          0
        199
          0
          0
          0
          0
          0
        112
         52
         31
         77
          0
         85
         12
        113
        131
         52
         97
          0
          0
          0
          0
          0
        194
        187
          0
          0
          0
          0
        118
        255
          0
        166
         80
          0
          0
          0
          0
        255
          0
        117
         67
         55
          0
          0
         81
         14
         20
          0
         23
          0
        174
          0
          0
          0
        116
         87
          0
          0
          0
          0
          0
          0
          0
          0
         77
          0
          0
         19
          0
          0
          7
         77
          0
          0
          0
         79
         71
         97
         75
          0
         38
          0
        116
         39
          0
          0
        211
         19
        255
         54
          0
         38
          0
        255
        255
        158
         52
         36
          0
          0
         53
        255
        118
         25
          0
         56
         68
         12
          0
          0
         68
          0
        117
          3
        119
         11
        255
        136
          0
          5
        255
          0
          0
         16
        199
        255
        255
          0
         82
          0
        172
         72
         63
        255
          0
        148
          0
         68
         70
        176
        149
        138
         97
        115
        120
          0
          0
          0
          0
        168
         81
        108
          0
         50
          0
          0
         54
          0
          0
         72
        129
          0
          0
          0
          0
          0
         16
         60
          4
          0
          0
          0
         92
          0
          0
        148
          0
          5
          3
          0
        255
         35
         28
         30
          0
          0
         64
          0
          0
        125
        206
          0
          0
          0
         61
          0
          0
        255
        127
        101
          0
        152
          0
          0
          0
        112
          0
        117
         58
          0
        206
         19
          0
         79
         44
          4
        255
          0
          2
          0
          0
         48
        255
         77
         61
          0
        134
         46
         35
        255
        100
         10
          0
          0
          0
          0
          0
        153
         50
         91
         61
          0
        177
         43
          0
          0
          0
        184
          0
          0
        116
          0
        205
        255
        255
          0
        126
          0
        255
          3
         49
        223
        101
          0
          0
          0
          0
        146
          0
        138
         34
         70
        116
          0
        205
          0
          0
          0
        202
        171
          0
         48
          0
          0
         69
          0
          0
         50
         14
          0
         96
         15
          0
        255
        144
         40
          0
         66
         14
         28
        255
         55
         25
          0
          0
         13
          0
          0
          0
          0
         68
          0
        131
          0
         51
          0
          1
          0
          0
         50
         53
         74
          0
         24
         10
        255
        130
         43
          0
          0
        122
          0
          0
        204
          3
        139
         34
          0
        135
         29
          0
          0
        136
        178
        112
        144
          0
          0
        195
        255
          0
        125
         50
          0
        237
          0
          0
          0
          0
         58
         79
         84
         23
         26
         24
        100
         82
         68
          0
         53
         19
          0
         38
        177
          0
         73
          0
          0
          0
        113
          0
          0
        255
          0
        152
          0
         44
          0
          0
        255
         75
        103
          0
