          0
          0
        255
        255
          0
        255
          0
        255
        255
          0
        122
          0
          0
        255
        183
          0
          0
          0
          0
          0
        103
          0
        223
          0
          0
          3
        255
          0
        143
          0
          0
          0
          0
          0
          0
        255
          0
          0
          0
          0
        255
          0
          0
        225
          0
        167
        126
          0
          0
        255
          0
        179
          6
         24
          0
        198
        237
         29
        255
          0
          0
          0
          0
          0
         58
          0
          0
          0
          7
          0
        255
          0
        168
          0
         67
        254
          0
        127
          0
          0
        164
        255
          0
         42
          0
          2
          0
         30
          0
          0
          0
          0
          0
          0
          0
          0
          0
          8
        163
          0
         52
        255
          0
          0
          0
          0
          0
          0
          0
        125
          0
        115
         58
        255
         71
        161
         17
          0
          0
          9
        181
          1
          0
          0
        163
          0
          0
          0
        100
          0
          0
          0
          0
          0
        255
          0
        139
          0
          0
          0
          0
        196
          0
         20
         64
          0
        103
         55
         62
         89
         75
         77
          0
          0
          0
          0
        254
          0
          0
          0
        205
        116
          0
          0
         89
        255
        255
         17
        142
          0
          0
        241
          0
        162
          0
          0
          0
        137
          0
         47
          0
          0
        129
          0
          0
          0
          0
          0
          0
         11
          0
          0
          0
          0
        181
          0
        139
          0
          0
          0
        229
        243
          0
          0
          0
        147
          0
          0
          0
        255
          0
          0
          0
          0
        154
          0
          0
          0
          0
          0
          0
          0
          0
          0
          0
          0
          0
        255
        243
          0
          0
          0
        182
          0
         44
        216
          0
          0
          0
        118
          0
          0
          0
         30
          0
        219
         99
        213
         19
          0
        255
          0
        255
          0
          0
          0
          0
          0
          0
          0
          0
        201
          0
        255
        255
          0
         15
        255
         93
          0
          0
        131
          0
         44
        140
          6
          0
          0
          0
          0
        189
        127
        255
         38
         93
          0
        227
          0
          0
         47
          0
        255
          5
          0
        136
        223
        255
        255
          0
        255
          0
          0
        104
          4
          0
          0
        103
         23
          0
          5
        176
        117
        255
         64
        255
          0
        199
          0
          0
         46
         97
          0
        159
          0
          0
          0
          0
        251
          0
          0
          0
        153
        252
        255
          0
          0
          0
        255
          0
          0
          0
        164
        120
          0
        255
          0
          0
          0
        185
        127
          0
         48
          0
          0
        139
        255
          0
          0
          0
          0
        255
          0
        116
          0
        255
        137
          0
          0
          0
          0
         32
          0
         54
        126
        192
         55
          0
        105
        255
         50
          0
        222
          0
          0
         68
          0
          0
          0
        253
        255
          0
        255
          0
          0
          0
         30
        255
        142
          0
          0
          0
          0
        148
          0
          0
          0
         65
        186
        229
          0
        255
         90
         25
          0
          0
          0
          0
          0
        255
        176
          0
          0
          0
          0
          8
          0
          0
        255
          0
        255
          0
          0
        102
          0
        157
          0
        165
          0
        175
        255
        245
          0
          0
         30
         91
          0
        133
          0
          0
          0
          4
          0
          0
          0
         25
          0
          0
          0
          0
          0
          0
        243
          0
          0
          0
        217
          0
         79
          0
          0
        168
          0
        255
          0
          0
          0
        255
          0
          0
        136
         63
         14
          0
          0
          0
         50
         89
        255
        255
        173
         33
        121
          0
          0
        123
        116
          0
        255
          0
          0
        155
          0
         68
          0
          0
         29
        255
          0
        119
          0
         59
         26
          0
          0
        255
          0
          0
        230
          0
          0
          0
        255
        141
        255
          0
          0
          0
         76
          0
         30
          0
          0
          0
          0
          0
         35
          0
          0
        255
        152
          0
          0
         91
          0
         69
         79
          0
        255
          0
        255
          0
        255
        255
          0
         16
          0
        255
        178
          4
          0
          0
          0
          0
        233
          0
        152
          0
        175
          0
         80
        255
          0
          0
          0
         12
         54
          0
          0
          0
        195
         15
          0
        141
          0
        255
         49
        136
        220
          0
        255
         31
         60
          0
          0
          0
          0
         79
          0
          0
         61
          0
         88
        255
          0
        255
        170
        227
         46
        172
        123
          0
         86
          0
          0
        255
        130
        255
         91
          0
        255
          0
          0
          0
          0
         69
          0
        114
          0
         85
          0
          0
        249
        255
        106
          0
          0
          0
        205
          0
          0
          0
         39
        255
        182
        242
          0
          0
          0
        147
        163
          0
        131
          0
         86
          0
          0
          0
          0
         66
          0
        120
        168
        190
          0
        255
          0
          0
          0
        255
        209
          0
         61
         39
          3
          0
          0
        158
          0
          0
        255
        131
          0
          0
         47
          0
        254
          3
          0
         73
          0
        132
        222
        155
        181
          0
        252
          0
          0
          0
         34
          0
        179
          0
        172
        112
         65
        135
         35
         13
        255
          0
        255
        174
          0
          0
        255
          0
        255
        142
         19
        166
          0
          0
          0
          0
        182
          0
          0
        255
         44
        255
        255
        209
        109
          0
        155
        232
          0
        121
          0
         26
          0
         64
          0
          0
        255
          0
        255
         57
        255
         94
        162
          0
        255
         81
        235
          0
        255
          0
          0
        255
         37
        255
          0
         53
          0
          0
         92
          0
          0
          8
          0
          0
        255
          0
          0
        255
          0
        144
        206
          0
          0
          0
        132
         84
        124
          0
         52
          0
          0
          0
          0
         17
          0
        255
        160
        255
          0
          0
        199
        171
          0
          0
        255
          0
        255
          0
        255
        255
        255
          0
          0
          0
        223
          0
          0
         84
          0
        128
        119
          0
         20
          0
        245
        255
          0
        255
         17
        255
          0
          0
        144
          0
         23
          0
        255
          0
          0
          0
          0
          0
         90
        131
          0
          0
        210
          0
          7
          0
        255
        135
          0
        216
          0
          0
         39
        255
          0
        247
          0
        138
        198
        255
         88
         91
          0
          0
        255
          0
          0
          0
        157
        255
        255
          1
        152
          0
          0
         31
          0
        114
        255
          0
          0
          0
          0
          0
         88
        255
          0
          0
          0
          0
         34
         66
          0
          0
          0
          0
          0
          0
        255
          0
          0
         95
          0
         83
        201
        255
        168
          0
          0
          0
          0
         77
          0
          0
        197
        157
        166
        231
        134
        255
          0
        157
        137
         95
          0
         75
          0
          0
          0
          0
        255
          0
         20
         42
          0
          0
        255
        255
        105
         68
         36
         60
        255
         97
          0
        177
        172
        143
          0
          0
          0
        255
          0
        255
          0
          0
         91
        190
          0
         19
        255
          0
        204
          0
          0
        255
        255
         20
          0
          0
        224
          0
          0
          0
        255
         97
          0
        164
          0
        205
          0
          1
          0
          0
          0
         43
          0
         95
         48
        248
          0
          0
          0
        172
          6
          0
          0
         42
          0
          0
        187
         19
          0
        132
         48
         93
        255
          0
        166
          0
          0
          0
          0
          0
          4
        255
          0
        139
          0
          0
         67
          0
          0
          0
        255
          0
        255
          0
        255
          0
          0
        134
        183
          0
          0
          0
         95
          0
         84
          0
          0
          0
          0
          0
         66
          0
          0
          0
         89
        155
         15
        183
        156
        172
          0
          0
         64
        191
        244
          0
         77
          0
          0
          0
          0
          0
        255
          0
          0
          0
          0
        121
         76
          0
         38
         70
        255
          0
          0
          0
        255
         12
          0
         38
         13
          0
          0
         13
        136
          0
          0
        255
        255
        255
          0
          0
        219
        255
        239
          0
          0
          0
        255
          0
          1
          0
        112
         34
        158
        255
          0
          0
          0
         44
        233
          0
         98
        134
          0
        242
          0
          0
          0
        255
          0
        255
          0
          0
          0
          0
         75
          0
          0
          0
         56
         63
        178
          0
          0
        103
         14
          0
          0
          0
          0
        105
        128
        223
         77
         98
          0
          0
        202
          0
         56
          0
          0
        255
          0
          0
          0
          0
        181
          0
         32
          0
        255
         54
          0
        229
         18
          0
          0
          0
          0
        255
        231
        193
          0
        228
          0
        175
         16
          0
        205
          0
        170
          0
        165
        255
          0
        124
        196
         15
        236
        107
         65
         86
        255
          0
          0
          0
        140
          0
        160
        255
          0
         58
         63
          0
          0
        240
          0
        109
          0
        167
        255
          0
          0
          0
        255
         21
          0
          0
        128
         60
        132
          0
          0
          0
        255
          0
        239
          0
          0
         77
        153
          0
          0
        190
        255
         23
        220
         89
          0
        135
          0
        165
          0
          0
         52
          0
        255
         18
         15
          0
          1
        138
          0
        165
         69
          0
          0
         97
        236
          0
         91
          0
        222
         22
         12
        255
          0
          1
          0
          0
        115
        255
          0
          0
          0
          0
        247
          0
          0
          0
        255
         83
        246
          0
          0
          0
         82
         70
         50
          0
          0
         12
          0
          0
          0
        154
         16
          0
          0
          0
         45
        123
          0
          0
          0
          0
        255
          0
          0
          0
        158
        243
          0
          0
        248
          0
        210
          0
          0
          0
        255
        128
        176
          0
        155
          0
        155
        255
         46
         34
         31
          0
        241
          4
          0
        177
          0
          0
          0
        181
          0
          0
         49
          0
         39
          0
        239
        124
        149
          0
        102
          0
        185
          6
        224
        188
          0
         88
          0
        255
         26
          0
        162
          0
         91
        149
          0
         71
         13
          0
          0
          0
        255
          0
          0
        255
          0
          0
        255
          0
        104
          0
         16
          0
        255
          0
        182
        237
        116
         27
          0
        136
          0
        255
         32
        225
        120
        255
        176
        145
         16
        255
        255
          0
        184
          0
          0
        195
        255
          0
        186
          0
        165
          0
        174
          0
        255
        107
          0
          0
          0
        222
         11
        255
          0
          4
         97
         77
          0
        147
          0
          0
         65
          0
        255
         38
        255
          0
         52
          0
          0
          0
        203
          0
        218
          0
         26
          0
        255
         93
          0
          0
          0
        116
          0
          0
        137
        255
          0
          0
          9
         43
         99
          0
         79
          0
        255
        109
          0
          0
          0
        255
          0
          0
        134
          0
        191
          0
         94
          0
        255
         43
         43
          0
         82
          0
          0
        152
         57
        255
          0
          0
        102
        255
        164
        164
          0
          0
          0
         78
        103
          0
        255
         50
        174
         29
         23
          0
          0
          0
         21
          0
          0
          0
        249
          0
        219
          0
          0
          0
        136
        152
          0
        201
          0
          0
          1
          0
          0
          0
          0
          0
          0
          0
          0
          0
          0
         63
          0
        161
        255
        129
        134
          1
          0
          0
        158
          0
          0
         47
          0
          0
        103
        119
          0
        255
          0
         79
          0
          0
          7
         88
        194
          0
          0
        255
        236
          0
          0
          0
         61
          0
        255
          0
          0
          0
         74
         45
          0
          0
        157
          0
          0
        255
        138
        255
          0
        203
          0
        158
         79
        235
          0
         38
          0
          0
          0
          0
         79
          0
          0
         74
          0
        255
        208
          0
         90
          0
        225
         89
        186
          0
        212
          0
        255
        183
         56
        255
         36
        108
        225
          0
          0
         66
          0
          0
        119
         34
        255
          0
          0
        255
        109
          0
          0
          0
        151
        107
          0
          0
          0
         15
         31
          0
          0
         78
          0
         64
         18
          0
         38
        153
         76
          0
          0
        179
          0
          0
        255
          0
        255
          0
          0
        255
          0
          0
          0
          0
        155
          0
         78
          0
          0
         19
          0
          0
         97
         90
          0
          0
         24
        255
          0
        179
         53
          0
         19
         16
          0
          0
        186
          0
        230
          0
          0
        255
        180
          0
        255
          0
         31
          0
         24
         53
        255
          0
          0
        126
        204
         30
          0
        115
          0
        255
        117
        205
          0
          0
          0
          0
          0
         67
          0
          0
          0
        255
        255
        181
         48
          0
          0
        221
        126
          0
         20
         70
        255
        129
         43
          0
        137
         19
          0
        255
          0
         74
        255
        255
        109
         63
          0
        223
          0
          0
          0
         29
        108
        133
          0
        255
         41
         34
        215
        116
        211
          0
        111
          0
        255
        115
        108
          0
        219
          0
        104
        253
          0
          0
          0
         66
         28
          0
          0
          0
         35
          0
         39
          0
         48
          0
          0
        255
          0
        106
          0
        255
          0
        101
          0
         24
          0
        122
          0
          0
          0
          0
          0
        149
         43
        219
        107
         74
        255
        242
          0
        118
         85
          0
        255
        205
          0
         73
         49
          0
        255
          0
          0
        234
         22
          0
          0
          0
        248
          0
          0
        206
        131
          0
         45
        255
          0
          0
         32
          0
          0
         89
          0
        184
         42
          0
        255
        136
          0
        108
          0
          0
          0
          0
          0
          0
         77
          0
         94
         67
        255
         13
          0
          0
        226
        170
          0
          0
          0
          0
         36
          0
          0
          0
          0
          0
         32
          0
         81
          0
          0
         45
        255
        226
          0
          0
          0
          0
          0
        121
          0
          0
        255
          0
          0
        255
         10
        144
          0
          0
         44
          0
        240
          0
          0
        169
          0
          0
         33
          0
          0
          0
          0
         40
          0
          0
        138
          0
          0
          0
          6
         37
          0
          0
        255
         55
          0
        181
        238
        200
          0
          0
         80
          0
        121
        137
          0
        255
        131
        121
         76
          0
          0
        255
          0
         93
          0
        246
          0
          0
         62
          0
         27
          0
         24
          0
        157
          0
          0
        255
        146
         48
         14
        255
         97
        255
          0
          0
         65
        128
          0
          0
          0
         17
          0
        255
        151
         58
          0
          0
          0
          0
         52
          0
          0
          0
          6
          0
        255
          0
          0
          0
        130
          0
        202
        255
         34
          0
        141
          0
        129
        133
          0
         13
         17
          0
          0
        255
        231
        153
          0
        196
         30
         63
          0
        216
         51
          0
        123
          0
        255
          0
         33
          0
         90
          0
        185
          0
        119
          0
          0
          0
          0
          0
        201
