          0
          0
          0
          0
          0
          0
        255
          0
        202
          0
          0
          0
          0
          0
          0
        255
          0
          0
          0
         15
          0
         30
          0
          0
         23
        255
          0
          0
        255
          0
          5
         74
          0
          0
        134
          0
        160
          0
          0
        132
        154
          0
         72
          0
         93
         87
         51
          0
          0
          0
          0
          0
          0
         93
          0
        109
          0
          0
          0
        255
        230
         32
          0
          0
          0
          0
          0
          0
          0
          0
         71
          0
        142
          0
         51
          0
         83
         76
          0
        255
          0
          0
          0
          0
          0
          0
          0
         59
        255
          0
        104
          0
          0
        156
         40
          0
          0
          0
        175
          0
          0
          0
          0
        191
        169
        121
         11
        189
        157
          0
          0
        255
          0
          0
          0
          0
          0
         69
          0
        255
          0
          0
          0
          0
          0
         79
        178
         67
         54
          0
          0
          0
          0
          0
          0
         55
         47
          0
          0
          0
         10
          0
          0
        255
        255
          0
         24
        196
         10
         68
        255
        137
          0
          0
          0
        255
          0
         74
         49
          0
          0
          0
        122
          0
          0
        108
          0
          0
         22
          0
          0
        255
          0
          0
          0
          0
          0
          0
          0
          0
         39
         99
          9
        212
        255
          0
          0
        255
          0
         86
        255
         50
        170
          0
          0
          0
          0
          0
          0
         22
         96
         89
         60
          0
          0
          0
          0
          0
          0
          0
          0
          0
          0
         28
        127
          0
          0
          0
          0
        255
          0
          0
        181
          0
          0
          0
          0
          0
          0
        255
          0
          0
          0
         46
        155
        162
          3
          0
          0
        188
          0
         19
          0
          0
          0
          0
          0
          0
          0
          0
          0
        255
        241
          0
        138
         56
          0
          0
        133
          0
         98
          0
         90
        139
          0
          0
        148
          0
          0
         84
          0
          0
          0
        185
        137
          0
         32
          0
         21
          0
          0
        255
          0
          0
          0
         71
          0
          0
          0
          0
          0
          0
         58
         46
          0
        165
          0
          0
          0
        255
          0
         81
        255
        255
         51
        147
          0
        149
          0
         84
         69
          0
         63
          0
         56
          0
        255
          0
          0
          0
         89
          0
         50
        184
        159
          0
          0
          0
        200
          0
          0
        255
        113
          0
          0
        255
          0
        177
          0
         59
          0
          0
        226
          0
          0
          0
          0
        255
          0
        206
          0
          0
          0
          0
          0
          0
         68
          0
        255
        139
          0
         43
          0
        255
         12
          0
         48
        255
         46
        163
          0
        169
          0
          0
        244
          0
          0
        255
          0
        255
          0
        226
          0
        148
          0
          0
         70
          0
          0
        150
          0
        169
          0
        107
         53
        255
          0
          0
          0
        227
          0
        232
          0
        103
         46
        113
        244
          0
        178
        255
          0
          0
          0
        255
          0
          0
        180
          0
          0
          0
          0
        208
        255
        238
         54
          0
          0
          0
        116
         26
        255
        255
          0
        204
          0
          0
          0
         29
          0
          0
         35
          0
         23
          0
          0
          0
          0
          0
          0
         11
         24
          0
        142
          0
          0
        174
        135
         42
        129
        109
          0
         41
          0
          0
          0
        155
        255
        209
          0
         25
          0
          0
        255
        255
         14
          0
          0
          0
          0
        242
          0
        167
         81
          0
          0
          0
        255
          0
          0
        143
          0
         86
         56
         63
          0
        255
         83
          0
         88
          0
          0
        132
          7
          0
          0
        255
          0
        255
        255
         24
          0
          0
          0
          0
        173
        207
          0
         78
          0
          0
          0
          6
          0
          0
          0
        106
          0
        255
         54
          0
          0
          0
          0
          0
          0
          0
          0
        255
          0
          0
          0
        206
          0
          0
          0
          0
          0
         51
         38
          0
        235
        230
          0
          0
          0
        255
          0
          0
          0
          0
          0
        255
          0
         85
         24
         82
          0
         28
         83
        255
        255
          0
          0
          0
         55
          0
         20
          0
         59
        176
         96
          0
          0
          0
          0
          0
        182
        255
        127
          0
        255
          0
          0
          0
          0
         33
          0
        162
        101
          0
        121
        255
          0
        169
        255
        142
          0
        205
          0
         86
         38
         42
        125
          0
          0
        193
        202
        129
         78
        255
         67
         41
        255
        255
          0
        255
          0
        176
          0
          0
          0
          0
          0
        255
         92
        255
          0
         48
          0
          0
         12
          0
         96
        148
          0
         51
        255
        255
        200
          0
          0
        255
          0
          0
          0
        255
        228
        125
        250
        165
          0
         28
        255
          0
          0
        255
          0
        255
          0
         92
         94
        245
          0
         59
         96
          0
        120
        255
          0
        207
          0
        122
         59
         22
         92
          0
          0
        239
         76
        186
        246
          0
          0
         19
        166
        255
          0
        255
          0
          0
         90
        238
          0
          0
          0
          0
         83
          0
        192
        209
          0
          0
        149
        139
          0
          0
          0
         29
          0
          0
          0
          0
          0
        113
         65
          0
        255
          0
         10
        255
         53
        255
          0
        148
          0
         61
          0
          0
        103
          0
          0
        211
          0
        216
        199
          0
         11
        255
          0
          0
          0
        215
        133
        211
         89
          0
         35
        147
        255
          0
          0
          0
          0
        255
        255
         38
         69
          0
        113
          0
        118
          0
          0
        168
        255
          0
          0
          0
          0
          0
          0
          0
         91
        158
          0
        229
          0
        195
          0
         44
        153
          0
          0
        255
          0
        255
          0
          0
          0
        149
         62
          0
          0
          0
          0
          0
         91
          0
          0
          0
        204
        204
          0
          0
        169
        255
         40
         28
        255
         48
          0
          0
        106
          0
          0
          0
          0
          0
        187
         94
          0
        175
        116
          0
          0
        129
        149
         46
         70
        150
          0
          0
         34
        255
          0
          0
          0
        255
         28
         88
          0
         32
          0
         87
        255
        120
          0
          0
         44
        117
          0
        255
          0
          0
        150
          0
          0
          0
        115
          0
        255
          0
        161
          0
          0
        255
          0
          0
          0
        255
         79
        255
          0
        208
         34
          0
         35
         13
          0
          0
          0
        255
        175
          0
          0
          0
          0
         15
         59
          0
          0
        251
        190
        109
        121
          0
        129
        255
          0
        113
          0
        255
        255
          0
         87
         80
          0
          3
        138
          0
          0
        255
          0
          0
          0
          0
          0
        100
          0
          0
         58
        212
          0
         39
        207
        216
          0
         97
          0
          0
        131
         20
         10
        255
        215
         60
          0
        176
         39
         40
          0
          0
          0
        255
         55
          0
          0
         98
          0
          0
        175
          0
          0
        148
         89
          0
         75
          0
        211
          0
          0
         56
          0
          0
         26
        255
          0
          0
          8
        102
          0
          0
        255
          0
          0
        255
        174
          0
          0
        242
          0
          0
          0
        167
        105
          0
          0
          0
         22
        145
          0
          0
        123
        255
          0
          0
          0
        161
          9
        246
        126
        207
          0
          0
         79
        200
          0
        255
          0
        255
          0
          0
        139
          0
          0
         52
        174
          0
        142
          0
          0
          0
        177
          0
         85
          0
          0
        108
        108
          0
        176
          6
          0
          0
          0
          0
          0
          0
          0
        255
        255
          0
          0
         85
          0
          0
         65
          0
         40
         86
         90
          0
        255
          0
          0
        128
         39
        255
          0
          0
          0
        255
          0
         32
          0
          0
          0
        135
          0
        255
          0
          0
        127
          0
        255
          0
          0
          0
          0
          0
         53
          0
        170
          0
        255
          0
        124
         62
          0
        255
          0
         32
          0
        255
        185
        184
          0
        161
          0
          0
        255
          0
        255
          0
          0
          0
        144
        250
          0
          0
          0
          0
         44
        104
          0
          0
        243
          0
        164
          0
          0
        255
          0
          0
          0
        255
         91
        255
          0
        106
          0
         55
          0
        134
        177
          0
         32
        167
          0
          0
          0
        240
        105
         78
          0
         31
         38
          0
        255
        151
          0
          0
         56
         63
        116
         93
          0
        255
        250
        150
        255
        176
          0
         55
          0
        228
          0
          0
          0
        255
        255
          0
          0
          0
          0
          0
          0
          4
        141
        255
        255
        248
        100
        160
          0
          8
          0
          0
          0
        255
          0
        155
          0
         98
          0
         42
        255
          0
          0
          0
         17
        161
        209
        132
          0
          0
          1
          0
          0
          0
         46
          0
        255
          0
          0
          0
        164
        255
        166
          0
          0
        255
          0
          0
          0
         24
          0
          0
         67
          0
        138
          0
          0
          0
        255
         21
          0
          0
         16
        147
         91
          0
          0
          0
          0
          0
          0
        152
         61
        138
          0
          0
          0
        205
          0
        247
        132
        120
          0
          0
          0
        255
          0
          0
          0
        255
          0
          0
         68
          9
          0
          0
          0
          0
          0
        117
          0
         79
          0
        131
          0
          0
         22
          9
        254
        255
          0
         49
        218
          0
         47
          0
         63
          0
          0
          0
          0
        255
          0
         59
          0
         77
        211
          0
         65
          0
        145
        253
          0
          0
         49
        115
          0
        177
          0
          0
          0
          0
          0
        222
        255
        127
          0
          0
          0
         20
          0
        255
          0
          0
          0
        158
        189
        232
        175
         21
         51
        127
         97
          0
          0
        198
          0
         75
        139
        255
          0
          0
          0
          0
        255
          0
        255
         74
          0
         48
          0
          0
          0
          0
         63
          0
          0
         88
          0
          0
        181
         61
          0
        171
         40
        250
          0
          0
          0
          0
          0
        255
         19
         28
        255
          0
         26
          0
          0
         44
          0
         25
          0
          0
         20
          0
         92
          0
          0
         81
          0
          0
          0
          0
        107
        218
         44
          0
          0
        179
        133
        120
          0
          0
          0
         92
          0
          0
          0
          0
        196
        112
          0
         68
        214
        167
        173
          0
          0
          0
          0
          0
          0
        152
         38
          0
        169
          0
        108
        190
         18
        255
         35
          0
         39
        255
          0
          0
          0
          0
        255
        255
          0
          0
          0
         29
          0
          5
          0
          0
          0
        255
        165
          0
          0
        255
          0
          0
        146
        101
         54
          0
        255
        140
        112
          0
          0
        255
         29
          0
          0
          0
          0
         98
          0
         14
          0
        133
          0
          0
          0
        255
          0
        209
         27
          0
         47
          0
          0
        177
         84
        132
          0
        156
          0
         36
          0
        101
          0
        141
          0
         15
          0
        255
         26
          0
         95
        121
          0
          0
          0
        215
          0
          0
          0
        255
          0
         65
          0
          0
          0
         18
          0
          0
          0
          0
        237
         44
         41
         80
          0
          0
          0
         21
          0
        255
          0
        181
        255
        216
         51
          0
         50
          0
          0
        255
          0
          0
          0
          0
          0
        199
          0
        192
        117
          0
         67
          0
        255
        255
          0
        147
        113
          0
         10
         18
        255
          0
          0
         99
        255
         75
          6
          0
          0
        153
          0
        255
        197
        159
          0
          0
          0
          0
         77
          0
         24
          0
          3
          0
        255
          0
          0
        108
          0
        255
         23
         68
          0
        255
          0
          0
        255
         91
          0
          0
          0
          0
          0
        255
        118
        255
          0
          0
          0
          0
          0
         16
         30
        211
        102
         85
          0
          0
          8
          0
          0
        255
         52
          0
          0
        255
          0
        254
         30
          4
          0
          0
        255
          0
        124
        255
          0
        127
        255
        208
          0
          3
          0
          0
        163
         19
          1
        253
          0
        235
          0
          0
         97
          0
          0
          0
          0
        255
          0
         45
         45
         19
          0
          0
          0
          0
          0
        162
          0
          0
          0
          0
          0
         95
          0
          5
         14
        175
          0
          0
        255
          0
          0
        161
          0
        202
        172
          0
          0
        255
        119
        201
        255
          0
          0
          0
          0
          0
          0
        255
          0
        255
          0
          0
          0
          0
          0
         65
          0
        140
         93
          0
        255
        142
        121
        155
          0
        245
         32
          0
          0
          0
        212
        181
          0
          0
          0
        130
         40
          0
          0
        255
          0
        255
        255
          0
          0
          0
          0
        151
          0
          0
        128
          0
          0
          0
        168
        104
        222
        255
        126
          0
          0
        255
        255
         78
        104
        124
          3
         17
          0
          0
          0
          0
          0
        255
          0
          0
          0
          0
          0
        118
          0
         27
        192
          0
          0
          0
          0
          0
          0
          0
          0
          0
        255
         74
          0
          0
          0
          0
          0
          0
          0
        255
          0
          2
        255
          0
        255
        149
          0
          7
          0
        208
        122
         39
        134
          0
        255
          0
         76
          0
          0
        191
          0
          0
        235
        255
          0
          0
          7
        100
          0
          0
         71
        255
          0
        211
          0
          0
          0
          3
          0
        242
          0
          0
        123
         71
        137
        107
          0
          0
         56
         85
          0
          0
          0
          0
          0
          6
          0
        188
          0
        155
          0
         50
          0
        209
        146
          0
          0
          0
        255
          0
          0
          0
          0
        153
          0
          0
         25
          0
        255
          0
         35
          0
        130
        255
          0
          0
        234
        255
          0
        148
        153
         49
          0
         18
          0
        248
        215
          0
          0
          0
        237
        253
          0
          0
         99
          0
          0
         90
         85
          0
        255
          0
        130
          3
          0
        175
          0
         37
        155
          0
        255
          0
          0
          0
          0
         23
         96
        169
          0
          0
        255
          0
        255
          0
          0
        234
          0
          0
        104
          0
         65
          0
          0
          0
         92
          0
         34
        255
          0
         31
          0
          0
        255
          0
          0
          0
         18
          0
          0
        255
          0
          0
        136
          0
          0
        238
        255
          0
         89
          0
          0
          0
         70
        255
          0
         16
         50
          0
        177
        255
          0
         74
        188
        255
          0
          0
          0
         23
         42
          0
          0
        255
          5
          0
        130
          0
          0
        255
          0
          0
          0
          0
          0
          0
          0
          0
          0
          0
          0
        111
         14
        255
          0
          0
          0
         68
        215
          0
          0
          0
          0
          0
         58
          0
        152
          0
        255
         20
        255
         62
          0
          0
