          0
        112
        255
          0
          0
          0
         29
          0
          0
        102
          0
        118
        137
         83
        104
          0
          0
        107
          0
          0
          0
         22
          0
        147
        184
        181
         15
          0
          0
          0
          0
         46
        111
          0
          0
        136
         81
          0
          0
          0
          0
          0
        249
          0
        100
          0
        142
          0
        136
         37
         37
          0
        174
        196
          0
          0
         49
          0
          0
          2
          0
          0
        198
         11
          0
          0
          0
          0
          0
          0
          0
          0
        148
          0
        255
          0
          0
          0
          0
          0
          0
         34
        131
          0
          0
        162
          0
          0
        225
          0
        155
          0
        255
        160
        111
          0
        114
          0
        215
          0
        122
          0
         28
          0
         42
          0
          0
          0
          0
         55
         98
          0
          0
          0
         98
          0
          0
        235
          0
          0
        131
          0
         58
          0
          0
          0
          0
          0
          0
          0
        188
          0
          0
         31
         36
          0
        127
          0
         67
          0
         35
         33
        255
          0
          0
          0
        147
          0
          0
          0
          0
          0
          0
          0
         14
         49
          0
          0
        163
          0
          0
          0
        149
         85
          0
         46
         45
          0
          0
          0
        255
         35
          0
          0
         66
         82
          0
          0
          0
          0
          0
          0
        171
          0
        159
          0
          0
          0
          0
          0
          0
          0
          0
          0
         65
          0
          0
          0
         18
          0
         94
        118
        255
          0
        221
          0
          9
          0
          0
          0
          0
        224
         40
        172
        203
          0
         44
         54
          0
          0
         49
          0
          0
          0
          0
          0
        175
          0
          0
          0
          0
          0
        102
         16
        255
          0
          0
          0
          0
          0
        255
         42
          0
        209
          0
        233
        156
        255
        124
          0
          0
          0
         41
          0
          0
         47
         49
        108
         38
         51
          4
          0
          0
          0
          0
          0
          0
         87
          0
         46
          0
          0
          0
          0
          0
          0
          0
         99
          0
        214
         89
          0
          0
          0
        255
          0
         84
         70
          0
          0
          0
         68
          0
          0
         28
          0
          0
        154
          0
          0
        168
        112
        226
         38
          0
          0
          0
        185
          0
        199
          0
        238
          0
          0
        126
        121
        255
          0
         41
          0
         93
          0
        255
          0
        115
          0
         52
          0
          0
          0
          0
          0
          0
          0
          0
          0
        167
          0
        110
        159
          0
          0
          0
          0
        255
          0
         52
        124
        208
        175
         69
          0
          0
          0
          0
          0
          0
        104
          0
          1
          0
        112
          0
          0
        145
          0
        180
          0
          0
          0
         46
          0
          0
          0
          0
          0
          0
          0
          0
          0
          0
        255
        163
          0
        134
          0
          0
          0
          0
          0
          0
          0
          0
        163
          0
          0
         59
         73
        172
        211
          0
          0
          0
          0
          0
        255
         22
          0
          0
          0
         84
          0
          0
          0
        165
          0
        111
          0
          0
          0
        126
          0
         46
         60
          0
          0
        255
         18
          0
        152
        221
          0
          0
          0
          0
          0
          0
        240
        176
          0
          0
          0
         37
          0
        255
          0
         54
          0
         88
          0
          0
          0
         30
        129
         27
         82
          0
        111
         38
          0
         79
          0
          0
          0
          0
          0
         33
         94
          0
        238
          0
        255
          0
         67
          0
         76
        116
          0
          0
          0
         90
         54
          0
          0
         90
          0
         64
         86
         64
          0
        255
        161
          0
        100
        255
        133
          0
         64
         28
        115
          0
         20
         52
         37
          0
          0
          0
         61
          0
          0
          0
        113
          0
         99
          0
         53
          0
          0
          0
          0
          0
        194
          0
          0
          0
         62
        187
         84
        255
          0
         77
         79
         68
        255
          0
          0
          0
        179
          0
          5
          0
        209
         60
        105
         89
          0
        255
          0
          0
          0
         58
          0
         60
          0
        255
          0
          0
          0
        214
          0
          0
         36
         77
        182
          0
          0
          0
         28
        255
         30
          0
          0
          0
          0
         46
          0
          0
          0
          0
         75
          0
        179
          0
          0
          0
          0
         57
          0
          0
         98
        174
          0
          0
         45
         53
          0
          0
        230
          0
        255
          0
          0
        158
          0
        255
          0
          0
          0
          0
          0
          0
          0
          0
          0
          0
          0
          0
          0
        255
         19
          0
         85
          0
        133
          0
          0
        114
          0
          0
        163
          0
          0
         11
          0
        114
          0
        144
          0
          0
          0
        153
          0
          0
          0
          0
         98
         64
          0
          0
          0
        179
         25
        138
         18
          0
         20
          0
         41
         93
          0
        107
         18
          0
          0
          0
          0
          0
         11
          0
        122
          0
          0
          0
          0
          0
          0
          0
        174
          0
          0
          0
         69
          0
          0
          0
         68
        151
          0
          0
         51
        117
          0
         87
         44
          0
          0
          0
          0
          0
         68
          0
         63
        167
          0
         56
        129
        254
         28
          0
        203
         23
         49
        117
          0
          6
          0
         28
         47
         86
          0
        244
          0
          0
          0
         80
         67
          0
          0
          0
        137
          0
        160
        164
          0
          0
          0
          0
         78
          0
         23
         43
          0
          0
         86
          0
          0
          0
          0
          0
          0
          0
         12
          0
         32
          0
         11
          8
          0
          0
          3
        255
          0
          0
         63
        255
          0
          0
        110
         51
        151
        227
          0
          0
          0
          0
          0
        110
          0
         50
          0
        112
        164
          0
          0
        145
          0
         30
          0
         97
        132
          0
        234
        203
        104
          6
          0
        255
        191
          0
         53
          0
          0
        255
         46
          0
          0
         64
          0
          0
          0
          0
          0
         10
          0
        126
          0
          0
          0
        163
          0
         34
         70
         80
          0
          0
          0
         52
          0
        255
        107
          0
          0
          0
          0
        255
         17
         27
          0
         18
          0
          0
          6
        255
          0
         83
         68
          0
          0
          0
         83
          0
          0
          0
          0
          0
         87
          0
          0
          1
        114
          0
        123
          3
          0
          0
          0
        255
        120
         55
          0
          0
         27
          0
          0
          0
         84
          0
         91
        255
          0
          0
         45
          0
         10
          0
         79
          0
         87
          0
        104
          0
          0
          0
        243
          0
          0
          0
          0
          0
          0
         51
        170
          0
          0
          0
          0
        242
         21
          0
        101
        187
        218
          0
          0
          0
          0
          0
        255
          0
          0
          0
        243
         96
         27
          0
          0
          0
          0
         61
          0
        255
          0
          0
          0
          0
          0
        159
          0
         10
          0
         27
         28
         32
          0
        255
         44
          1
          0
        153
        202
          0
         75
        255
          0
         90
        139
          0
          0
          0
          0
        114
          0
        255
          0
         68
        174
          0
          0
          0
          0
          0
          0
        181
         54
          0
        226
        255
         76
          0
          0
        156
        176
          0
          0
          0
         63
        100
          0
          0
         70
        138
          0
         27
          0
          0
         90
         88
          0
          0
         67
          0
        190
        163
          0
          0
          0
          0
        255
        116
          0
          0
          0
         91
        119
          0
         63
          0
         72
          0
          0
        255
        197
          0
          0
        124
         77
         20
         62
         74
          0
          0
          0
        157
        130
          0
          0
          0
         72
          0
          0
        255
          0
          0
          0
         77
          0
          0
        138
        255
         93
          0
         26
        255
        124
          9
         38
         51
          0
         62
         66
        102
        162
         46
         31
          0
          0
         57
          0
          0
         15
        102
        109
          0
          0
          0
        253
          0
         19
          0
          0
          0
         17
        126
        138
        138
        255
         36
          0
          0
         72
          0
         19
         57
          0
         52
          8
          0
          0
        255
        138
          0
        127
         36
          0
          0
          0
          0
          0
          0
        255
          0
          0
          0
         36
         40
          0
          0
          0
         79
          0
          0
        118
          0
        134
         14
          0
          0
          5
          0
          0
        255
          0
          0
         57
          0
          0
          0
          0
          0
          0
         40
         31
          0
          0
         95
        122
         50
        108
          0
          0
          0
          0
          0
         84
          0
          0
          0
          0
         17
         79
          0
          0
          0
          0
         84
         11
        245
          0
         39
         73
          0
          3
          0
        120
          0
          0
        235
          0
          0
         78
         65
        179
          0
        162
         93
          0
        255
          0
          0
        192
          0
         66
          0
          0
         99
         61
          0
          0
        194
        255
        255
          0
          0
          0
        100
        225
          0
        255
        201
         26
        113
         28
          0
          0
          0
         47
          0
          0
          0
        122
         99
        133
          0
          0
          0
          0
        255
         65
          9
          0
        218
          0
          0
          0
         29
          0
        141
        112
          0
          0
        134
         43
          0
          0
          0
          0
         59
          0
        106
          0
          0
         88
          0
          0
          0
          0
          0
          0
        255
          0
          0
          0
          0
          0
         21
          0
         87
         77
          0
         60
          0
          0
          0
          0
        152
          0
          0
          0
          0
          0
         20
        112
          0
         76
         12
        187
          0
         28
          0
          0
         87
         46
         54
         76
          0
        242
          0
          0
          0
          0
          0
         74
          0
        255
          0
         31
          0
          0
          0
        129
         65
          0
         57
          0
          0
          0
          0
         38
          9
         55
          0
          0
        255
          0
          0
          0
        255
          0
        236
          0
          0
         19
          0
        220
          0
        219
          0
          0
         47
        128
          0
          0
          0
          2
          0
         99
          0
         56
          0
        232
         42
         43
          0
        163
          0
         69
          0
          0
          0
          0
          0
          0
          0
          0
          0
        167
          0
          0
          0
         61
          0
         58
          0
          0
          0
          0
          0
        147
          0
         94
        103
        148
          0
          0
          0
        153
        255
          0
         57
          0
         16
         67
         31
         37
          0
          0
          0
          0
        151
        255
        228
         24
         36
          0
          0
          0
          0
        182
          0
        137
        255
          0
          0
          0
          0
          0
          0
        150
        255
        201
          0
         73
          0
          0
          0
          0
          0
          0
          0
         81
         94
        170
          0
          0
        148
         52
          0
          0
          0
          0
        102
          0
          0
          0
          0
          0
          0
          8
          0
          0
         96
          0
          0
         19
          0
        202
        255
          0
          0
         78
         21
         69
          0
          0
        250
        216
         17
          0
          0
          0
          0
          0
        143
          0
          0
          0
          0
         90
          3
         51
        157
          0
          0
          0
          0
         74
        255
          0
        255
          0
          0
        130
          0
        208
          0
         52
          0
          0
          0
         28
          0
          0
          0
          0
          0
        149
          0
          0
          0
          0
          0
         73
          0
          0
        242
        202
          0
         52
          0
        120
         63
          0
          0
          7
         21
        255
        200
        216
          0
        206
          0
          0
        255
          0
          0
          0
          0
         80
          0
          0
          0
        226
         50
          0
          0
          0
          0
          0
          0
          0
        255
          0
          0
          0
         11
        255
        173
        191
          0
        121
        115
        111
          0
        166
          0
         43
         92
          0
          0
          0
        255
          7
          0
          0
          0
         27
          0
          0
        255
         64
          0
          0
          0
          0
          0
          0
         70
          0
          0
          0
          0
          0
         64
        150
         17
         26
          0
        191
          0
         41
          1
          0
          0
          0
        117
        228
         13
         60
          0
         42
          0
          0
          0
         98
        183
         19
          0
          0
          0
          0
         18
        196
          0
          1
        201
          0
          0
         78
          0
          0
          0
          0
          0
          0
          0
         78
         49
        176
          0
         39
          0
          0
        152
          0
          0
         30
          0
          0
          0
         90
         10
        255
          0
        163
        149
        162
          0
          0
          0
        138
          0
        190
        166
        187
          0
          0
          0
         27
          0
          0
          0
        121
         93
          0
          0
          0
        168
        120
          0
        255
        255
          0
          0
          0
         94
         24
          0
        222
          0
          0
         28
         85
          0
          0
         49
        177
         17
          0
          0
          0
          0
          0
          7
         74
        147
          0
          0
          0
          0
         71
        255
          0
          0
         17
        135
        243
        180
         41
         96
        171
          0
          8
          0
        143
        156
          0
          0
          0
          0
          0
          0
          0
          0
        216
          0
          0
          0
          0
          0
         94
          0
          0
        255
        116
          0
         13
          0
        246
          0
        255
          0
        117
          0
          0
          0
          0
          0
          0
          0
          0
          0
         15
          0
         19
          0
          0
          0
          0
        149
          0
          0
        116
          0
          0
          0
          0
          0
         78
          0
         30
         76
         73
         52
        255
          0
        191
         49
         81
        255
        220
          0
          0
        153
         11
          0
          0
        105
        205
         54
        117
         79
        140
          0
         12
        217
         63
        153
         60
        255
          0
          0
          0
         15
          3
         20
         97
          0
          0
          0
          0
          0
          0
        109
         65
         64
          0
          0
         34
          0
        213
         34
        146
          0
          0
          0
          0
        119
          0
        156
          0
          0
          0
          0
          0
        180
          0
         39
        211
         75
          0
         71
          0
          0
        186
        184
        114
          7
          7
          0
        104
          0
         19
          0
         92
          0
          0
        255
          0
         36
          0
        124
          0
          0
          0
          0
        223
          0
          0
        175
        158
        237
          0
         35
          0
          0
        226
          0
          0
         44
          0
          0
         36
          0
        230
         48
        147
          0
         33
        255
          0
         80
          0
          0
          0
          0
          0
          0
        251
        163
          0
          0
         21
          0
         80
         16
          0
          0
          0
          0
          0
          0
         13
          0
        111
          0
          0
         68
        135
         67
          0
          0
          0
          0
          0
        100
        255
          8
         58
        136
        249
        160
          0
          0
          0
        255
          0
          0
          0
          0
          0
          0
        121
          0
         15
          0
         93
        115
        196
         16
        119
        174
        161
        255
          0
         11
          0
        193
        180
        134
         36
          0
          0
          0
          0
          0
        235
          0
        121
         75
          0
         19
          0
        173
          0
          0
          0
          0
         67
         85
         82
          0
         83
          0
        156
        255
          0
         88
          0
         38
          0
          0
         94
          0
          0
        166
          0
        185
          0
         83
         52
        144
          0
          0
          9
        195
          0
        116
          0
          0
         12
         76
        138
          0
        143
        144
          0
          0
          0
          0
          0
          0
        107
          0
         20
         68
          0
          0
          0
          0
        114
        255
          0
          0
          0
        217
          0
         20
          0
