         32
        200
          0
         22
        106
          0
          0
          0
          2
         32
          0
          0
         35
        205
          0
          0
         67
         18
          0
          0
          0
          0
        255
          0
          0
          2
        255
          0
        255
          0
          0
        223
        175
        123
          0
          0
          0
        252
          0
          0
        156
        158
        175
          0
         23
          0
          0
         26
          0
         31
        150
        166
          0
          0
        255
          0
         41
          0
        124
          0
        126
          0
          0
        202
          0
        116
         81
          0
        148
         43
        106
          0
         62
         71
        134
          0
          0
          0
        167
          0
         54
          3
          4
         62
         20
        192
          0
        191
          3
          0
          0
          0
        245
          0
         30
         41
          0
        174
         92
         45
         91
          0
        112
        255
        255
         60
        198
        255
        255
          0
        172
          0
        117
         69
          0
          0
          0
          0
        255
        196
          0
          0
        109
          0
          0
          0
         62
         70
        255
        135
          0
         41
         57
         53
        183
          0
          0
        105
        198
          0
          0
          0
          0
          0
        134
         36
          0
         30
         90
          0
        255
          0
          0
          0
          0
          0
        255
          0
          0
          0
          0
          0
          0
         43
          0
        209
        163
          0
          0
        115
          0
         92
        186
        113
          0
          0
        131
         29
          0
         10
          8
          0
          0
          0
          0
          1
        174
          0
        255
          0
         49
          0
          0
          0
        187
          0
         29
          5
        174
          0
        255
        151
        155
        129
          0
          0
          0
          0
          0
        182
          0
          0
          0
        134
        144
          0
          0
         39
        255
          0
        217
          0
          0
        136
        199
          0
          0
          0
          7
          0
        120
          0
        159
         78
          0
          0
        255
        255
          0
        101
         94
          0
          0
          0
        111
          0
        255
          0
          0
          0
          0
         10
          0
          0
          0
          0
          0
          0
        209
          0
        112
          0
          0
         54
          0
          0
         67
         93
          0
        255
        158
        255
          0
          0
          0
          0
        145
        189
        127
        245
          0
         59
        233
          0
        255
          0
        114
          0
          0
          0
          0
        180
         51
        128
          0
          0
        255
          0
         14
          0
        149
         73
          0
          0
          3
          0
          0
          0
          0
         85
          0
        191
        109
         29
          0
          0
          0
          0
          0
        219
          0
        251
        255
          0
          0
          0
        127
          0
        128
        226
          0
        103
         56
          0
         10
        146
        150
          0
        165
          0
          0
          0
          0
          0
         53
          0
          0
         93
          0
         78
          0
          0
          0
         76
        135
          4
         41
          0
         80
          0
        255
          0
         17
          9
          0
          0
         13
        225
          0
          0
        209
         19
          0
          0
        108
        219
         54
          8
          0
        160
          0
        177
          0
          0
        136
        153
          0
          0
          0
          0
        195
          0
          0
          0
          0
          0
          0
        174
          0
          0
          0
        178
          0
          0
        223
         58
          0
        207
          0
          0
         58
        199
          0
        183
          0
          0
          0
          0
          0
          0
          0
        111
          0
         11
          0
          0
        102
          0
         15
        196
          0
          0
          0
          0
          0
          0
         93
         25
          0
         73
          0
         42
        255
        114
          0
        125
        255
         43
          0
        255
        142
          0
         67
          0
          0
          0
        255
          0
          0
         58
          0
        225
        101
          0
         56
          0
         65
        202
          0
          0
        157
         24
         54
          0
         62
        171
          0
        123
        255
         73
          0
        120
          0
        131
          0
        148
         62
          0
        167
          0
          0
         41
          0
          0
        188
        174
          0
          0
          0
          0
         41
          0
          0
         52
        128
         54
        131
         33
          0
        190
          0
          0
          0
         18
        255
         56
          0
          0
        106
        255
          2
          0
         66
          6
         78
          0
          0
          0
          0
          0
          0
         45
        249
         88
        255
          0
          0
          0
        123
         77
        212
          0
          0
          0
          0
         19
         49
          0
         13
        238
        181
          0
          0
          0
          0
          0
          0
         52
          0
          0
         46
         81
        212
         52
          0
         41
          0
          0
        115
          0
         13
          0
        255
        255
          0
         78
          0
          0
        255
          0
          0
          0
         54
          0
          0
          0
          0
        255
        109
          0
          0
          0
         41
          0
          0
          0
        217
         22
          9
          0
         73
          0
          0
         23
          0
        178
        255
          3
         13
        241
          0
          0
          0
          0
         93
          0
        255
          0
          0
          0
         66
          0
          0
          0
        157
          0
          6
          0
        249
         11
          0
          0
        128
          0
         86
        152
          0
          0
          0
          0
          0
          0
          0
          5
          0
         40
          0
          0
          0
          0
        177
         53
          0
          0
          0
          0
          0
          0
        105
          0
        156
          0
        211
          0
          0
         23
          0
          0
          0
          0
          0
          0
          0
         51
          0
          7
          0
        215
        119
          0
        255
         14
          0
          0
        115
          0
          0
          0
        134
          0
        135
          0
          0
         87
          0
          0
         66
          0
          0
          0
          0
         19
        252
        197
        187
         78
          0
          0
          0
          0
        121
          0
          0
          0
          0
        131
          0
         95
         35
          0
          0
          0
          0
          0
         37
         92
          0
          0
          0
          0
        172
          0
         36
          0
          0
        116
         26
         41
          0
          0
          0
          0
        127
          0
         71
          0
        134
        128
          0
        255
        153
          0
         77
        161
        157
          0
        105
         28
          0
          0
         33
         12
        131
         82
        181
        145
          0
          0
          0
        128
         82
          0
          0
          0
        196
         86
          0
          0
        126
        141
          0
          0
        112
        226
          0
          0
          0
         67
        215
          0
        144
        218
          0
          0
        193
          0
        178
        111
        141
        222
          0
         89
         16
          0
          0
        149
         60
          0
         15
          0
          0
          0
          0
          0
          0
          0
          0
          0
         71
          0
          0
        173
          0
        127
          0
          0
        218
         97
          0
        142
        137
          9
        255
        255
        229
         27
          0
          0
         85
          0
        255
          0
          0
          0
         29
         17
          0
        255
          0
         19
          0
          0
          0
         35
          0
        102
         98
          0
          0
         60
         46
        104
          0
         57
          0
         83
        139
         12
         45
          0
        114
          0
          9
          0
          0
          0
         85
         33
         89
        126
          0
         20
         25
        149
        223
          0
        143
          0
          0
          0
          0
         39
         51
          0
          0
          0
          0
         37
          0
        146
         80
          0
         53
          0
        255
          0
         59
          0
        255
          0
          0
          0
          0
          0
        218
          0
          0
         34
        255
        224
         38
          0
          0
        132
          0
          0
        255
          0
        213
        119
          0
          0
          0
          0
         81
          0
          0
         10
        134
         92
          0
          0
         79
         61
         69
          0
          2
          0
          0
         11
          0
        202
        115
          0
          0
        136
          0
         96
          0
          0
          0
        255
          0
          0
         30
         99
        101
          0
          0
          9
        143
          0
        255
         57
          0
        255
          0
          0
          0
          0
          0
          0
          0
        233
         75
          0
          0
        126
          0
         78
          0
        193
          0
          0
          0
          0
          0
        206
          0
         15
          0
          0
         77
         98
          0
          0
          0
        200
        101
          0
        164
          0
        130
          0
        255
         36
          0
          0
        101
        226
          0
        170
         51
          0
        224
          0
        190
         79
          0
          0
          0
          0
         10
          0
        139
          0
          0
          0
        109
          0
          0
         92
          0
         48
          0
        212
        255
          0
          0
          0
        255
         47
        224
         99
        134
        142
         90
         30
        255
         81
          0
        106
        131
        166
          0
          0
          0
          0
        158
        124
          0
        125
          0
          0
          0
          0
          0
         42
          0
          0
          0
          0
          0
        183
          0
          0
        174
          0
          0
          0
          0
          0
         24
        255
        132
          0
        185
          0
          0
         24
          0
        210
          0
         34
          0
         37
        218
          0
          0
         99
          0
          0
         67
          0
          0
         83
          0
          0
          0
        163
        176
          0
          0
          0
          0
        144
        139
          0
         48
          0
        209
         88
          0
          0
         72
         35
          0
         43
          0
          0
          0
        121
         59
          0
         58
          0
        119
        162
          0
        110
         48
         90
          0
          0
          0
          0
        114
          0
        132
          0
        255
         21
        185
          0
        205
        125
        118
          0
          0
          0
          0
          0
          0
         67
         31
          0
          0
          0
          0
         48
          0
         38
          0
         72
        138
        255
          0
          0
          0
         85
         39
         63
        255
        153
         92
        238
          0
         21
          0
          0
        156
          0
        146
          0
          0
         30
        248
          0
         53
         16
          0
          0
        255
          0
          0
        201
          0
        231
        127
         23
          0
        187
         51
        235
          0
          0
         62
          0
          0
         43
          0
         98
          0
          0
        132
          0
          0
        100
          0
         35
         57
         49
        255
        234
        255
          8
        255
        208
          0
          0
          0
         70
          0
          0
        147
        163
         20
          0
         33
        149
        236
          0
          0
         16
          0
          0
          0
         10
          0
         36
          0
          0
          0
          7
        120
         90
          0
         40
          0
          0
        255
          0
        254
          0
         70
          0
        127
         72
          8
         97
         22
          0
         28
          0
        148
          0
          0
          0
          0
        183
        255
        120
          0
         93
          0
         57
        255
         11
          0
          0
        234
        174
          0
          0
          0
          0
         33
          2
        163
          0
          0
          0
        207
          0
        255
        168
          0
          0
         30
          0
        173
          0
          0
         79
        165
        196
         84
          0
          0
          0
          1
          0
        255
        108
        255
          0
        102
          0
          8
          0
          0
          0
          0
          0
          0
          0
         48
        216
          0
          0
          0
        166
          0
        188
          0
         58
          0
          0
          0
         40
         23
          0
          0
          0
          0
        202
          0
          0
          0
          0
          0
        221
          4
          0
        255
          0
         79
          0
        177
          0
         87
          0
          0
        135
         15
          0
        214
         75
          0
        245
         79
         49
          0
          0
          0
         46
          0
          0
          8
          3
          0
          7
         46
          0
        100
          0
         66
          0
          0
          0
          0
        210
         42
          0
          0
          0
        119
          0
          0
         46
          0
         73
         24
         28
        255
        107
          0
        134
          0
          0
         77
          0
          0
          0
          0
          0
          0
          0
          0
         51
        202
         44
          0
          7
          0
        167
         52
          0
          0
          0
        224
        127
          0
        225
          0
         27
         33
          0
         43
         23
        181
        152
          0
        226
          0
        150
         95
        150
         96
          0
          0
          0
        179
         96
        255
          0
          0
        255
          0
          0
         92
          0
         36
        118
         35
          0
        106
          0
        160
          0
          0
          0
          0
          0
          0
        141
          0
          0
          0
        151
        169
          0
        162
          0
        104
         22
          0
          0
          0
        138
          0
         83
        136
        198
         67
         46
        255
         94
         87
          0
        255
         28
        119
          0
          0
          0
        255
         25
        255
          0
        121
          0
         58
        255
          0
         84
          0
        194
         74
          5
          0
        255
          0
        143
          0
          0
        255
          0
        193
        122
          0
         26
        226
          0
          0
        115
        101
        140
          0
        211
        243
          0
        110
          0
          0
          0
          0
        236
        126
          0
         59
         72
          0
          0
          0
          0
         65
          0
        226
          0
        146
         45
          0
          0
        176
          0
        135
         83
        255
          2
          0
        160
        189
          0
         88
          0
         13
          0
          0
        193
          0
        150
          0
         70
          0
        195
          0
          0
         19
         12
          0
         26
         19
        159
          0
         57
          0
        206
          0
        165
          0
        154
        150
        255
          0
         65
         74
        247
          0
          0
          0
          0
        198
        138
          0
        140
         61
          0
          0
          0
        195
        149
        255
          2
         19
        255
         28
         34
          0
         30
          0
        131
        116
          0
          0
        203
          0
          0
          0
          0
         73
          0
          0
          0
          0
          0
          0
          0
         42
        146
          0
         93
          0
        139
        160
         61
          0
          0
          0
         28
          0
          0
         10
        110
          0
          0
        104
         32
          0
        219
         26
         18
        162
          0
          0
          0
          0
          0
        255
          0
        187
        131
          0
          0
          0
          0
          0
         91
          0
          0
         53
         19
          0
          2
          0
         69
         98
         43
          0
          0
        118
        172
         93
        226
        183
          0
          0
          0
         15
        172
        255
          0
          6
          0
          0
        195
          0
          0
        255
          0
          0
         95
          0
          0
          0
         98
          0
         49
        147
        169
          0
          0
          0
          0
          0
        222
        194
         91
        140
          0
        153
          4
          0
         18
          0
          0
        132
          0
          0
        138
         22
          5
        255
          0
         60
         42
        255
          0
         98
         40
          0
          0
          0
          0
        133
          0
         82
          0
        167
          0
         52
        122
        107
         65
          0
          0
         76
        255
          0
          0
         43
          0
          0
          0
         48
          0
          0
          0
          0
          0
          0
          0
        255
        131
          0
        182
          0
        155
         46
         82
         49
        232
         52
        250
          8
          0
          0
          0
          0
          0
          0
          0
         82
          0
        245
        108
          8
          0
         17
          0
          0
          0
          0
          0
          0
         15
          0
        128
          0
          0
        136
        176
          0
          0
          0
          0
         69
          0
        135
         30
          0
          0
          0
        122
          0
        126
          0
        201
        117
          0
          0
          0
        205
          0
         30
          0
          0
          3
          0
        155
          0
         38
          0
        175
        151
        112
          0
          0
         80
          0
         22
          0
         93
          0
        132
          0
          0
         38
          0
        183
        161
          0
        108
          0
        174
          0
        166
        215
          0
        111
        255
        255
          0
        217
          0
          0
          0
        211
          0
          0
        158
          0
          0
        255
          0
         54
          0
         77
         45
        165
        188
        159
          0
          0
         59
         10
        159
         17
        113
        238
        255
         79
        255
          0
          0
        207
        106
         97
        187
        102
          0
          0
        141
          0
        255
          0
          0
         32
         86
         34
        207
          0
          0
        104
          0
          0
        110
          0
          0
          0
         66
        107
         40
          0
          0
          0
          0
        241
          0
          0
         20
          0
         37
          0
        189
         59
        255
        254
         63
          0
        119
          0
          0
          0
        203
         48
          0
          0
          0
          0
        252
          0
          0
          0
          0
         70
        225
        245
          0
         11
        149
          0
        157
         76
         96
          0
          0
          0
        130
        216
          0
        220
          0
          0
        192
        121
          0
         33
          0
          0
         69
          0
          0
         34
          0
        255
          0
          0
