          0
          0
          0
        151
          0
          0
         85
          0
          0
          0
          0
        103
          0
        126
          0
          0
        255
          0
        109
        135
          0
        170
          0
         29
         74
         60
          0
          0
        117
          0
          0
        174
        140
          0
          0
          0
         71
          0
        217
          0
          0
         53
          0
        255
         79
          0
          0
          0
          0
          0
         70
          0
          0
        134
          0
        171
        123
          0
        189
          0
        255
         50
          0
         58
         93
          0
         99
          0
         24
        255
          0
          0
        120
          0
          0
          0
         51
          0
          0
          0
        138
         35
         28
        188
          0
        156
        251
          0
        147
         74
          0
          0
          0
          0
          0
         91
         78
         71
          0
          0
          0
          0
        118
          0
         25
         68
          0
          0
         24
         76
          0
          0
        100
          0
         64
        127
         67
          0
          0
          0
        202
         13
          0
          0
          0
        147
          0
         85
        160
        130
         93
        194
          0
          0
          0
        255
          0
        144
         51
          0
         22
          0
          0
         60
          0
          0
          0
          0
          0
          0
        113
          0
        149
          0
          0
         82
          0
         73
          0
        142
        140
         54
        221
         77
          0
          0
          0
        255
         52
          0
          0
          0
          0
          0
          0
        121
          0
          0
          0
         54
         80
        118
        211
        194
        107
          0
          0
        130
          0
        160
          0
        114
        137
          0
         69
         33
          0
          0
          0
        255
         59
         73
          0
          0
         31
        135
        255
          0
          0
          0
          7
         73
        117
        102
          0
          0
        144
          0
          0
         21
          0
        229
          0
        140
        234
         43
          0
        241
          0
          0
          0
        113
          0
          0
          0
          0
          0
          0
        255
         92
        183
        111
        119
        245
        111
        188
          0
          8
         94
          0
          0
        255
        214
          0
         31
          0
        109
          0
          0
        141
          0
          0
          7
        255
          0
        149
          0
        199
        119
         54
         15
          0
        203
          0
          0
          0
          3
         53
          1
        200
          0
          0
          0
          0
         66
          0
          0
         65
          0
          0
        255
          0
        109
          0
          0
        201
          0
         95
          0
          0
         41
          0
          0
         43
          0
          0
         90
          0
          0
          0
          0
         42
          0
          0
          0
        255
        224
         56
          0
         21
        242
          0
        255
          0
          0
          0
          0
          0
          0
         51
          0
          0
         24
         61
          0
         72
          0
          0
         29
          0
        168
          0
          0
          0
          0
         12
          0
         42
          0
          0
          0
         45
          0
        123
          0
          0
          0
          0
          0
         83
          0
          0
        255
          0
          0
         48
          0
         38
          0
          0
         90
        255
          0
         54
        112
         89
          0
          0
          0
        255
          0
          5
        132
         28
          0
          0
        255
        237
          0
         41
          0
        255
         69
          0
         54
          0
        111
          0
          0
          0
          0
          0
          0
        255
        151
         78
         84
         42
        115
          0
          0
          0
          0
          0
        189
          9
          0
         64
        255
          0
          0
          0
          0
        255
          0
          0
        253
          0
          0
          0
        242
          0
          0
          0
          0
          0
          0
         97
          0
          0
         80
          0
          0
        255
          0
          0
         76
         10
          0
         56
         23
          0
          0
        136
          0
         26
          0
          0
          0
        255
          0
          9
          0
          0
          0
         21
        100
        255
         25
        180
          1
        204
          0
          0
          0
          0
        255
        128
        255
        127
         96
          0
          0
          0
          0
        211
        138
        222
        101
          0
          0
        255
         62
         20
          0
          0
          0
          0
          0
          0
         15
         19
          0
        190
          0
         47
          0
          0
         96
          1
        255
          0
        194
          0
          0
        187
          0
          0
        151
          0
          0
        128
          0
          0
        128
         71
          0
          0
          0
        224
          0
         91
          0
         66
        163
          0
          3
          0
        102
         54
        255
          0
          0
         29
          0
        129
         26
          0
          0
          0
          0
          9
          0
         13
          0
          0
         76
         16
          0
          0
        136
          0
          0
          0
          0
          0
         18
          0
          0
          0
         75
        255
        255
        114
          0
          0
          0
        128
          0
          0
          0
        103
          0
          0
          0
          0
          0
          0
         27
         25
        231
          0
          0
          0
         31
          0
          0
        140
         15
          0
          0
          0
          0
        255
          0
          0
          0
         76
          0
          0
          0
          0
         84
          0
         23
         55
         32
        168
          0
          0
          3
         38
          0
         77
          0
          0
        112
          0
         81
         14
          8
         58
          0
          0
        176
        255
          0
        105
        192
         26
          0
         96
        133
        235
         77
          0
          0
        185
          0
         45
        255
          0
         20
         26
        211
         41
          0
        121
          0
          0
          0
          0
          0
          0
          0
          0
          0
        255
          0
         98
         29
         75
        238
         99
        211
          0
         59
        208
         16
          0
          9
          0
         30
          0
          0
         27
        231
          0
        255
          0
          0
          0
        139
          4
          0
          0
        136
          0
         58
        255
          0
          0
          8
         57
        255
          0
         49
          0
        122
          0
          0
        255
          0
          0
          0
          0
        103
         28
          0
          0
          0
        165
          0
        255
          0
          0
         16
          0
          0
          0
          0
        255
          0
          0
         86
        157
         95
          0
          0
        149
        122
        102
         45
        255
         32
          0
          0
        222
          0
         70
        255
          0
          0
          0
          0
         21
         97
        122
        183
          0
          0
         74
          0
        255
        216
         68
        255
          0
        176
          0
          0
          0
        112
          0
          0
          0
          0
         83
          0
          0
          0
          0
        167
          0
          0
        208
         98
          0
          0
         86
         89
         92
         27
          0
         14
        154
          0
         39
          0
         28
         86
          0
          0
         16
          0
         43
          0
        255
          0
         65
          0
          0
        127
          0
        255
          0
        162
         44
        119
          0
          0
          1
          0
         15
         57
          0
         25
          0
        255
          0
        162
          0
          0
          0
          0
        214
         25
          0
         30
          0
          0
          0
          2
         14
         80
         40
         80
          0
          0
          0
          0
          0
        109
        166
         95
         24
          0
          0
          0
        255
          0
         68
        114
         98
          0
          0
          0
          0
         56
        138
          0
          0
         33
          0
          0
         49
          5
          0
        255
          0
          0
          0
          7
          0
         10
          0
        190
          0
          0
          0
          0
         71
          0
          0
          0
         91
          0
        147
          0
          0
         92
          0
          0
         64
          0
        164
          0
         77
          0
         42
        174
          0
        114
          0
          0
        255
          0
          0
          0
         86
          0
         52
          0
        255
          0
         34
          0
         76
          0
          0
        131
          0
          0
          0
          0
        146
          0
         79
          0
          0
        121
         21
          0
          0
          0
          0
        122
        255
          0
          0
          0
          0
          0
         86
          0
        255
          0
          0
          0
        114
        236
          0
         13
          0
          0
          0
          0
         43
          0
          0
         43
          0
         77
        149
          0
          0
          0
          0
          0
        221
          0
          0
         16
         81
         75
          0
          0
          0
        199
         41
        123
        100
         46
         13
          0
        126
          0
        127
          0
          0
         36
          0
          0
        255
          0
         84
        255
          0
        184
          0
          0
          0
         13
        157
          0
          0
        133
         46
         94
        209
        159
          0
        255
          0
        148
          0
          0
        224
          0
          0
          0
          0
          0
         42
         52
        255
          0
          0
        222
          0
          0
          0
         26
         78
          0
        170
          0
          0
          0
         47
          0
          0
          0
         63
          0
        106
        154
          0
          0
          0
         63
          0
          0
        255
         81
        111
        255
          0
         82
          0
          0
          0
          0
          0
          0
          0
         40
          0
          0
          0
          0
          0
          0
         77
          0
         33
        255
         58
         65
          0
          0
          0
        105
          0
          0
          0
          0
          0
          0
          0
         48
         16
          0
          0
        255
          0
          0
         98
          7
          0
          0
          0
        118
         28
        105
        227
          0
         29
        255
        113
          0
          0
          0
          0
          0
         69
          0
          0
          0
          0
        255
          3
        116
         12
        255
          0
        255
          0
         20
        255
         65
        155
          0
          0
        178
         68
         24
        255
          0
          4
        255
         80
          0
          0
          0
          0
          0
        108
          0
         74
         84
         17
         60
          0
        103
          0
        202
          2
          0
          0
        118
        148
         16
         51
          0
          0
         38
          0
          0
          0
          0
          0
          0
         13
          0
          0
          0
          0
          0
        123
        108
          0
          0
          0
         38
          0
        121
         12
          0
          0
          0
          0
          0
        255
          0
          0
        157
        209
          0
         73
          0
          0
          0
          0
          0
         67
          0
        140
          0
         91
          0
        202
          0
          0
          0
          0
          0
          0
          0
        128
          0
          5
          0
          0
        126
        255
          0
          0
         50
          0
          0
         53
          0
          0
          0
          0
        255
         15
        142
          0
          0
        241
         69
        175
          0
         54
        108
          0
          0
          0
         66
         30
          0
          0
         85
         39
          0
          0
        165
        114
          0
         70
          0
          6
          0
        224
        255
        158
        255
        172
        171
          0
          0
          0
          0
          0
         70
        255
          0
          0
          0
          0
        104
         52
         56
          0
          0
          0
          0
          0
          0
          0
        122
        164
         44
          0
          0
          0
          0
          0
          0
         92
        117
         89
          0
          0
          0
        221
          0
        255
          0
         55
          0
         45
         73
          0
        110
         71
          0
        196
         49
          0
          0
         84
          0
        122
          0
          7
          1
        212
          0
          0
          0
         71
        124
         84
          0
          0
          0
        114
          0
        193
          0
          0
         29
        173
         41
        138
          0
          0
          0
         82
          0
          0
          0
          0
          0
          0
          0
          0
         21
          0
          0
          0
        254
        103
         92
        125
          0
          0
         91
          0
          0
          0
          0
         53
         55
          5
        132
        101
        228
          0
          0
          0
         52
          0
          0
        180
         92
          0
          0
          0
        157
          0
          0
          0
        255
         77
          0
        132
          0
          0
         11
          0
          0
          0
        105
          0
        255
          0
        117
          0
        255
          0
          0
        202
         28
        249
          0
          0
        209
          0
         35
          0
        124
          0
          0
          0
          0
         42
        255
          3
          0
          0
         10
          0
          0
          0
          0
          0
          0
          0
          0
          0
        255
          0
          0
          0
        103
          0
          0
        141
          0
          0
          0
          0
         73
        255
          0
        185
        255
         88
        197
         56
          0
         80
         68
          0
          0
        255
          0
          0
         79
          0
          4
         96
        255
          0
          0
          0
        101
          0
          0
          0
        204
          0
          0
          0
         71
        255
          0
          0
         58
         22
         77
         17
          0
          0
        105
         23
        131
         66
        164
          0
          0
          0
        100
         10
          0
          0
          0
          0
          0
        128
         67
        126
          0
          0
          0
          0
          0
          0
        220
        159
        255
          0
        105
          0
          0
         73
         91
          0
        167
        255
          0
        147
        127
          0
         66
         34
          0
          0
          0
          0
          0
          0
        122
          0
        127
         13
         74
         16
         56
          0
        254
          0
         46
         98
         37
         92
        198
          0
          0
        188
        118
        255
        102
          0
          0
          0
         37
          0
        240
          0
          0
          0
         89
        255
          0
        145
          0
         22
        148
          0
          0
          0
        215
          0
          0
         33
         97
        128
          0
         18
          0
          0
        192
        112
          0
        166
          0
          0
         57
          0
         60
        140
          0
         40
          0
         69
         44
        174
          0
          0
         81
         54
          9
          0
        189
          0
        123
         14
          0
         38
          0
         10
         62
          0
        108
          0
          0
          5
          6
          0
         22
        121
        255
          0
          0
          0
         58
        121
         59
          0
         42
         87
          0
          0
         96
          0
          0
          7
          0
          0
          0
          0
          0
        242
         62
          0
        118
        255
          0
          0
        235
          0
          0
          0
        185
          0
          0
          0
          0
        255
          0
         23
        181
        103
          0
         34
        146
         57
          0
        119
          0
          0
          0
          0
         39
          0
         72
          0
        200
          0
          0
          0
          0
          0
        106
          0
          0
          0
         63
          0
          0
          0
          0
        191
        146
         11
          0
         73
        111
        255
          0
          0
          0
        101
        225
          0
         26
          0
         45
          0
          0
          0
          0
         42
        255
          0
          0
         53
          0
          0
          0
          0
         53
          0
          0
        186
          0
          0
          0
          0
        126
        255
          0
         89
          0
          0
         61
          0
          0
          0
         99
        231
         71
        234
         75
          0
          0
          0
         92
         34
        255
         86
        126
          0
          0
          0
          0
         22
         67
          0
          0
          0
         81
        255
          0
          0
        255
          0
        255
          0
        255
         65
        100
          0
         75
         61
        172
          0
        219
        255
        104
        125
        255
          0
         45
        126
          0
        255
        125
        191
          0
        142
          0
         15
         65
        144
         71
         40
        219
          0
        177
         31
          0
          0
          0
         69
          0
          0
          0
          0
        114
        169
        111
         14
        213
          0
        123
        107
          0
          0
        164
        146
          0
         75
          0
          0
         79
          0
          0
          0
          0
        141
        172
          0
          0
          0
          0
         71
         14
          0
          0
          0
          0
        124
        131
         18
          0
          0
          0
          0
          0
          0
         77
        136
          0
         96
          0
         56
         19
          0
          6
        171
          0
        134
        165
         71
          0
         52
         53
          0
         24
          0
         16
         77
          0
        255
        102
          0
          0
          0
         67
          0
          5
        154
         75
        147
          0
        135
          0
          0
         71
        255
        104
          0
        255
        111
         74
        123
          0
          0
        110
        176
          0
        195
          0
          0
        119
        185
         98
          0
        165
          0
          0
         53
         63
        230
         51
          0
          0
         81
        149
         55
         17
         70
         92
          0
        255
        131
          0
          0
          0
          5
        122
        255
          0
        165
          0
        166
          0
        188
         32
          0
          0
          0
        145
         86
         38
        161
         92
         46
          0
        101
          0
         35
          2
          0
        132
        151
        255
          0
          2
          0
          0
          2
         77
          0
         19
        120
          0
         58
          0
          0
         45
          0
          0
        100
          0
          0
          0
          0
          0
         48
          0
        123
          0
          0
         28
        255
        154
          0
        255
          0
        217
          0
        255
          0
          0
          0
          0
          0
         83
         87
         11
        255
        133
         69
          0
         49
          0
          0
         80
        224
          0
        111
          0
         54
          0
          0
         34
          0
         16
         27
          0
          0
