          0
        135
          0
          0
        173
          0
         54
        255
          0
          0
        147
          3
         89
        211
         90
         40
         94
        169
          0
          0
          0
          0
          0
        170
        178
        122
          0
          0
          0
          0
         90
          0
        141
         83
        131
        255
          0
         95
         19
        107
          0
        250
          0
          0
          0
          0
          0
        189
          0
          0
          0
          7
         16
         86
          0
         48
          7
        112
          0
          0
        130
          0
          0
          0
         67
        255
         62
        255
          0
          0
        152
          0
          0
          0
         45
          0
          9
         36
        255
          0
          0
          0
          0
        228
        154
         28
          0
          0
         10
         84
        104
          0
         95
        146
         33
          0
        165
          0
        145
          0
          0
        104
         32
          0
        243
          0
         19
          0
          0
        151
         97
        238
          0
          0
        153
        207
          0
         38
          0
        132
        109
          0
         30
          0
          0
          0
          0
         87
        131
          2
          0
        149
          0
         18
          0
         75
        255
          0
         64
         54
         91
        100
          0
        119
         13
          0
          0
        236
          0
          0
          0
          0
          0
          0
        190
        159
          0
         91
         43
        128
        223
         54
        147
        249
          0
        125
        106
         99
        191
          0
          0
          0
        159
          0
        152
        237
          0
        103
        202
          0
          0
          0
        197
          0
          0
         13
          0
        161
         22
        178
          0
          0
        170
        119
          0
          0
         68
          0
          0
        146
          0
          0
          0
          0
        160
          0
          0
        204
          0
         81
          0
          0
          0
          0
         93
          0
        177
          0
        156
          9
         23
          0
          0
        109
        116
          3
          0
        255
        114
         57
         15
          0
         87
          0
         10
         33
        148
        114
          0
         90
          0
          0
          0
          0
          0
          0
        222
        175
         69
          0
         46
        166
          0
          0
          0
         43
          0
         56
          0
        195
          0
         50
          0
        142
          0
          0
        141
         32
        132
        139
          0
         65
          0
          0
          0
        255
         31
          0
        255
        117
        131
          0
          0
         75
        109
        106
         68
        108
          0
         46
        115
         22
          0
         70
          1
          0
          0
          0
        172
          0
          0
         22
         65
          0
          0
          0
          0
          0
          0
          0
          0
          0
         48
        104
          0
         71
          0
          0
        161
          0
         15
         26
         83
        102
          0
         90
          0
         82
        151
          0
          0
         19
          0
          0
         96
         56
        124
         61
         57
          0
          0
        150
          0
          0
        115
         27
        162
          0
         74
         31
         10
          0
          0
          0
          0
          0
          0
         50
          0
          0
          0
          0
          0
          0
        125
         14
          0
        117
         59
          6
        255
        110
          0
          0
        187
          0
          0
          0
        163
          0
         68
          0
          0
         20
          0
        255
         78
        255
         56
         94
         58
        255
          0
        233
          0
          4
         96
          0
        115
          0
          0
        144
          0
        255
        139
          0
        255
          0
          0
          0
         92
        103
        109
         89
          0
          0
          0
        249
         56
          0
          0
          0
          0
          0
          0
          0
        176
         23
          0
         24
          0
        103
          4
        110
          0
        254
          1
        139
        114
          0
         32
          0
         70
        123
         14
        247
          0
          0
          0
        255
         55
        255
         85
        153
          0
          0
          0
          0
        189
         58
        155
          0
          0
          0
          0
        104
         20
        255
          0
          0
        157
          0
          0
          0
          0
         45
         82
        240
          0
          0
          0
        127
          4
          0
          0
          0
          0
         31
          0
          0
         80
          0
          0
          0
          0
          0
         59
          0
          0
          0
          0
        170
        255
        156
         30
          3
          0
         94
          0
        143
          0
         29
