         93
        255
        134
          0
          0
         19
         61
        255
        198
          0
        230
          9
          0
          0
        255
          0
         31
          0
          0
          0
          0
          0
        123
         35
          0
        108
          0
        185
          0
          0
          0
          0
        121
         99
          0
        255
          0
        106
         26
        219
          4
        108
          0
        255
          0
        214
          0
          0
          0
          0
          4
          0
        147
          0
        255
          0
         87
          0
          0
          0
         69
          0
         94
          0
         62
        255
         70
        185
          0
        132
        113
          0
        124
         69
          0
        255
        121
        140
          0
          0
        121
          0
         49
          0
          0
          0
          0
         45
         61
          0
         41
          0
          0
          0
          0
          0
         80
        255
        113
          3
          0
        212
         84
        110
        110
          0
          0
        255
          0
        164
          0
          0
          0
          0
          2
         99
        129
          0
        255
          0
        154
          0
          0
          0
         17
          0
          0
          0
        118
        255
        113
        255
          0
        134
          9
         30
          0
         41
          0
          0
          0
        165
          0
          0
          0
          0
          0
         70
          0
          0
        255
          0
         61
        255
          0
          8
          0
          0
          0
          0
         32
          0
         46
          0
          0
        244
          0
         78
        246
         75
         76
          0
        145
        238
        255
          0
          0
          0
          0
         88
        142
          0
        241
         75
          0
          0
          0
         51
          0
          0
          0
          0
         27
        255
          0
          0
          0
        201
          0
        239
          0
         75
          0
        100
          0
        218
          0
          0
        118
        133
          0
          0
          0
          0
        255
        146
        137
        168
          4
         89
          0
          0
          0
          0
          0
        255
          5
        255
          0
        236
          0
          0
          0
        116
        204
          0
          0
          0
        255
        158
          0
          8
        158
          0
         11
          0
        145
         95
        139
          0
          0
        102
          0
          0
        255
          0
        143
        255
          0
          0
          0
          0
          6
          0
        248
          0
        234
          0
          0
          0
        255
          3
        129
        255
          0
          0
          0
         61
         20
          0
         83
          0
          0
          0
         86
          0
          0
          0
          0
          0
          0
        198
          0
          0
         11
          8
          0
          0
          0
          0
          0
        220
          0
         17
         43
          0
        243
          0
         53
          0
         39
         50
         53
         87
          0
          0
         32
          0
          0
          0
          0
          0
          0
          0
        255
          0
          0
          0
          0
         91
          0
          0
          0
          0
          0
        255
         76
          0
          0
          0
        128
        129
          0
          0
        133
         20
          0
        120
         84
          0
          0
          0
          0
        255
          0
        255
         70
        255
        149
          3
        125
        208
         38
          0
         74
          0
          0
          0
          0
         18
          0
        172
          0
          0
          0
          0
         83
        255
          0
        127
          0
          0
          0
          0
          0
        255
          0
          0
        114
        255
          0
        255
          0
          0
          0
          0
          0
          0
          0
         29
         46
          0
          0
         75
         86
          0
          9
         99
          0
        255
          0
         48
          0
          0
          0
          0
        127
          0
          0
          0
        255
        132
         10
         79
        244
          0
         45
          2
          0
        155
          0
          0
          0
          0
          0
          0
        102
        255
          0
        124
        201
        128
        179
          0
          0
          0
          0
          0
          0
          0
          0
          0
          0
        214
          0
          0
        228
          0
        213
          0
          0
          0
          0
          0
         29
         15
          0
         36
         99
          0
          0
          0
          0
          4
        194
         59
          0
          0
        255
          0
        131
          0
          0
          0
          0
        254
          0
          0
          0
          0
          0
          0
        126
          0
        255
        255
          0
        128
        116
          0
        151
         87
          0
          0
          0
        255
          0
        106
        120
          0
        255
        159
         51
        255
          0
        255
        255
          0
          0
        255
          0
        104
        239
        100
        255
          0
          0
          0
        125
        133
          0
          0
          0
        216
        255
        182
         52
          0
          0
          0
          0
          0
          0
         63
          7
        255
        137
        255
          0
          0
          0
          0
        226
        178
         24
          0
          0
          0
          0
          0
         41
          0
          0
          0
          0
        106
          0
          0
          0
         55
          0
          0
          0
         69
          0
          0
          0
        255
        108
        235
          0
          0
          0
         94
        101
         92
        117
         60
          0
          0
          0
        104
          0
          0
          0
         51
        134
        236
          0
        129
         25
          0
        197
          0
          0
          0
          0
         15
         31
          0
          0
          0
        147
        255
          0
        255
          0
          0
          0
          0
          0
          0
          0
          0
         20
        188
        255
        112
         64
        255
        184
          0
          0
        255
          0
         16
         31
        106
          0
          0
        124
          0
          0
          0
        102
          0
          6
        255
        169
          0
          0
        255
          0
          0
          0
          0
          0
          0
        153
          0
         66
        184
          0
          0
        198
        255
        209
          0
          0
          0
          0
          0
          0
          0
         35
        255
          0
          0
          0
          0
        211
          0
          0
         62
         18
        231
          0
          0
         48
          0
          0
          0
         85
         64
          0
         17
          0
        231
        148
          0
         97
         30
         48
         24
          0
        255
          0
          0
        255
          0
          0
         32
          0
          0
          0
          0
          0
        139
          0
          0
         97
         48
          0
          0
         41
         49
          0
          0
          0
        148
        100
          0
         78
          0
          0
          0
          0
        255
          0
          0
        255
          0
          0
          0
          0
          0
          0
          0
          0
        224
        255
        255
        106
        212
          0
          0
          0
          0
        255
         68
         92
        236
          0
          0
        125
        150
          0
        215
         62
          0
         17
        231
          0
          0
          0
          0
        240
         88
        151
         62
          0
          0
          0
        246
        110
        185
          0
         84
          0
        136
          6
          0
          0
          0
        199
          0
          0
          0
        138
         57
          0
        255
          0
          0
          0
        255
         27
          0
        177
        181
         30
         78
         77
        255
          0
          0
         86
         35
          0
        133
          0
        255
         10
        168
         29
        244
         94
         89
         86
        116
          0
          0
          0
          0
          1
          0
          0
          0
          0
          0
        111
        147
          0
        164
         62
        158
          0
          0
         71
          0
          0
        174
        161
        218
         65
         65
          0
          0
          0
          0
          0
          0
          0
          0
        120
        255
          0
          0
          0
          0
          0
        255
          0
        153
          0
        255
         45
        247
          0
          7
          0
         56
        250
          0
          0
        254
        255
        176
          0
        255
         96
         69
          0
         17
          0
        125
          0
          0
         14
        135
        255
          4
         28
        204
        238
          0
        234
        255
          0
        149
          0
          0
         34
          0
         67
          0
         55
        255
        255
         72
          0
        255
        183
          0
         94
          0
         34
          0
        108
          0
          0
        255
        104
          0
          7
          0
        100
        144
          0
        255
          0
        222
          0
          0
         21
          0
          0
          0
        145
        255
        255
         10
          0
         55
        168
        160
          0
          0
          0
        194
          0
          0
          0
          0
          0
          0
          0
         47
        158
          0
          0
          0
          0
          0
        255
          0
        104
          0
        255
        128
         82
         73
        255
          0
          0
          0
          0
        185
          0
          0
          0
          0
          0
        255
          6
          0
          0
          0
          0
          0
          0
        162
          0
        154
         20
          0
        206
        255
         82
          0
          0
          0
          0
         49
        181
         55
        184
         89
          0
          0
          0
          0
          0
          9
          0
        255
          0
          0
        255
          0
         79
          0
        242
        147
        212
        217
          1
          0
          0
        128
          0
         77
        255
          0
          0
        255
          0
          0
        157
          0
        103
        171
        128
          0
        249
        156
          1
          0
          0
          0
        255
          0
          0
          0
         97
        155
          8
          0
         83
          0
          0
          0
         46
        200
          0
          0
          0
          0
         85
         80
          0
         26
          0
         97
        143
          0
          0
          0
          0
          0
          7
          0
        255
          0
          0
         75
          0
         48
          0
          0
          0
        224
          0
        152
          0
          0
        255
         85
         83
        191
        255
        174
          0
          0
         66
        133
        123
         45
          0
          0
         34
        255
          0
          0
        255
          0
         14
        255
        137
        160
         12
        255
        255
          0
          0
          0
         25
        237
          0
         22
         18
        141
         83
        168
        134
         86
         65
          0
         86
        109
          0
        186
          0
        226
          0
        176
          0
        117
         16
        239
         15
         48
          0
          0
          0
        179
          0
         66
         94
         76
          0
          0
         83
        159
         96
         80
          0
        192
         53
          0
          0
          0
          0
          0
          0
        255
          0
          0
        110
        194
          0
         23
          0
        128
          0
        177
          0
        255
        255
          0
         17
         40
        218
        174
        151
        159
         90
        104
        105
        255
        184
        145
          0
          0
          0
          0
          0
          0
          0
        255
          0
        189
        125
        255
        121
          0
        178
          0
          0
          0
          0
          0
         47
          0
          0
          0
         36
         55
          0
         10
          0
        194
        144
        182
          0
          5
          0
          0
         35
        255
         19
        221
         72
        255
          0
          0
        224
        194
         95
        160
         19
          0
        255
          0
         91
        251
          0
          0
          0
        245
        255
         53
        175
          0
          0
         91
         50
         22
        255
        222
         11
          0
          0
          0
          0
          0
         68
        255
          0
          0
        201
          0
          0
          0
          0
        151
        123
         62
          0
        120
          0
        177
         70
        164
         14
          0
         37
         67
         81
          0
          0
         22
          0
          0
          0
          0
        255
          0
          0
          0
         79
        198
         20
         70
        226
         26
          0
          0
         22
         12
          0
        141
          0
          0
        132
         86
        172
        255
          0
          0
          0
          0
          0
          0
         17
        255
          0
          0
        173
        255
         26
          0
         78
        197
          0
          0
          0
          0
          0
          0
         64
        166
        255
        114
        157
        230
          0
        181
          0
         43
        119
          0
          0
         59
          0
          0
         50
        255
         25
        255
        255
          0
          0
          0
        112
         46
         44
          0
        108
        255
          0
         44
         37
        202
        255
        136
         19
        128
        189
         20
        116
          0
        104
          0
          0
          0
        255
          0
          1
          0
          0
          0
        255
          0
          0
        231
         90
        144
          0
        105
          0
        255
        255
         74
         99
         64
          0
          0
        116
        203
         80
          0
          0
         24
        113
          0
          0
         33
          0
          0
          0
          0
        156
          0
        255
          0
          0
          0
         86
          0
          0
        107
        242
        209
          0
          0
         62
          0
         10
          0
         42
        210
         72
         52
          0
          0
        133
          0
          0
        128
          0
          0
          0
          0
          0
        255
        255
         67
          0
        255
         87
        173
         93
          0
         53
          0
          0
          0
          0
          0
          0
          0
         48
         74
          0
         79
          0
          0
          0
         25
         89
         60
          0
          0
          0
        255
         11
        115
        216
         90
          0
          0
        134
         90
         13
        147
          0
         50
        255
        255
         75
        159
          0
          0
          0
        121
         85
          0
          0
        226
        172
        102
          0
          0
        201
        255
         59
        255
          0
          0
         98
          0
          2
          0
        216
        197
        166
          0
        190
          0
        255
        198
         15
          0
          0
         47
          0
        164
        255
          0
          0
          0
        214
        191
         50
          0
        183
         62
          0
        255
          0
          0
        123
          0
         59
         98
          0
          0
          0
        117
         88
          0
        255
        135
        132
          0
          0
          0
         47
        240
        130
         72
          0
        193
        179
          5
          0
         95
          0
          0
          0
          0
          0
        255
         94
          0
          0
          0
         27
        151
          0
          0
         38
          0
          0
          0
         78
         59
          0
          0
        135
        255
        255
          0
          0
        255
        161
          0
          0
          0
          0
          0
          0
          0
         21
        255
          0
        239
          0
        169
          0
         71
         55
        245
         65
          0
          0
          0
         52
          0
        255
          0
         64
         57
        255
          0
        150
          0
         51
          9
          0
          0
          0
          0
        100
        255
         38
          0
        255
        218
         14
        255
         49
          0
          0
          0
          0
          0
          0
          0
         87
          0
          0
          0
         94
        109
         80
          0
         38
          0
          0
          0
          0
          0
          0
          2
          0
        255
         10
         96
        179
        255
          9
          0
         67
        183
          0
          0
        206
          0
          0
          0
        109
         24
        255
          0
         84
        255
          0
         78
         10
        255
        166
          0
         67
          0
          0
          0
         42
         76
         47
         51
          0
        255
          0
          0
        105
         90
          0
        255
          0
          0
          0
        158
         58
          0
          0
         75
          0
        142
          0
          0
          0
        115
         99
          0
        140
          0
          0
          0
        133
        255
          0
        255
          0
          0
        145
          0
        216
        183
        231
          0
          0
         45
        255
          0
         93
        255
        186
        156
          0
          0
        163
          0
          0
          0
          0
         30
         42
          0
          0
        165
          0
        255
        148
          0
          0
          0
         48
         40
          0
        131
          0
        255
        132
          0
        255
          0
        100
          0
          0
        104
         16
         22
          0
        105
          0
        255
          0
        167
         13
          1
          0
         70
        117
          0
          0
          0
          0
          0
          0
          0
        247
        162
         59
          0
        254
          0
        122
         46
         87
        255
          0
          0
        105
         57
          0
        139
          0
          0
          0
         17
          0
         76
         69
          0
        122
          0
          0
        255
          0
          0
          7
          0
        214
        159
        106
          0
          0
         61
          0
          0
        110
          0
          0
        147
          0
        223
          0
          0
        143
          0
          0
          0
          0
          0
          0
          0
          0
          0
          0
          0
        255
        147
         28
          0
          0
          0
         55
          0
        116
        107
        255
          0
         87
        198
          0
         69
          0
        172
          0
        123
          0
          0
          0
          0
         31
          0
         53
        167
         73
          0
          0
        255
          0
        136
          6
          0
        202
         87
          1
        166
         23
         52
        255
          0
         80
          0
          0
        140
          0
        255
          0
         97
          0
          0
        213
         29
         82
          0
         48
          0
        142
          0
          3
        255
          0
        124
          0
          0
          0
        123
         14
          0
          0
         28
        255
          0
         65
        192
          0
          0
          0
          0
          0
          0
        155
          0
          0
          0
          0
          0
         29
         42
         92
          0
          0
          0
          0
        153
        122
          0
          0
         18
          0
        255
         74
          0
        255
         10
         78
          0
        255
          0
        169
        255
          0
         37
        155
          0
        110
         31
          0
         57
         90
          7
        106
          0
         16
          0
         57
        168
          0
          0
          0
        132
          0
          0
          0
         63
        140
        177
        127
        146
          0
         48
        171
        186
          0
          0
          0
         20
          0
         54
          0
          0
          0
          0
