          0
         78
          0
         64
         74
         15
         19
          0
        109
          0
          0
        188
          0
        120
          0
         97
        174
          0
        100
        101
          0
        255
          0
         14
          0
          0
          0
          0
         34
          0
        200
          0
        175
         51
          0
         94
         90
         28
          0
        255
          0
          0
        239
        236
          0
        165
          0
         95
        118
          8
        114
        100
        136
          0
         11
          0
        169
        114
          0
          0
        160
        126
          0
         51
          0
          0
          0
        115
         84
          0
          0
          0
         36
         39
          0
        153
          0
        114
         48
         73
         66
          4
          0
          0
        164
          0
         34
          0
          0
          0
         61
         29
         30
          0
        250
         18
          0
          6
          0
         93
        216
         75
          0
          0
         46
          0
          0
        167
         48
        159
         10
        110
        114
          0
         99
          0
        155
        144
         28
         42
          0
          0
        112
          0
          0
          0
         60
          0
        188
        175
         51
         17
          0
         17
         66
        109
          0
          0
          0
         61
         39
        194
          0
          0
        192
         34
          0
        134
        254
          0
          0
         69
        169
          0
          0
         72
          0
          0
        219
         56
        105
          9
         38
          0
          0
          2
          0
        255
          0
          0
        204
        140
         62
         57
          0
          0
        170
        150
         17
         45
         70
        177
         52
          0
        167
         91
         83
          0
          0
        175
        247
          0
        111
          0
        155
          0
          0
          0
          0
        174
          0
          0
        167
        147
          0
        118
          0
          0
          0
        114
          0
         31
         14
          0
         32
         17
        134
         62
          0
         79
          0
        255
          0
          0
         94
         36
        132
         92
          0
         16
          0
        117
          0
         34
        211
        170
          0
        183
          0
        117
         24
          0
          0
          0
        102
          0
        115
          0
          0
         87
          0
         31
        188
          0
          0
          0
         59
          0
        168
         85
        170
          0
          0
         53
          0
         11
          0
        134
         14
        205
          6
          0
        164
         68
          0
         27
        232
        255
          0
         22
          0
          0
         94
        130
         38
        245
        117
          0
         28
          0
          0
        103
        172
          0
          0
        136
         56
          0
        169
        131
          0
        156
          0
          0
         75
         55
         20
          0
          0
          0
        128
          0
          0
         91
        109
         96
          0
        139
          0
          0
        214
          0
          0
          0
        101
          0
          0
        129
         31
          0
        110
        184
          0
        172
          0
          0
          0
        135
         40
        123
        166
         91
         91
          0
          0
        153
         83
          0
          0
         48
          0
         21
        195
         49
          0
         45
          0
          0
          0
         96
          0
          0
          0
        186
          0
         88
          0
          0
         72
         87
         24
         20
        143
        125
          0
          0
          0
         95
        109
         35
          0
          0
        232
         11
        122
          0
        173
          0
        238
          0
          0
         33
          0
          0
         57
         85
          0
          0
          0
          2
          0
         73
          0
          0
        204
        255
        113
          0
        212
          0
        112
         65
          0
          0
          0
         74
         24
          0
          0
          0
        144
         56
          0
        136
        116
          0
        216
        143
          0
         87
         69
          0
          0
          0
          0
        107
         49
          0
         26
          0
        149
        174
         15
         81
        163
         94
          0
          0
         84
          0
        128
        115
          0
          0
         61
        142
         20
          0
        106
        115
          0
         64
          0
          0
         63
        135
         39
         82
          0
          0
         90
          0
        167
        107
         73
         67
          0
          0
          0
         13
        166
          0
          0
         89
          0
          0
         31
        135
        111
         23
          0
         37
          0
        121
         78
          0
        104
        145
          0
        100
         36
          0
          0
          0
        132
          0
         30
         71
          0
          0
         86
          0
