        255
          0
         50
         20
         88
          0
        123
        252
          0
        241
        148
         36
          0
          0
          0
         11
          0
          0
         12
        246
          0
        160
        208
          0
          0
          0
         96
          0
         53
        169
         43
          3
        212
          0
         22
          0
        141
          0
         25
        255
          0
          0
          0
          0
        255
         19
          1
          0
          0
         12
        150
        255
          0
          0
         65
        173
          0
        255
          0
          0
          0
        255
          7
          0
        255
          0
         89
          0
        113
         11
          0
          0
        222
          0
        144
          0
         59
          0
          0
        255
        247
          0
         20
         95
          0
          0
        128
        230
         62
          0
          0
         34
          8
          0
          0
         57
        216
         15
         43
        143
        134
         65
          0
        255
          3
          0
          0
          0
        226
        145
          0
          0
        116
        226
          0
          0
          0
          0
        110
        255
          0
         68
         50
          0
          0
        112
         55
          0
        221
        159
         24
          0
        143
          0
         50
        255
          0
          0
         33
          0
        186
         91
          0
          0
        136
         88
         19
          0
          0
          0
         16
        255
          0
        143
        117
         42
          0
          0
          0
        134
         82
        234
          0
          0
          0
          0
          2
        255
        255
        216
          0
          0
          0
          0
          0
          0
         64
        255
          0
        255
          0
          0
        105
          0
          0
          0
          0
        244
          0
          0
          0
          0
        119
        255
          0
          0
          0
          0
          0
        255
          0
        119
          0
          0
         58
          0
          0
         30
          0
         67
          0
          0
         58
          0
         91
        126
          0
         59
          8
          0
          0
         16
          0
          0
        147
         56
          0
          0
         26
          0
          2
          0
        255
          0
        168
         76
         51
          0
         11
         72
        103
         29
          0
          0
         46
        157
          0
        214
          9
         75
        108
          0
         39
         52
        171
          0
          0
        255
          0
        176
        121
          0
          0
        255
         27
        136
          0
          0
          0
          0
         22
        255
          0
          0
         72
        255
          0
          0
          0
          0
          0
          0
         15
        255
        255
        120
        189
          0
          0
          0
          0
        124
         55
          0
         19
          8
         15
          0
          0
          0
         50
          0
        165
        255
        147
        219
         55
         79
          0
          0
          0
        176
          0
        222
          0
          0
          0
        255
         91
          0
          0
        233
          0
          0
         34
          0
          0
          0
          0
          0
          0
          0
         98
          0
         92
        229
        106
        173
        109
          0
          0
          0
        115
         24
        114
        170
          0
        104
        255
          0
          0
          0
          0
        193
          0
         91
         35
          0
         42
        255
         84
        220
        167
        244
          0
         21
          0
        122
        105
          0
          0
         22
          0
          0
          0
          0
          0
        194
        115
          0
         21
          0
          3
          0
        255
          0
          0
        255
         10
         99
          0
          0
         90
         10
          0
        255
         97
          0
        125
         31
         79
        255
          0
          0
          0
          0
        211
          0
          0
        128
          0
          0
        255
        194
        185
          0
          0
        116
          6
          6
          0
          0
          0
          0
        255
          0
        152
        132
        126
        210
          0
          0
          0
         87
         37
          0
          0
          0
        167
          0
         24
        160
         37
         14
        111
          0
          0
        114
          0
        217
          0
          0
          0
          0
          0
        255
          0
          0
        148
         98
         21
          0
          0
          0
          0
          0
          0
        255
          0
          0
          0
        255
          0
         51
          8
          0
          0
          0
          0
          0
        225
          0
          0
          0
          0
         57
          0
          0
          0
          0
        118
        255
        162
        255
        114
          0
          0
        125
         53
          0
          0
          0
          0
        255
          0
        105
          0
          0
         71
        172
        109
          0
          0
        199
          0
          0
        111
         74
          0
        255
         98
          0
        125
        149
          0
          0
          0
        148
          0
         50
        131
        102
          0
          0
          0
          0
          0
        251
          0
          0
        255
        107
          0
          0
          0
        255
          0
        255
         49
          0
          0
          0
          0
         16
        196
        255
        227
          0
          0
        104
         42
          0
          0
        205
         51
         79
          0
        255
          0
        204
          0
         14
        255
          0
         58
          0
          0
        137
          0
          0
          0
         90
         90
        255
         41
          0
         54
         69
          0
         98
          0
          0
          2
        116
         47
        116
         32
          0
        105
          0
         70
        146
          0
          0
        255
         81
         52
         46
          0
         48
          0
          0
          0
          0
          0
          0
        255
         63
          0
          0
         67
         63
        171
          0
          0
         80
         44
          0
          0
         30
          0
          0
          9
        175
          0
          0
          0
        255
          0
        140
         14
        159
         69
        148
          0
          0
         28
          0
        219
         38
         97
          9
         49
          0
          6
         12
        112
        221
        126
          0
         53
          2
        224
          0
          0
        255
         16
          0
        255
          0
          0
          0
        218
        240
        120
        255
         12
          0
         41
          0
          0
          0
          0
          0
        248
        181
        137
        177
        100
          0
          0
        255
          0
          0
        195
        255
          0
          0
         41
          0
          0
          0
          0
          0
          0
        187
        107
          0
         76
          9
          0
          0
        255
         66
          0
          0
         33
        161
          0
        123
          0
          0
        163
          0
          0
        186
          0
        226
          0
        184
         70
          0
         48
          0
          0
          0
         61
          0
         59
          0
          0
        129
          0
          0
          0
          0
         30
        255
        170
        255
        114
         54
        180
         51
          0
          0
          0
        188
          0
          0
         57
          0
          0
          0
          0
        255
        162
          0
        255
          0
        101
          0
          0
          0
          0
          0
          0
         55
          0
        255
          0
          0
          0
         57
          0
         29
         84
        108
          0
          0
         57
          0
          0
        216
        125
          0
        255
          0
          0
          0
          0
          0
         14
        168
          0
          0
          0
          0
          0
          0
          0
          0
         53
          0
          0
          0
          0
          0
         93
        255
          0
         83
        138
        255
          0
        205
          0
        123
        255
         25
          0
        128
          0
          1
         56
          0
         81
         87
          0
         89
        255
          0
          0
        255
        154
        255
         96
          0
         91
          0
        100
          0
          0
          0
        218
        255
         77
         57
         65
          0
        202
          0
          2
        119
          0
          0
        187
          0
         43
          0
          8
        255
          0
          0
        157
        245
         28
        157
          0
          0
        181
        107
          0
         58
          0
          6
        165
          0
        128
        124
          0
          0
        255
          0
          0
        140
        247
        211
          0
          0
          0
          0
          0
          0
        255
         71
          0
          0
         94
          0
          0
         97
          0
          0
          0
          0
          0
          0
          0
        216
          0
          0
          0
         36
        255
        255
          0
          0
         61
          0
          0
         44
         46
         42
          0
          0
          0
        115
         37
          0
        216
          0
         13
        120
          0
          0
         78
        255
          0
        127
          0
          0
         40
        132
          0
          0
        255
          0
          0
          0
         56
         16
        108
          0
          0
          0
          0
          0
          0
          0
         18
          0
         33
          0
        150
          4
        255
          0
          0
        143
          0
        169
          0
          0
        204
          0
          0
          0
          0
          0
        119
        110
          0
          0
         57
          0
          0
          0
          0
          0
        255
          0
          0
        255
        136
          0
        184
          0
          0
        255
          0
         21
          0
        236
          0
        255
          0
        150
          0
          0
        255
        255
          0
         55
          0
          0
        201
          0
          0
          0
          0
          0
          0
         62
          0
        106
          0
          0
         73
        188
          0
          0
          0
        255
         27
          0
          0
          2
          0
         68
          0
        255
        255
        125
        192
         33
          0
          0
        124
         46
         16
         10
          0
          0
          0
          0
        128
         81
        164
          0
         55
          0
          0
        255
          0
         43
          0
          0
        184
          0
        255
         40
         93
          0
        255
        255
          0
         73
          0
          0
        167
        255
         42
         26
          0
          0
        255
         37
         78
          0
          0
          0
          0
          0
         43
          0
        200
          0
         43
         21
        185
          0
        109
        255
        104
          0
        113
          0
          0
          0
          0
        236
          0
          0
          0
          0
         62
          0
        255
        247
          0
          0
          0
          0
          0
         69
          0
          0
          0
          0
          0
          0
          0
        255
          0
        186
         34
          0
        255
          0
          0
         95
          0
        228
         22
         11
          0
          0
         46
        255
          0
        174
         93
        174
        119
         43
        130
          0
         35
        169
         25
          0
         31
          0
          0
        255
          0
        154
          0
        154
        255
        196
          0
         64
          0
          0
          0
        130
          0
          0
          0
          0
        255
          0
          0
        255
        145
          0
        153
          0
          0
         45
          0
         20
          0
        151
        192
          0
          0
        218
          0
          0
          0
          0
          0
        139
        255
        192
         35
          0
          0
          0
          0
          0
         64
         83
          0
        178
          0
          0
          0
          0
          0
        114
          0
          0
          0
          0
        134
          0
          0
          0
          3
          9
         11
          0
          0
          0
         70
         94
          0
          0
          0
          0
          0
          0
        255
          0
          0
        255
        239
        255
        137
          0
        145
          0
         18
          0
          0
          0
          0
          0
         58
          0
         47
          0
        255
          0
        130
          0
          0
          0
        120
          0
          0
          0
         81
        255
          0
         78
         77
          0
          0
          0
          0
         35
          0
          0
        202
        255
          0
          0
          0
          0
          0
         33
          0
        138
          0
         57
          0
          0
        255
         92
        172
          0
         10
        135
         47
         12
        251
        104
         28
          0
          0
         15
        150
          0
          0
          0
        102
         65
          0
          0
          0
        255
          0
         88
          0
          0
         76
         22
          0
          0
          0
         27
          0
        243
          0
          0
        146
          0
         48
         57
         70
        232
         30
          0
          0
          0
        168
        150
          0
          0
          0
         10
        179
          0
        144
          0
          0
          7
          0
          0
          0
         63
          0
          0
          1
        248
          0
          0
          0
          0
        255
        130
         29
        255
        122
        123
          0
        197
        117
        253
          9
          0
         13
          0
          8
        255
          0
        167
         16
          0
         80
        120
         15
         79
          0
        255
          0
          0
         75
        121
          0
          4
          0
         67
         84
          0
          0
        160
          0
        191
          0
        134
         57
          0
          0
          0
         92
          0
          0
        119
          0
          0
         30
        255
          4
          7
        255
          0
          0
         57
          0
          0
          0
          0
        108
          0
          0
          0
         71
          0
          0
        140
        213
        162
          0
         97
         39
          0
        152
          0
          0
        164
          0
        125
        255
        255
          0
        119
          0
        255
          0
          0
        119
        196
         35
          0
        255
          0
         20
          0
          0
          0
        129
         28
          0
          0
          0
          0
          0
          0
        188
        255
          0
        255
         86
        147
        255
        168
          0
          0
          0
         42
         22
          0
         20
        158
         40
          0
          0
          0
          0
        151
        164
          0
          0
          0
        143
        180
          0
          0
          0
        118
          0
          0
          0
        198
          0
        231
          0
          3
          0
          0
          0
         85
        109
         15
          0
        163
          0
        255
          0
         75
          0
          0
          0
        255
         61
        184
          0
          0
          0
        255
          0
          0
          0
          0
          0
        165
        110
        255
          0
          0
         91
          0
          0
        255
          0
          0
          0
          0
          0
          0
        134
          0
          0
          0
         79
          0
        117
        109
        180
          0
          0
          0
          0
          0
        126
        255
          0
          0
          0
          0
          0
          0
          0
          0
         18
        150
          2
          0
          0
          0
         28
        255
          0
        151
          0
          0
         86
          0
         93
         84
          0
         25
          3
         70
          0
         53
        147
          0
          0
        217
        112
         86
        183
          0
          0
          0
         96
        173
          0
        255
         26
        125
          0
          0
          0
          0
          0
          0
         45
        126
          0
          0
          0
        135
         25
          0
          0
          0
        220
        255
          0
         79
         89
          0
         97
          0
         36
          0
          0
        255
        243
          0
         57
        129
          0
          0
        117
         25
          0
        117
        175
         40
        171
          0
         74
          0
          0
          0
          0
          0
          0
          0
         96
         39
          0
        255
        119
          0
          2
         10
          0
        255
          0
         38
         74
         36
          0
          0
        120
          0
        163
        255
          2
         64
          0
          0
        194
        141
        142
          0
          0
          0
        141
        218
        231
         48
        112
          0
        255
        255
         13
        113
          0
        255
         23
        238
          0
         65
          0
          0
          0
          0
        136
        255
          0
        135
          0
        209
         52
        110
          0
          0
          0
          0
        106
          0
          0
        136
          0
         60
          0
          0
          0
          0
          0
          0
          0
          0
          0
          0
          0
          0
        217
        123
          0
        255
        204
        144
          0
        112
          0
          0
        102
          0
          0
        133
        203
        255
          0
        249
        136
          0
        255
          0
         74
          0
          0
          0
         80
        255
        107
          0
          0
          0
          0
          0
          0
          0
          0
          0
         12
         66
          0
        100
        154
        255
          0
        255
          0
          0
          0
          0
         61
          0
          0
        174
          0
        122
          0
          0
          0
        147
          0
          0
          0
          0
        149
         62
          0
          0
         68
          0
          0
          0
          0
        118
         92
          0
          0
          0
         98
        210
          0
          0
         79
          0
        145
          0
          0
         72
          0
          0
          0
          0
        101
         17
         81
          0
        255
         69
          0
          0
        178
          0
         42
          0
         65
        222
        104
          0
          0
          0
        117
        255
          0
        139
          0
          0
        157
          0
          0
         22
          0
          0
        131
        255
          0
          0
          0
        255
          0
          0
          0
          0
         20
          0
         21
        101
         32
        161
          0
          0
          0
          0
          0
        255
        192
        255
          0
          0
        255
          0
         67
          0
          0
          0
          0
        139
          0
          0
          0
          0
        121
          0
          0
        255
         23
          0
          0
          0
          0
        166
          0
          0
          0
          0
          0
         26
        255
        255
         64
          0
        255
         16
         60
          0
        255
          0
          0
          0
          0
        133
        132
         81
         49
         71
          0
          0
        150
        110
         96
          0
        116
        206
         63
          0
          0
          0
          0
        204
         96
        255
         95
          0
        111
        190
          0
          7
          0
          0
         95
        212
          0
          0
          0
          0
        138
         43
          0
        255
         68
        106
          0
          0
          0
          0
         48
          0
          0
        255
         99
        255
        216
        192
          1
         55
        202
          0
         99
          0
          0
          0
        129
          0
         14
          0
          0
          0
         66
          0
          0
          0
        190
        149
          0
        255
        133
          0
        177
         32
         36
        165
          0
        255
        111
        174
        114
        136
        142
         42
         27
          0
