          0
          0
         48
          0
          0
          0
          0
          0
          0
         89
        255
          0
        255
          0
          0
          0
         84
          0
         25
        255
          0
         96
        139
        181
          0
        238
          0
          0
         83
        255
          0
         29
          0
          0
        222
        165
          0
          0
          0
          0
         68
         65
         21
          0
        149
        255
          0
          0
          0
        224
          0
        255
        179
          0
        167
        152
          0
          0
          0
          0
        109
        215
          0
          0
         70
          0
         96
        176
         28
          0
        121
          0
         22
        135
          0
          0
          0
        215
          0
          0
          0
        224
        169
         95
         31
        102
        139
        155
          0
        181
          0
          0
         58
        255
        152
          0
          0
          0
         49
        255
          0
          0
         66
          4
          0
        114
          0
          0
        255
          0
        255
        141
        186
        189
        163
        255
        136
         41
         39
          0
         58
          0
          0
          1
         38
          0
          0
         20
        123
        111
          0
          0
          0
          0
          0
         46
         43
         27
        255
          7
          0
          0
          0
        152
          0
          0
         17
        255
          0
         32
          0
          0
        255
          0
        158
          0
        129
          0
          0
          0
          0
          0
        149
        255
          0
          8
          0
        170
          0
          0
         70
         59
        255
          0
        255
          0
        100
          0
        120
          0
          0
          0
          0
          0
        255
        227
         76
          0
          0
        140
          4
          0
          0
         30
        235
          0
         66
        132
          0
        140
          0
          0
        255
          0
          0
          4
        255
        140
        255
          0
        157
         33
        203
          0
        115
         53
          0
         16
         56
        198
          0
          0
          0
         18
          0
          0
          0
          0
          0
          0
         14
          0
          0
          0
          0
        113
          0
          0
         10
        180
         60
        160
         65
        167
         19
          4
         40
         98
        255
         53
          0
          0
          0
        255
        160
          0
        138
        197
          0
          0
          0
          0
          0
         68
          0
         69
        205
          0
        255
          0
          0
          0
        160
          0
          0
        255
          0
          0
          0
         45
          0
        255
          0
          0
         85
        255
          0
         38
         80
          0
        196
        255
         80
         66
          0
          0
          0
         53
          0
          0
          0
          0
        199
          0
        177
        133
          0
          7
        187
         79
        137
         49
          0
          0
          0
          0
        137
        103
          0
        243
          0
          0
         36
          0
         62
         28
          0
          0
          0
        110
          0
          0
          0
        124
        255
         66
         58
         31
         51
         56
        145
          0
          7
         61
        178
        128
         40
          0
         80
          0
         53
         18
          7
          0
        156
        213
          0
        158
         10
         16
          0
         43
          0
         74
          0
        105
        255
        184
        228
        144
        110
        224
        203
         75
         12
        120
        255
          0
          0
          0
        180
        255
        101
          0
          0
        174
        163
         72
          0
        140
          0
         26
          0
          0
        101
          0
          0
        255
        239
          0
        168
          0
        184
        255
          0
          0
        183
         76
        145
        198
        123
         46
          0
          0
        125
         19
         81
          0
          0
          0
          0
          0
          0
          0
          0
          0
          0
         76
          0
          0
         38
          0
          0
          0
          0
          0
         53
         23
        112
         95
         82
          0
         85
          0
          0
          0
          0
          0
         90
         35
        162
          0
          0
          0
        140
          0
         94
          6
          0
         68
        255
          0
          0
        206
          0
        181
          0
        162
         94
          0
        131
          0
          0
         63
        140
          0
          0
        249
        172
         12
        105
          1
          0
          0
        145
         77
        140
          0
          0
          7
         30
         31
          0
          0
          0
          0
        135
          0
          0
        205
          1
        115
        178
        153
        171
          0
          0
          0
          0
        255
        164
          0
