        129
          0
          0
          0
          0
         56
        141
          0
          0
          0
        255
          0
         81
        255
        205
          0
        140
        255
         57
          0
          0
          0
         92
          0
         17
          0
          0
        184
          0
         67
          0
        255
         78
          0
        123
          0
          0
          0
        196
          0
          0
        255
        255
          0
          0
        255
         68
          0
          0
          0
          0
          0
          0
          0
         28
        238
          0
          0
          0
          0
          0
          0
          0
          0
          0
         87
          0
          0
          0
          0
        160
          0
          0
        255
        255
        159
         81
          0
         94
        255
          0
        255
        126
          0
          0
          0
          0
          0
          0
          0
          0
          0
          1
          0
          0
          0
         48
        255
          0
          0
          0
          0
          6
          0
          0
        166
        255
          0
          0
          0
        135
        235
          0
          0
        107
          0
        255
          0
          0
          0
        255
        237
          0
          0
          0
          0
          0
        167
          9
        255
          0
         26
          0
        169
        207
          0
        255
        255
          0
          1
         53
          0
          0
          0
          0
        255
         40
        166
        255
        250
          0
          0
          0
          0
        127
          0
          0
          0
          0
        123
         71
        255
          0
          0
          0
          0
        181
          0
        203
        255
        255
         20
        173
          0
         31
          0
          0
          0
          0
          0
        255
        239
          0
        235
          0
          0
        255
          0
         15
         60
          0
         93
         74
        255
         12
          0
          0
        183
        255
          0
          0
          0
        255
         84
          0
          0
        172
          0
        222
        255
        249
         53
          0
          0
         94
         32
          0
        255
          0
          0
          0
          0
          0
          0
         55
        111
          0
          0
          6
        181
          0
          0
          0
        255
        145
          0
        109
        255
          0
        255
        177
         99
          0
          0
          0
        187
         60
          0
        255
          0
          0
          0
          0
          0
          0
        255
          0
          0
          0
        115
        186
          0
        105
        106
          0
          0
        255
        145
         46
        255
          0
          0
          0
          0
          0
         29
        255
          0
        143
        112
          0
          0
          0
          0
         17
          0
         42
        119
          0
        213
          0
         26
          0
         90
        145
          0
          0
        191
        255
          0
          0
          0
        178
        207
          0
         40
         48
          0
          0
        238
         71
         47
          0
          0
          0
          0
          0
          0
        125
         85
          0
          0
        144
         92
         14
          0
        232
         20
        253
        214
        255
         36
         24
          0
        167
        118
        182
        240
          0
          0
          0
         10
        119
          0
          0
          0
          0
          0
        199
          0
         19
          0
          0
          0
         65
          0
          0
         98
          0
          0
        255
        229
        255
        100
         22
          0
          0
          0
          0
        182
          0
          0
        255
         73
          4
          0
        255
          0
          0
          0
          0
          0
          0
          0
          0
          0
          0
        239
          0
        114
          0
          0
        166
          0
          0
        150
          0
          0
        193
        255
        234
          0
         58
          0
        255
          0
         91
          0
          0
          0
        255
        255
          0
          0
          0
        125
          2
          0
        183
        193
         51
         63
        240
         66
        252
        255
         77
          0
          0
          0
        100
        221
          0
        150
         35
          0
        100
          0
        101
         31
         74
          0
        255
          0
         98
        110
        255
        171
          0
          0
          0
          7
          3
         73
         70
          0
          0
        255
          0
         70
         51
          0
          0
          0
          0
        233
         64
          0
        138
          0
          0
          0
          0
        130
        255
        255
          0
          0
          0
        226
          0
          0
        196
          0
          0
        110
          0
        255
          0
          0
        255
          0
          0
          0
          0
          0
          0
        168
          0
         10
        215
        198
         16
          0
        255
        181
        255
          0
          0
          0
        255
          0
         33
          0
         92
        255
         64
          0
        143
          0
        255
          0
          0
         97
          0
        255
        142
          0
        242
          0
          0
         92
          0
          0
         61
          0
        255
          0
        255
        118
          0
         14
         61
         76
         59
          0
        181
         35
          0
        171
        122
         97
          0
        239
        255
        123
         53
        255
        111
         41
          0
        144
          0
         87
          0
          0
         82
        181
          0
          0
        255
          0
          0
          0
          0
        175
          0
        255
          0
        175
         91
        162
         72
          0
          0
        255
        255
        255
          0
        255
        108
        255
        248
         52
          0
         55
          0
          0
          0
         32
         21
        255
        142
         88
          0
         12
          0
          0
          0
          0
        204
        237
         71
        173
         98
        198
          0
        153
          0
          0
        123
        255
        111
          0
          0
          0
         47
          0
          0
          0
          0
          0
          0
          0
        132
          0
          0
          0
          0
        119
          0
        255
          0
        160
          0
         79
        146
          0
          0
        230
          0
         20
          0
        255
         49
        255
          0
         29
          0
         35
          0
        225
        151
          0
          0
          0
        255
          0
          0
         33
         37
        255
          0
        245
        131
        146
          0
        129
        167
        195
          0
        255
        255
        205
          0
        255
        131
        184
         13
        248
         45
        113
          0
          0
         12
        201
        255
         25
          0
          0
         82
          0
          0
        171
          0
          0
          0
          6
         42
        148
          0
          0
          0
          8
        255
          0
         13
        255
          0
          0
          0
        181
          0
        213
        146
          0
          0
         12
          0
        255
          0
          0
          0
          0
          0
          0
         26
          0
        116
          0
          0
        146
        255
        178
        111
        200
        197
          0
          0
        255
         38
          0
          0
          0
          0
         48
        248
         49
          0
        105
        255
          0
          0
          0
        158
         42
          0
          0
         80
          9
          0
        255
         96
         12
        215
          0
        217
          0
          0
          0
          0
        255
        157
          0
          0
        148
          0
         32
        255
          0
          0
        224
          0
          0
          0
          0
          0
        103
          0
          0
          0
          0
        150
        229
        255
        124
          0
         32
          0
         79
          0
        255
          0
          0
         90
        255
          0
         98
          0
          0
          0
        172
        134
        225
         27
          0
          0
        255
         61
          0
          0
          0
          0
        109
        103
          0
        132
         46
          0
          0
          0
          0
          0
          0
          0
          0
          2
          0
          0
          0
          0
         30
          0
          0
          0
        108
        131
         32
          0
          0
          0
        115
          0
          0
         56
        255
          0
          0
        164
          0
         10
         82
          0
        173
          0
          0
        151
        255
        191
        245
          0
        160
          0
        200
          0
          0
         56
          0
        149
          0
        115
          0
        102
         30
        106
        255
          0
        255
          0
         80
          0
        131
         56
          0
          0
        117
          0
        246
          0
          0
         76
        178
         53
          0
         19
        113
          0
          0
         78
          0
          0
         38
          0
          0
          0
          0
          0
        168
          0
          0
          0
        124
          0
        159
         23
         46
          0
          0
          0
          0
         77
          0
         23
          0
          0
          0
          3
         24
          0
          0
          0
          0
          0
        255
          0
          0
        175
          0
          0
          0
          6
         41
          0
          0
          7
        116
          0
          0
          0
        165
        255
        111
          0
          0
          0
          0
        105
         13
        102
          0
          0
          0
          0
        105
          0
          0
          0
          0
          0
          0
          0
        227
         34
          0
          0
          0
          0
        147
        188
          1
        121
        219
          0
        133
          0
          0
          0
          0
          0
        217
        255
          0
          0
         35
          0
        208
        255
          0
        255
          0
          0
          0
          0
          0
          0
         88
          0
          0
          0
          0
          0
          0
          0
         99
          0
          0
          0
        255
          0
          0
         40
          0
          0
          0
          0
          0
        133
        180
          0
         35
          0
        113
          0
          0
        218
        104
          0
         47
        180
        236
         36
          0
          0
          0
          0
        201
        255
          0
         10
        255
        150
          0
          0
        118
         49
         36
        255
         70
        142
        137
          0
         20
          0
         11
          0
         67
          0
          0
          0
        255
          0
          0
        113
         34
          0
         11
          6
          0
          0
          0
         25
        255
          0
        207
          0
        125
         79
        110
          0
          0
          0
        255
          0
          0
        255
          0
          0
         46
          0
        201
          0
          0
          0
        126
          0
        101
        206
          0
          0
        255
          0
        120
          0
          0
          0
        255
         84
        255
        125
         50
          0
        152
         33
          0
        220
        133
         59
          0
         21
        106
        255
        159
          0
          0
          0
        118
          0
         30
          0
          0
          0
          0
          0
          0
          0
          0
         42
          0
         88
          0
        240
        137
          0
          0
          0
          0
          0
         13
          0
          0
          0
          0
          0
        155
          0
        255
          0
          0
        207
        153
          0
         62
         36
         87
        126
         23
         56
          0
        133
         44
         66
          0
        166
         69
        252
          0
          0
         66
          0
        222
          0
          0
          6
        106
         83
          0
          0
        255
          0
         70
          0
        165
        220
          0
          0
        255
          0
          0
        129
          0
          0
          0
          0
         92
          0
         44
          0
          0
          0
          0
          0
          0
          0
          0
          0
         44
          0
        137
          0
        255
          0
          0
          0
         64
        255
         25
         77
         84
          0
        128
          0
          0
         87
        220
          0
        189
          0
         70
          0
        207
          0
          0
          0
         51
        255
         27
          0
          0
        255
        179
         12
        255
          0
        255
        238
          0
          0
         72
          0
         69
          0
         59
        233
        255
          0
          0
          0
          0
          0
          0
          0
        186
        171
         29
          0
          0
          0
          0
          0
        106
          0
        255
          0
        255
         25
        152
        195
         78
          0
          0
          0
        255
          0
          0
         73
          0
          0
        222
         37
          0
          0
         49
          0
          9
        169
         68
          0
          0
          0
          0
          0
          0
          0
          6
          0
          0
          0
        221
          8
          0
        110
        130
          0
          0
          0
        145
         39
        255
         29
        161
          0
        165
        234
          0
          0
          0
         82
          0
          0
          0
         27
        107
         45
          0
          0
          0
          0
          0
          4
          0
        195
        110
        205
          0
          0
          0
        255
         43
        105
          0
         10
          0
          0
         83
          0
          0
          0
          0
         58
          0
          0
        117
          0
        136
          0
         80
         31
          0
          0
          0
          0
        226
        245
          0
        255
          0
          0
        255
          0
          0
         38
         92
          0
        105
         52
          0
          0
          0
          0
          0
          0
          1
          0
          0
          0
         32
        102
          8
          0
        173
          9
          0
          7
          0
         85
          0
        207
          0
          0
        191
          0
         86
        241
        252
         83
        227
        130
        239
        125
        128
          0
          0
          0
          0
          0
          0
        255
         87
          0
         31
          0
          0
          0
          0
          0
         21
          0
         20
         57
          0
          0
        110
          0
          0
          1
        255
          0
        255
         25
          0
          0
         47
          0
        242
          0
          0
        145
         31
        255
          0
         82
        121
         33
          0
          8
          0
          0
          0
        239
         53
        178
         60
        109
          0
        255
         92
          0
          0
          0
          0
          0
        183
          0
         15
        255
        255
         13
          0
          0
          0
         85
          0
        165
          0
          0
          0
          0
        112
         46
        239
        219
          0
        220
         87
          0
          0
          0
          0
          0
        255
          0
          0
        221
         11
          0
        107
        240
        165
          0
         80
        255
        130
          0
          0
          0
         47
          0
          0
          0
        255
          0
          0
         22
          0
          0
          0
          0
        255
        255
         15
          0
          0
          0
        128
        255
          0
          0
          0
        255
        223
          0
         62
          0
          0
          0
        107
         69
          0
          0
          0
          0
         14
        206
        255
          0
         29
        255
          0
        255
        255
          0
          0
          0
          0
        142
          0
          0
          0
        170
          0
          0
        213
          0
        255
          0
          0
          0
          0
          0
         46
          0
          0
          5
          0
          0
        182
         54
        191
        255
         16
          0
          0
          0
        255
         44
          0
          0
        245
          3
        255
          0
        108
          0
          0
          0
        160
          0
          0
          0
         21
         10
          0
        100
        130
          0
          0
          0
        240
          0
          0
        113
          0
          0
         86
          0
         55
          4
          0
          0
        255
          0
        115
          0
          0
          0
          0
          0
          0
          0
          0
          0
          0
        108
         85
          0
          0
          0
        255
        188
        157
          0
          0
         84
          0
          0
        255
        255
          0
          0
          0
          0
          0
        228
         81
          0
         86
          0
        213
         59
          0
          0
        105
          0
        255
          0
          0
        119
          0
          0
          0
         77
         35
        128
        157
        249
        169
          0
        255
          0
          0
         28
          0
          0
         51
        237
          0
         36
        102
          0
          0
          0
        150
          0
         58
          0
          0
          0
         38
          0
        213
          0
          0
          0
          0
          9
          0
        206
          0
          0
          0
        255
         88
          0
          0
         80
        255
          0
        206
          0
         45
          0
        165
          0
        255
        255
          0
        255
          0
          0
          0
          0
          0
          0
          0
          0
        133
          0
          0
        121
          0
          0
          0
          0
          0
          0
          0
          0
        244
         32
          0
          0
          0
        255
        220
          0
         64
        140
        193
        255
          0
          0
         29
        255
        250
         68
          0
        206
          0
        154
        132
          0
          0
          0
          0
          0
          0
          0
          0
          0
        255
          0
          0
        255
          0
        255
          0
          0
          6
        255
        255
        255
        181
        184
          0
        139
        128
          0
          0
          0
         96
        199
        156
        209
        205
          0
          0
          0
          0
          0
        178
          0
         91
          0
          0
          0
          0
          0
         19
         61
          0
        174
        255
        171
        250
        134
          4
          0
          0
         98
         78
          0
          0
        211
          0
        241
          0
          0
          0
          0
        183
          0
         33
          0
        255
          0
        221
          0
          0
          0
          0
          0
          0
        255
          0
        255
         34
          0
          0
          0
        255
         94
        204
        132
        222
         39
          0
          0
        122
         48
        100
          0
          0
          0
          0
        165
          0
         37
          0
        255
          0
          0
         54
          0
         29
        255
        169
        154
        221
          0
          0
        255
        227
        115
        143
        169
          0
         26
        144
        118
          0
          0
          0
        255
          0
          0
          0
         81
          0
         59
          0
          0
          0
        255
          0
          0
          0
        255
        123
        156
          0
          0
          0
         95
        165
          0
        255
         96
        191
         78
          0
          0
        160
          0
         74
          0
          0
          0
          0
        204
        255
          0
          0
          0
          0
          0
         24
          0
          0
        255
          0
          0
        255
          0
          0
          0
        226
          0
        184
         89
          0
         90
          0
          0
         17
         92
         26
        255
        146
          0
        255
          1
        255
        101
        178
          0
          0
        154
          0
          0
          0
          0
          0
          0
          0
          0
          0
         21
        176
