          0
          0
          0
          0
          0
        255
          0
          0
          0
        255
          0
          0
          0
          0
        255
          0
          0
          0
          0
         49
         41
        255
         48
          0
          0
          0
         95
          0
          0
          0
          0
          0
          0
         12
          0
        105
          0
          0
        229
          0
          0
        255
          0
          0
          0
          0
          0
        134
          0
        185
          0
          0
         65
        186
         33
          0
          0
          0
          0
        128
          0
          4
         61
          0
        255
          0
          0
          0
          0
          0
        255
        133
          0
          0
          0
         99
          0
         17
        214
        125
          0
        174
          0
          0
          0
         86
          0
          0
        246
          0
          0
         26
        196
          0
          0
         67
          0
         39
          0
         28
        165
         16
        148
         89
          0
          0
        236
        255
          0
         43
          0
          0
          0
          0
          0
         84
         39
          0
          0
          0
         46
          0
         26
         29
        211
          0
        104
        118
          0
          0
          0
         17
          0
        187
          0
        114
        246
          0
          0
        189
          0
        183
          0
         85
          0
        171
        175
          0
          0
        181
          0
          0
          0
          0
        135
          0
          6
        109
         50
          0
          0
          0
         98
          0
         63
          0
        255
          0
         61
        255
        193
          0
         85
         44
          0
        127
          0
          0
        255
         86
          0
          0
          3
          0
        233
        114
          0
          0
        147
         34
          0
          0
        255
         34
          0
          0
          0
          0
          0
          0
        242
         75
        132
          0
        117
        135
        255
        128
          0
        102
          0
          0
         36
          0
         42
          0
          0
          0
          0
          0
         43
         60
          0
          0
        255
          0
        105
          0
          0
          0
        255
          0
          0
          0
          0
        135
        255
          0
          0
          0
          0
          0
          0
         96
          0
        255
          0
          0
          0
        161
          8
          0
         40
          0
         30
          0
        158
        123
          9
          0
          0
        180
          0
          0
        253
          0
          0
          0
          0
        106
        255
          0
          0
          0
          0
        123
          0
        255
          0
          0
          0
          0
          0
         32
         45
        117
         84
          0
          0
          0
        116
          0
          0
          0
        255
          0
         40
          0
         83
          0
        243
          0
          0
          0
          0
          0
          0
          0
        228
        136
         24
          0
          0
        174
        106
          0
          0
        170
          0
          0
          0
          0
          0
         55
          0
          0
        255
         25
        227
          0
        246
        242
        140
        166
          0
          0
          0
          0
          0
         16
          0
         22
         31
          0
          0
         34
         75
          0
          0
         30
          0
          0
          0
          0
          0
         90
          0
          0
        255
          0
          0
         18
          0
          0
          0
         99
          0
          0
          0
          0
          0
          0
          0
          0
          0
          0
          0
        190
          0
          0
          0
         72
        129
          0
          0
          0
         62
          0
         64
         91
          0
        232
        244
         54
          0
        157
        201
          7
          0
          7
         20
        171
          0
          0
         38
         15
         17
         43
          0
         85
          0
          2
        216
         46
          6
          0
          0
          0
          1
          0
        122
          0
        159
        255
        141
          0
        221
          0
        235
          0
          0
          0
          0
          0
          0
        134
          0
          0
         10
          0
          0
         52
          0
        153
         24
        147
          0
          0
          8
         48
        125
          0
        105
          0
        255
        255
        255
          0
        130
          0
         59
        159
        255
          0
          0
          0
          0
          0
        231
          0
          0
         19
          0
         39
          0
          0
        138
        124
          0
          0
          0
          0
         79
          0
         46
          0
        255
          0
          0
        148
        200
          0
          0
         15
          0
          0
          4
          0
          0
         67
          0
        171
          0
         54
          0
          0
         20
          0
          0
         70
          0
        124
