        122
        120
        126
        119
        126
        125
        125
        118
        115
        124
        124
        121
        137
        123
        130
        122
        123
        127
        127
        125
        119
        135
        126
        122
        126
        123
        124
        124
        133
        131
        131
        112
        127
        132
        131
        124
        116
        123
        123
        118
        118
        121
        132
        131
        123
        121
        126
        119
        131
        123
        119
        123
        126
        119
        123
        122
        126
        117
        129
        124
        126
        127
        121
        126
        132
        128
        127
        137
        124
        118
        122
        120
        125
        120
        122
        125
        117
        122
        134
        137
        122
        118
        119
        133
        110
        128
        131
        126
        129
        133
        129
        132
        126
        130
        121
        136
        141
        126
        127
        129
        116
        117
        123
        130
        116
        124
        119
        133
        115
        128
        118
        116
        124
        120
        122
        134
        135
        114
        116
        121
        134
        123
        123
        125
        121
        117
        136
        128
        121
        141
        119
        117
        113
        121
        127
        120
        134
        126
        131
        124
        117
        129
        123
        127
        118
        120
        110
        120
        124
        137
        127
        118
        112
        120
        135
        124
        116
        119
        123
        136
        122
        120
        126
        119
        126
        125
        125
        118
        115
        124
        124
        121
        137
        123
        130
        122
        123
        127
        127
        125
        119
        135
        126
        122
        126
        123
        124
        124
        133
        131
        131
        112
        127
        132
        131
        124
        116
        123
        123
        118
        118
        121
        132
        131
        123
        121
        126
        119
        131
        123
        119
        123
        126
        119
        123
        122
        126
        117
        129
        124
        126
        127
        121
        126
        132
        128
        127
        137
        124
        118
        122
        120
        125
        120
        122
        125
        117
        122
        134
        137
        122
        118
        119
        133
        110
        128
        131
        126
        129
        133
        129
        132
        126
        130
        121
        136
        141
        126
        127
        129
        116
        117
        123
        130
        116
        124
        119
        133
        115
        128
        118
        116
        124
        120
        122
        134
        135
        114
        116
        121
        134
        123
        123
        125
        121
        117
        136
        128
        121
        141
        119
        117
        113
        121
        127
        120
        134
        126
        131
        124
        117
        129
        123
        127
        118
        120
        110
        120
        124
        137
        127
        118
        112
        120
        135
        124
        116
        119
        123
        136
        122
        120
        126
        119
        126
        125
        125
        118
        115
        124
        124
        121
        137
        123
        130
        122
        123
        127
        127
        125
        119
        135
        126
        122
        126
        123
        124
        124
        133
        131
        131
        112
        127
        132
        131
        124
        116
        123
        123
        118
        118
        121
        132
        131
        123
        121
        126
        119
        131
        123
        119
        123
        126
        119
        123
        122
        126
        117
        129
        124
        126
        127
        121
        126
        132
        128
        127
        137
        124
        118
        122
        120
        125
        120
        122
        125
        117
        122
        134
        137
        122
        118
        119
        133
        110
        128
        131
        126
        129
        133
        129
        132
        126
        130
        121
        136
        141
        126
        127
        129
        116
        117
        123
        130
        116
        124
        119
        133
        115
        128
        118
        116
        124
        120
        122
        134
        135
        114
        116
        121
        134
        123
        123
        125
        121
        117
        136
        128
        121
        141
        119
        117
        113
        121
        127
        120
        134
        126
        131
        124
        117
        129
        123
        127
        118
        120
        110
        120
        124
        137
        127
        118
        112
        120
        135
        124
        116
        119
        123
        136
        122
        120
        126
        119
        126
        125
        125
        118
        115
        124
        124
        121
        137
        123
        130
        122
        123
        127
        127
        125
        119
        135
        126
        122
        126
        123
        124
        124
        133
        131
        131
        112
        127
        132
        131
        124
        116
        123
        123
        118
        118
        121
        132
        131
        123
        121
        126
        119
        131
        123
        119
        123
        126
        119
        123
        122
        126
        117
        129
        124
        126
        127
        121
        126
        132
        128
        127
        137
        124
        118
        122
        120
        125
        120
        122
        125
        117
        122
        134
        137
        122
        118
        119
        133
        110
        128
        131
        126
        129
        133
        129
        132
        126
        130
        121
        136
        141
        126
        127
        129
        116
        117
        123
        130
        116
        124
        119
        133
        115
        128
        118
        116
        124
        120
        122
        134
        135
        114
        116
        121
        134
        123
        123
        125
        121
        117
        136
        128
        121
        141
        119
        117
        113
        121
        127
        120
        134
        126
        131
        124
        117
        129
        123
        127
        118
        120
        110
        120
        124
        137
        127
        118
        112
        120
        135
        124
        116
        119
        123
        136
        122
        120
        126
        119
        126
        125
        125
        118
        115
        124
        124
        121
        137
        123
        130
        122
        123
        127
        127
        125
        119
        135
        126
        122
        126
        123
        124
        124
        133
        131
        131
        112
        127
        132
        131
        124
        116
        123
        123
        118
        118
        121
        132
        131
        123
        121
        126
        119
        131
        123
        119
        123
        126
        119
        123
        122
        126
        117
        129
        124
        126
        127
        121
        126
        132
        128
        127
        137
        124
        118
        122
        120
        125
        120
        122
        125
        117
        122
        134
        137
        122
        118
        119
        133
        110
        128
        131
        126
        129
        133
        129
        132
        126
        130
        121
        136
        141
        126
        127
        129
        116
        117
        123
        130
        116
        124
        119
        133
        115
        128
        118
        116
        124
        120
        122
        134
        135
        114
        116
        121
        134
        123
        123
        125
        121
        117
        136
        128
        121
        141
        119
        117
        113
        121
        127
        120
        134
        126
        131
        124
        117
        129
        123
        127
        118
        120
        110
        120
        124
        137
        127
        118
        112
        120
        135
        124
        116
        119
        123
        136
        122
        120
        126
        119
        126
        125
        125
        118
        115
        124
        124
        121
        137
        123
        130
        122
        123
        127
        127
        125
        119
        135
        126
        122
        126
        123
        124
        124
        133
        131
        131
        112
        127
        132
        131
        124
        116
        123
        123
        118
        118
        121
        132
        131
        123
        121
        126
        119
        131
        123
        119
        123
        126
        119
        123
        122
        126
        117
        129
        124
        126
        127
        121
        126
        132
        128
        127
        137
        124
        118
        122
        120
        125
        120
        122
        125
        117
        122
        134
        137
        122
        118
        119
        133
        110
        128
        131
        126
        129
        133
        129
        132
        126
        130
        121
        136
        141
        126
        127
        129
        116
        117
        123
        130
        116
        124
        119
        133
        115
        128
        118
        116
        124
        120
        122
        134
        135
        114
        116
        121
        134
        123
        123
        125
        121
        117
        136
        128
        121
        141
        119
        117
        113
        121
        127
        120
        134
        126
        131
        124
        117
        129
        123
        127
        118
        120
        110
        120
        124
        137
        127
        118
        112
        120
        135
        124
        116
        119
        123
        136
        122
        120
        126
        119
        126
        125
        125
        118
        115
        124
        124
        121
        137
        123
        130
        122
        123
        127
        127
        125
        119
        135
        126
        122
        126
        123
        124
        124
        133
        131
        131
        112
        127
        132
        131
        124
        116
        123
        123
        118
        118
        121
        132
        131
        123
        121
        126
        119
        131
        123
        119
        123
        126
        119
        123
        122
        126
        117
        129
        124
        126
        127
        121
        126
        132
        128
        127
        137
        124
        118
        122
        120
        125
        120
        122
        125
        117
        122
        134
        137
        122
        118
        119
        133
        110
        128
        131
        126
        129
        133
        129
        132
        126
        130
        121
        136
        141
        126
        127
        129
        116
        117
        123
        130
        116
        124
        119
        133
        115
        128
        118
        116
        124
        120
        122
        134
        135
        114
        116
        121
        134
        123
        123
        125
        121
        117
        136
        128
        121
        141
        119
        117
        113
        121
        127
        120
        134
        126
        131
        124
        117
        129
        123
        127
        118
        120
        110
        120
        124
        137
        127
        118
        112
        120
        135
        124
        116
        119
        123
        136
        122
        120
        126
        119
        126
        125
        125
        118
        115
        124
        124
        121
        137
        123
        130
        122
        123
        127
        127
        125
        119
        135
        126
        122
        126
        123
        124
        124
        133
        131
        131
        112
        127
        132
        131
        124
        116
        123
        123
        118
        118
        121
        132
        131
        123
        121
        126
        119
        131
        123
        119
        123
        126
        119
        123
        122
        126
        117
        129
        124
        126
        127
        121
        126
        132
        128
        127
        137
        124
        118
        122
        120
        125
        120
        122
        125
        117
        122
        134
        137
        122
        118
        119
        133
        110
        128
        131
        126
        129
        133
        129
        132
        126
        130
        121
        136
        141
        126
        127
        129
        116
        117
        123
        130
        116
        124
        119
        133
        115
        128
        118
        116
        124
        120
        122
        134
        135
        114
        116
        121
        134
        123
        123
        125
        121
        117
        136
        128
        121
        141
        119
        117
        113
        121
        127
        120
        134
        126
        131
        124
        117
        129
        123
        127
        118
        120
        110
        120
        124
        137
        127
        118
        112
        120
        135
        124
        116
        119
        123
        136
        122
        120
        126
        119
        126
        125
        125
        118
        115
        124
        124
        121
        137
        123
        130
        122
        123
        127
        127
        125
        119
        135
        126
        122
        126
        123
        124
        124
        133
        131
        131
        112
        127
        132
        131
        124
        116
        123
        123
        118
        118
        121
        132
        131
        123
        121
        126
        119
        131
        123
        119
        123
        126
        119
        123
        122
        126
        117
        129
        124
        126
        127
        121
        126
        132
        128
        127
        137
        124
        118
        122
        120
        125
        120
        122
        125
        117
        122
        134
        137
        122
        118
        119
        133
        110
        128
        131
        126
        129
        133
        129
        132
        126
        130
        121
        136
        141
        126
        127
        129
        116
        117
        123
        130
        116
        124
        119
        133
        115
        128
        118
        116
        124
        120
        122
        134
        135
        114
        116
        121
        134
        123
        123
        125
        121
        117
        136
        128
        121
        141
        119
        117
        113
        121
        127
        120
        134
        126
        131
        124
        117
        129
        123
        127
        118
        120
        110
        120
        124
        137
        127
        118
        112
        120
        135
        124
        116
        119
        123
        136
        122
        120
        126
        119
        126
        125
        125
        118
        115
        124
        124
        121
        137
        123
        130
        122
        123
        127
        127
        125
        119
        135
        126
        122
        126
        123
        124
        124
        133
        131
        131
        112
        127
        132
        131
        124
        116
        123
        123
        118
        118
        121
        132
        131
        123
        121
        126
        119
        131
        123
        119
        123
        126
        119
        123
        122
        126
        117
        129
        124
        126
        127
        121
        126
        132
        128
        127
        137
        124
        118
        122
        120
        125
        120
        122
        125
        117
        122
        134
        137
        122
        118
        119
        133
        110
        128
        131
        126
        129
        133
        129
        132
        126
        130
        121
        136
        141
        126
        127
        129
        116
        117
        123
        130
        116
        124
        119
        133
        115
        128
        118
        116
        124
        120
        122
        134
        135
        114
        116
        121
        134
        123
        123
        125
        121
        117
        136
        128
        121
        141
        119
        117
        113
        121
        127
        120
        134
        126
        131
        124
        117
        129
        123
        127
        118
        120
        110
        120
        124
        137
        127
        118
        112
        120
        135
        124
        116
        119
        123
        136
        122
        120
        126
        119
        126
        125
        125
        118
        115
        124
        124
        121
        137
        123
        130
        122
        123
        127
        127
        125
        119
        135
        126
        122
        126
        123
        124
        124
        133
        131
        131
        112
        127
        132
        131
        124
        116
        123
        123
        118
        118
        121
        132
        131
        123
        121
        126
        119
        131
        123
        119
        123
        126
        119
        123
        122
        126
        117
        129
        124
        126
        127
        121
        126
        132
        128
        127
        137
        124
        118
        122
        120
        125
        120
        122
        125
        117
        122
        134
        137
        122
        118
        119
        133
        110
        128
        131
        126
        129
        133
        129
        132
        126
        130
        121
        136
        141
        126
        127
        129
        116
        117
        123
        130
        116
        124
        119
        133
        115
        128
        118
        116
        124
        120
        122
        134
        135
        114
        116
        121
        134
        123
        123
        125
        121
        117
        136
        128
        121
        141
        119
        117
        113
        121
        127
        120
        134
        126
        131
        124
        117
        129
        123
        127
        118
        120
        110
        120
        124
        137
        127
        118
        112
        120
        135
        124
        116
        119
        123
        136
        122
        120
        126
        119
        126
        125
        125
        118
        115
        124
        124
        121
        137
        123
        130
        122
        123
        127
        127
        125
        119
        135
        126
        122
        126
        123
        124
        124
        133
        131
        131
        112
        127
        132
        131
        124
        116
        123
        123
        118
        118
        121
        132
        131
        123
        121
        126
        119
        131
        123
        119
        123
        126
        119
        123
        122
        126
        117
        129
        124
        126
        127
        121
        126
        132
        128
        127
        137
        124
        118
        122
        120
        125
        120
        122
        125
        117
        122
        134
        137
        122
        118
        119
        133
        110
        128
        131
        126
        129
        133
        129
        132
        126
        130
        121
        136
        141
        126
        127
        129
        116
        117
        123
        130
        116
        124
        119
        133
        115
        128
        118
        116
        124
        120
        122
        134
        135
        114
        116
        121
        134
        123
        123
        125
        121
        117
        136
        128
        121
        141
        119
        117
        113
        121
        127
        120
        134
        126
        131
        124
        117
        129
        123
        127
        118
        120
        110
        120
        124
        137
        127
        118
        112
        120
        135
        124
        116
        119
        123
        136
        122
        120
        126
        119
        126
        125
        125
        118
        115
        124
        124
        121
        137
        123
        130
        122
        123
        127
        127
        125
        119
        135
        126
        122
        126
        123
        124
        124
        133
        131
        131
        112
        127
        132
        131
        124
        116
        123
        123
        118
        118
        121
        132
        131
        123
        121
        126
        119
        131
        123
        119
        123
        126
        119
        123
        122
        126
        117
        129
        124
        126
        127
        121
        126
        132
        128
        127
        137
        124
        118
        122
        120
        125
        120
        122
        125
        117
        122
        134
        137
        122
        118
        119
        133
        110
        128
        131
        126
        129
        133
        129
        132
        126
        130
        121
        136
        141
        126
        127
        129
        116
        117
        123
        130
        116
        124
        119
        133
        115
        128
        118
        116
        124
        120
        122
        134
        135
        114
        116
        121
        134
        123
        123
        125
        121
        117
        136
        128
        121
        141
        119
        117
        113
        121
        127
        120
        134
        126
        131
        124
        117
        129
        123
        127
        118
        120
        110
        120
        124
        137
        127
        118
        112
        120
        135
        124
        116
        119
        123
        136
        122
        120
        126
        119
        126
        125
        125
        118
        115
        124
        124
        121
        137
        123
        130
        122
        123
        127
        127
        125
        119
        135
        126
        122
        126
        123
        124
        124
        133
        131
        131
        112
        127
        132
        131
        124
        116
        123
        123
        118
        118
        121
        132
        131
        123
        121
        126
        119
        131
        123
        119
        123
        126
        119
        123
        122
        126
        117
        129
        124
        126
        127
        121
        126
        132
        128
        127
        137
        124
        118
        122
        120
        125
        120
        122
        125
        117
        122
        134
        137
        122
        118
        119
        133
        110
        128
        131
        126
        129
        133
        129
        132
        126
        130
        121
        136
        141
        126
        127
        129
        116
        117
        123
        130
        116
        124
        119
        133
        115
        128
        118
        116
        124
        120
        122
        134
        135
        114
        116
        121
        134
        123
        123
        125
        121
        117
        136
        128
        121
        141
        119
        117
        113
        121
        127
        120
        134
        126
        131
        124
        117
        129
        123
        127
        118
        120
        110
        120
        124
        137
        127
        118
        112
        120
        135
        124
        116
        119
        123
        136
        122
        120
        126
        119
        126
        125
        125
        118
        115
        124
        124
        121
        137
        123
        130
        122
        123
        127
        127
        125
        119
        135
        126
        122
        126
        123
        124
        124
        133
        131
        131
        112
        127
        132
        131
        124
        116
        123
        123
        118
        118
        121
        132
        131
        123
        121
        126
        119
        131
        123
        119
        123
        126
        119
        123
        122
        126
        117
        129
        124
        126
        127
        121
        126
        132
        128
        127
        137
        124
        118
        122
        120
        125
        120
        122
        125
        117
        122
        134
        137
        122
        118
        119
        133
        110
        128
        131
        126
        129
        133
        129
        132
        126
        130
        121
        136
        141
        126
        127
        129
        116
        117
        123
        130
        116
        124
        119
        133
        115
        128
        118
        116
        124
        120
        122
        134
        135
        114
        116
        121
        134
        123
        123
        125
        121
        117
        136
        128
        121
        141
        119
        117
        113
        121
        127
        120
        134
        126
        131
        124
        117
        129
        123
        127
        118
        120
        110
        120
        124
        137
        127
        118
        112
        120
        135
        124
        116
        119
        123
        136
        180
        170
         54
        180
        162
         21
        196
        137
        176
        244
        109
         74
        203
        166
        195
        114
         56
        159
         88
         99
         87
        208
          5
        122
        175
        229
         41
        104
        195
         89
         74
        190
         41
        112
        173
        192
        164
        101
        246
         82
        108
         39
        160
        148
         20
         18
         56
        135
        106
        107
         92
        190
          5
        215
        149
        252
         35
         27
        165
        237
        181
         24
        232
        154
        135
         20
        116
        120
        245
         47
         69
        158
         69
        114
         49
        184
        238
        107
         32
        189
          7
        243
        184
        225
        198
         97
        141
         56
        103
         12
        125
        114
         87
        135
         70
        232
        240
        220
        193
         76
        252
        233
        254
        117
        231
        254
         13
        242
         56
        170
         65
        117
        218
        224
         94
        186
        168
        160
        165
         10
        212
        192
         29
        238
        251
        158
        253
         41
        204
         34
          8
         63
         39
        195
         70
         86
        113
        182
        244
        124
         86
        221
         34
        186
         91
         14
        224
         47
        184
        246
        244
         77
        139
        105
        112
         49
        232
         25
        222
         32
