         28
         10
         32
         84
          0
        213
         95
          0
          0
          0
          0
          0
          1
         84
        191
          0
          0
          2
         37
          0
          0
          4
         63
          0
          0
        120
        140
          0
          0
         84
         40
        143
          0
          0
        166
        170
          0
          0
          0
          0
        187
        188
          0
          0
          0
          0
          0
          0
          0
         90
         73
          0
        170
          0
        179
          0
         42
          0
          3
          0
         43
        190
          0
          0
          2
         35
          0
        124
          0
        118
          0
          0
          0
          0
          0
          0
          0
         39
        141
          0
         45
        173
         28
          0
          0
        104
          0
          0
          0
          0
          0
          0
        134
          0
          0
        139
          0
          0
          0
         28
         11
          0
         21
          0
          0
          0
         23
          0
          0
          0
        105
         36
          0
         60
         53
        117
          0
          0
          0
        255
          0
        255
        183
          2
        136
         42
          0
         45
        142
          0
         79
        107
          0
         92
          0
        197
          0
          0
         98
          0
          0
          0
        255
          0
          0
          0
         70
          0
          0
        100
         52
        255
          9
          0
          0
          0
          0
          0
        232
         33
          0
          0
         83
         40
          0
         59
         88
          0
        117
        178
          0
        135
        106
          0
          0
          0
          0
          0
          0
        212
        255
         12
        148
        255
          0
          0
        217
          0
         32
          0
         28
         21
          0
         27
          0
          0
        116
          0
          0
        135
         49
        188
          0
        255
         66
          7
        255
         42
          0
        152
          0
        255
          0
          0
          0
        255
        255
        236
        132
        162
        118
          0
          0
         22
          0
          0
          0
          0
        128
        168
          0
         90
          0
          0
         40
        255
        131
         36
        170
          0
          0
         53
          0
        182
         95
        255
          0
        255
         36
        179
        244
          0
         45
          0
          0
          0
          0
         16
         92
        255
          0
        105
        239
          0
          0
          0
          0
        147
          0
         27
          0
          0
          0
          0
          0
          0
        242
          0
          0
          0
          0
        255
          0
          0
          0
          0
         89
          0
         64
        100
        147
          0
          0
        220
        212
        158
          0
          0
          0
        189
          0
         66
          0
          0
         52
          0
         44
         41
          0
          0
        122
        255
          0
         68
          0
          0
          0
          0
          0
          0
          0
          0
        181
         29
          0
        180
        191
        100
          0
        240
          0
        169
          0
          0
          0
          0
          0
        105
         33
          0
        255
        106
          0
        255
        245
          0
          0
        119
         51
          0
          0
        113
          0
          0
          0
          0
         31
          0
          0
          0
         44
          0
         25
          0
        141
         28
        177
          0
        255
          2
        224
          0
          0
          0
          0
         15
          0
        255
          0
          0
          1
          0
          0
        185
          8
        115
         95
          0
         19
          0
        107
          0
        206
          0
         89
        126
          0
         72
          0
          0
        193
          0
          0
        255
         59
         81
          0
        255
          0
          0
          0
          0
          0
         38
         32
          0
        155
          0
          0
        255
          0
          0
          0
          0
         90
          0
          0
         40
          0
         28
        255
          0
          0
        161
          0
        234
         26
          0
          0
        255
        194
          0
          0
          0
        147
          0
          0
          0
        182
          0
          0
          0
          0
          0
          0
          0
         63
        218
          1
        114
          0
         25
          0
          0
          0
         32
          0
        183
         36
          0
         37
        255
          0
          0
          0
          0
         70
          0
          0
          0
        195
          0
          0
          0
          0
          0
          0
         23
          0
          0
         50
          0
          0
        108
        175
          0
          0
          0
          0
        221
          0
          0
          0
        154
          0
        191
          0
          0
          0
        255
          0
          0
