         33
          0
        129
         61
         69
          0
          0
          0
          0
          0
         25
          0
          0
          0
          0
        182
        177
        158
          0
          0
          0
        128
        255
          0
         64
          0
        255
          0
         18
          0
          0
        117
        112
          0
          0
          0
          5
          0
          0
          0
        118
          0
        158
          0
          0
        126
        200
         82
         97
         70
        248
          0
        164
        202
        255
          0
         65
        224
          0
         70
        107
         86
        166
        175
        129
          0
         43
        127
          0
        255
          0
         11
         48
          0
        235
          0
          0
          0
          0
         30
          0
          0
        231
          0
          0
        255
        181
          0
        109
          0
        255
          0
          0
        157
        164
        255
          0
          0
         78
        255
          0
          0
          0
         36
         55
        142
        236
          0
          0
         62
         13
          0
        220
          0
          0
          0
          0
        182
          0
          0
         19
        255
          0
          0
          0
          0
          0
        176
        132
        240
          0
          0
          0
          0
          0
          0
          0
          6
          0
         82
          0
          0
          0
          0
          0
        104
          0
          0
         26
         34
          0
         35
         84
        178
        155
        247
         27
         50
          0
          0
         24
          0
        163
          0
          0
        255
          0
          0
          0
        255
          0
          0
          0
          0
          0
          0
          0
          0
          0
          0
          0
          0
        255
          0
          0
        221
          0
        192
         66
          0
        100
          0
        146
         30
         97
         51
          3
        255
         32
          0
          0
          0
          0
         24
          0
          0
          0
         82
        190
          0
          0
          0
          0
         19
        255
         10
         50
         74
        182
          0
        108
          0
         22
          0
         51
          0
          0
         21
          0
          0
          0
         22
          0
          0
         54
        149
          0
         55
         37
        194
        108
          0
          0
        217
        231
          0
          0
          0
         97
        207
        209
        135
          0
         11
         33
          0
        107
        212
          0
          0
          0
          0
          0
          0
          0
          0
        225
        158
        134
         67
        208
          0
        235
          0
          0
        144
         42
         44
          0
        102
        106
          0
        220
         14
          0
         95
          0
          0
          0
          0
         35
          0
          0
        255
          0
         37
          0
         76
          0
         74
        112
          0
          0
         38
        168
          0
          0
         65
          0
          0
          0
          0
         42
        255
        179
          0
          8
          0
          0
          0
        145
          0
          0
        113
         11
          0
         33
          0
         23
          0
          0
        126
        112
          0
         51
          0
        110
          0
          0
          0
          0
          0
         47
         98
          0
        255
          0
        206
         66
          0
          0
        178
          0
          0
          0
          0
         27
        255
          0
         87
          0
         85
        220
         88
          0
         43
          0
          0
        240
          0
        104
          0
          0
          0
          0
         10
         59
        110
          0
        171
          0
          0
          0
          0
          0
          0
          0
          0
          0
          0
          0
          0
          0
        255
          0
        158
         76
        150
          0
          0
         28
        216
          0
          0
         18
          0
          0
          0
         47
        255
        255
        110
         26
         64
        138
          0
          0
         23
          0
        255
          0
          0
          0
          0
          0
          0
         81
        110
        108
          0
          0
          0
        106
          0
         81
        255
          4
          0
        255
          0
        120
          0
        236
         79
          0
          0
        134
          0
        166
          0
         39
         90
          0
          0
          0
          0
        255
        119
        189
        100
          0
          0
          0
          0
        183
         48
         48
        118
        150
          0
        211
          0
          0
          0
          0
          0
         77
          0
         78
          0
         81
          0
         32
          0
          0
          0
          0
          0
        152
         88
        188
          0
        103
          0
        255
         73
         89
         52
         70
          0
        215
        231
          0
          0
          0
          0
          0
          0
          0
        132
          0
          0
