          0
         33
          0
          0
        210
        130
          0
          0
         18
        161
          0
        255
          0
          0
          0
        140
         14
          0
          0
         48
        255
          0
          0
         70
        160
          0
          0
          0
        255
        149
          0
         83
        123
          0
          0
          0
         87
         78
         25
          0
          0
         91
          0
         20
        255
         41
          0
        213
          0
          1
          0
         96
          0
          0
          0
        135
          0
          0
          0
          0
          0
         60
          0
          0
          0
         71
          0
          0
         98
          9
          0
          0
          0
        139
          0
          0
        255
         39
        220
          0
          0
         25
          7
         92
        186
          0
         92
        123
          0
        169
          0
          0
          0
          0
        196
         87
          3
         91
         21
          0
         74
          0
          0
          0
          0
          0
          0
          0
          0
         50
          0
          0
         63
          0
        255
         37
        211
         38
          0
         44
          0
          0
        223
         60
          0
          0
         73
          0
         90
         96
          0
          0
        107
        199
          0
         56
          0
          0
          0
         68
          0
          0
        255
        208
          0
          0
          0
          0
        250
          0
         81
          4
          0
         69
          0
        141
          0
        209
          0
          0
          0
         93
          0
          0
         36
          0
         32
          0
          0
        117
         20
         47
        255
         55
          0
          0
         49
         46
          0
         61
        255
         63
        115
         73
          0
          0
          0
         60
        255
        220
          0
         58
          0
         53
          0
          0
        111
          0
        255
          0
          0
          0
         24
          0
          0
         14
          0
          0
         16
         51
          0
         52
        213
          0
         57
          0
          0
        209
          0
         20
          0
          0
          0
          0
          0
        125
          0
          0
          0
         19
         30
         77
         40
          0
          0
          0
          0
         41
        162
        241
          0
        137
        255
          0
          0
         24
          0
         89
          0
        130
          0
          0
         20
          0
        114
          0
         68
          0
          0
          0
         67
          0
          0
          0
         61
        122
         55
         79
        255
         41
          0
        100
         15
          0
        255
          0
        158
          0
          0
         19
          4
          0
          0
          0
          0
        255
          0
          0
          0
          0
          0
          0
        123
          0
        170
          0
        216
         78
        154
         14
          0
          0
          0
        199
          0
          0
        255
         30
          0
        208
        155
          0
          0
          0
        196
          0
          0
        180
          0
         83
          0
         32
          0
          0
        116
          0
          0
          0
          0
        137
        148
        136
        255
         93
          0
          0
         93
        105
          0
          0
          0
          0
         60
          0
          0
          0
          0
          0
         54
          0
          0
          0
          0
          0
          0
          0
        110
          0
        255
          0
          0
        141
        151
          0
         83
          0
          0
        156
          0
         91
          0
          0
        121
         14
          0
          0
          0
          0
          0
         47
          0
          0
          0
        255
          0
        116
        255
          0
         89
          0
          0
          0
          0
         80
         24
          0
          0
         22
          0
        211
          0
         64
          0
         30
        255
          0
          0
          0
        133
          0
        122
         73
        134
          0
          0
        169
         60
          0
         48
        202
        109
          0
         99
          0
        220
         57
          0
        255
          0
         28
        229
          0
          0
         41
        255
          0
          0
          0
         67
          0
         57
          0
         44
         51
        130
         16
        193
        255
         41
          0
          0
          0
         41
          0
        255
          0
        222
          0
        176
          0
          0
          0
        255
        187
         43
        140
        255
          0
          0
          0
          0
          0
          0
         87
         56
          0
        238
          0
          0
        255
          0
          0
        255
          0
        137
         91
          0
          0
         21
         28
        117
          0
        255
         61
         63
        188
          0
        125
        255
          0
         13
          0
         80
         43
        101
          0
          0
          0
          0
          0
         74
        159
        101
          0
          0
          0
          0
          0
          9
        196
          0
         65
         84
        165
        255
         74
        255
          3
          6
         17
        255
          0
          0
        214
         83
          0
        195
          0
         10
          0
          0
        145
          0
        255
         36
         36
        177
          0
          0
         13
          0
        255
        207
          0
          0
          0
          0
          0
        100
        102
         53
         89
          0
          0
          0
          0
          0
          0
         11
          0
          0
          0
         45
        217
          0
        247
          0
          0
        255
        175
        105
        199
          0
          0
          0
        150
          0
          0
          0
         30
        255
          0
         41
         41
        255
          0
          0
         16
        204
          0
        173
          0
        128
          0
        255
          0
        201
          0
          0
        136
        255
          0
         75
          0
          0
          0
        127
         52
          0
          0
          0
          0
          0
         12
          1
          0
        255
          0
          0
         93
         39
        190
        148
          0
          2
         24
        255
          0
        163
        255
          0
          0
        255
          0
        111
         81
        255
          0
          0
         82
          0
          0
        255
         11
          5
          0
         30
        136
        255
          0
          0
         41
          0
        171
          0
          0
         98
         35
        255
          0
          0
        255
          0
        109
          0
          0
        165
        144
          0
          0
        195
         38
          0
        122
          0
          0
          0
          0
          0
        115
        255
          0
        166
          0
         93
          0
          0
         22
         58
          0
        100
        134
         86
          0
          0
          0
         95
         18
          0
          0
        255
          0
          0
        164
          0
          0
          0
          0
          0
          0
         62
        102
        239
         26
          0
          0
          0
         43
        188
          0
         23
          0
         24
          0
          0
        255
         40
        126
          0
          0
        198
          3
        117
         69
          0
          8
          0
          0
        255
          7
        183
          0
          0
        148
        255
          0
          0
         69
        185
         16
         14
          0
         75
          0
          0
          0
          0
        156
          0
          0
          0
          0
        217
        142
         28
         90
          0
        100
          0
          0
        255
          0
        255
        169
         22
         82
        255
          3
          0
        165
        157
         16
          0
          0
         22
          0
        255
        255
          0
        255
          0
          0
        255
          0
          8
          0
        255
          0
          0
         37
          0
          0
        255
         67
        255
          0
         87
         83
          0
         13
         37
          0
          0
         20
          0
         11
          0
         39
         75
         32
        175
         32
          0
          0
        200
          0
        127
        204
          8
          9
          0
        139
         72
        255
          0
         72
          0
        172
          0
        142
        255
          0
          0
        178
         60
          0
        151
          0
          0
         35
         88
        170
          0
        255
          0
          0
         91
          0
        188
        162
          0
        238
          0
          0
        158
        182
          0
         63
        150
         87
         48
          0
          0
          0
        255
          0
        129
          0
          0
          0
          0
          0
         66
          0
          0
        234
         40
        109
        255
          0
        120
          0
        216
          0
          0
          0
        169
          0
          0
          0
        219
          0
         49
         25
          0
          0
          0
        129
          0
          0
          0
          0
          0
          0
          0
          0
          0
        165
        132
        104
        199
          0
        155
        180
        255
        206
          0
         78
          8
         77
        255
         41
        113
          0
         43
          0
          0
          0
          0
        213
         45
        203
          0
        255
        194
         33
          0
        255
          0
          0
         42
        137
        255
        207
        103
        139
          0
         13
          0
        119
          0
        197
         74
          0
        247
        237
          0
        125
          0
         19
          0
          0
          0
          0
        134
          0
          0
          7
        132
          0
        152
        183
          0
          0
        255
          0
        117
         22
          0
          0
         79
          0
         70
          0
        255
          0
          0
          0
          0
         83
          0
          0
         49
         96
        131
         22
        113
         39
          0
          0
          0
          0
         91
        175
         53
        150
        255
          0
        161
         78
          0
          0
        218
        122
        129
          0
          0
          0
          0
        240
         56
          0
        255
          0
        164
          0
         88
         15
        112
        255
         39
          0
          0
        255
          0
        255
        170
        103
          0
          0
         27
          0
          0
          0
          0
        101
        156
        180
          0
         10
         79
        169
          0
          0
          0
          4
          0
        121
        137
          0
          1
        255
         47
         21
        160
          0
          0
        253
          0
          0
        255
          0
        198
        198
          0
          0
          0
          0
         29
         84
          0
          0
          0
         74
         80
         94
          0
          0
          0
          0
        155
         17
        167
        141
          0
         96
          0
          0
          0
        255
        151
        135
        109
          0
          0
         91
         23
          0
          0
         34
         29
          0
          0
          0
        197
        206
          0
         51
          0
          0
        204
          0
          0
          0
          0
        129
          0
         30
          0
         82
          0
        113
         97
        145
        255
          0
         60
          0
          0
        126
          0
         67
          0
        255
          0
          0
         53
          0
         76
        123
          0
          0
        104
          0
          0
        132
          0
         64
          0
          0
         22
        158
          0
        255
          0
          0
         47
        218
        175
        157
          0
          0
        164
         45
          0
        255
        255
          0
        203
          0
          0
        113
         70
          9
         71
          0
         61
          0
          0
         86
          0
         11
         78
        255
          0
        255
         55
          0
        226
          0
          0
        144
          0
          0
        144
          0
          0
        169
         50
          7
        101
        169
         34
        101
          0
          4
        255
        167
        200
         14
        158
          0
          0
          0
          0
          0
          0
         93
          0
          0
          0
         11
          0
          0
          0
          0
          0
         12
         86
          0
        255
          0
          0
          0
          0
        114
        255
          0
        109
          6
          0
          0
         66
        177
          0
          0
          0
          0
         91
        166
         16
          0
        169
          0
          0
         92
          0
          0
          0
        152
          0
        255
          0
          0
        255
        230
          0
          0
         54
          0
        255
          0
        178
         51
        181
        198
         85
          0
        255
        255
          0
        255
          0
          0
        174
          0
          2
         25
        255
        255
        185
         96
          0
          0
          0
         81
         26
         76
         40
         92
          0
         82
          0
        183
          0
          0
          0
         18
          0
         26
        255
          0
          0
        255
        110
          6
          0
          0
          0
        171
          0
          0
          0
        128
          0
          0
        255
          0
        255
          0
         88
         26
          0
         25
        173
          0
          0
         63
          0
          0
          0
        144
          0
          0
          0
        255
        133
         70
          0
          0
         40
          0
        255
        222
          0
         20
          0
          3
          0
         14
          0
          0
         46
        131
          0
         14
        178
          6
          0
          0
          0
          0
         21
          0
        151
        211
        170
        255
          0
          0
        161
          0
        184
        138
          0
          0
         15
         96
        162
         92
          0
          0
        255
          0
         40
          0
          0
          0
          0
          0
         75
          0
        132
          0
          0
          0
          0
          0
          0
          0
        101
          0
        113
          0
         12
         61
          0
          0
          0
          0
         58
        255
          0
          0
        255
          0
          0
          0
          0
         27
         94
         42
          0
          0
        192
          8
          0
         18
        142
          0
          0
        255
          0
        132
        152
         11
          0
          0
          0
          0
          0
         41
         59
          0
          0
          0
          0
        173
          0
        115
        198
          0
         92
        129
        138
          0
         88
          0
          0
          0
        136
          0
          4
        255
          0
          0
        255
          0
          0
         54
        170
          0
         87
          0
        169
          0
        255
          4
          0
          0
          0
         77
         18
          0
          0
         88
          0
          0
        137
        189
          0
          0
          0
          0
         60
         56
          0
          0
        255
          0
          0
        181
          0
          0
         19
          0
        138
          0
        136
         81
          0
        142
         36
          0
        255
          0
          0
        183
          0
          0
        152
        156
          0
          0
          0
          0
          0
        255
         14
          0
         28
          0
        111
          0
        255
          0
          0
          0
          0
         54
          0
          0
        244
        245
         98
          0
          0
         72
          0
          0
          0
         59
         32
          0
          0
         29
          0
          0
          0
        113
         25
          0
        150
        193
          0
          0
        255
          0
          0
          0
         14
          0
          0
          0
          0
          0
         93
         39
          0
          0
         75
         59
        155
         64
        161
         83
          0
         82
          0
         32
          0
        255
          0
          0
        194
          0
        208
          0
        255
          0
        170
          0
          0
          0
          0
          0
          0
        255
         67
         33
          0
         19
         29
         66
          0
          0
          0
        182
          0
          0
        255
          0
          0
        189
         11
        143
         93
          0
          0
         49
          0
        194
          0
         70
         24
        107
          0
          0
        255
          0
         61
        115
          0
          0
          0
          0
          0
        162
          0
          0
          0
          0
          0
         30
          0
          0
          5
        118
        144
        169
          0
          0
         84
          0
         77
         43
        254
          0
        207
          0
          0
          0
          0
         98
        255
          0
          0
          0
          0
          0
        121
          0
          0
          0
        139
          0
          0
         91
          0
         47
         36
        134
         27
        108
          0
          0
          0
         70
          0
          0
        255
          0
          0
         96
         71
         92
        255
          0
          0
        216
        174
          0
          0
          0
          0
         98
        237
        151
          0
          0
         59
        113
        255
          0
        220
        155
         48
         20
         23
         45
         19
        107
        255
         28
        255
          0
          0
        116
        255
          0
          0
         78
          0
          8
        153
         63
          0
          0
         19
          0
        169
        255
          0
          0
          0
          0
          0
          0
        255
        217
          0
          0
          0
          0
         48
          0
          0
          0
          3
          0
        255
         49
          0
        202
        117
          0
         35
        255
         46
          0
        255
        137
          0
        255
         41
         45
        124
          0
          1
          0
          0
         65
          0
          0
          0
          0
        112
         76
        255
         23
         42
          0
          0
         49
        116
          0
          0
          0
          0
          0
         66
          1
         60
         81
          0
        211
         73
         18
        218
          0
          0
         69
          0
          0
        118
          0
          0
         41
         60
         84
        255
          4
          0
          0
          0
         20
          0
        188
        193
        104
          0
         48
         60
          0
          0
         33
         90
        255
          0
        112
        207
          0
          0
          0
        211
          0
          0
        120
          0
        131
          0
         81
          0
          2
         51
          0
          0
         56
          0
          0
          0
        117
         25
        145
        175
          0
          0
          0
         29
        158
          0
          0
        255
          0
          0
          0
          0
          5
        118
          0
        250
         92
        255
          0
          0
          0
         55
          0
          0
          0
          0
          1
          0
        181
          0
        147
        113
          0
          0
        183
         71
        255
          0
         99
        247
          0
        166
          0
          0
          0
          0
          0
          0
          0
          0
         87
        218
          0
         29
        144
        255
         27
        255
        150
          0
        118
          0
        129
        129
          8
          0
         11
          0
         15
         47
         24
        211
          0
        161
          0
        170
          0
          0
          0
          0
          0
         25
         62
        248
          0
          0
        128
          0
         24
          0
          0
          0
          0
          0
         18
        130
          0
          0
          9
          0
          0
          0
         31
        255
          0
          0
          0
          0
          0
        159
         44
          0
        232
          0
          0
        205
         77
          0
          0
          0
          0
          0
          0
          0
          0
        144
          0
        144
          0
         22
          0
          0
        132
