         89
          0
          0
          0
        176
          0
        112
          0
          0
          0
          0
          0
          0
          0
         89
          4
        248
        255
          0
        121
          0
          0
         71
          0
         16
        255
         92
        255
        220
         73
         32
        127
          0
          0
          0
          0
        181
          0
         36
        135
        103
          0
          0
          0
          1
          0
        163
          0
          0
        199
          0
          0
        178
        110
          0
        197
         25
          0
        108
          0
        196
          0
          0
          0
          0
          0
          0
          0
        149
          0
        147
         18
          0
         57
          0
         64
         35
        147
         33
          0
          0
        185
         86
          0
        184
         39
          0
         76
          0
          0
         93
        255
          0
          0
          0
          0
          0
          0
          0
        151
        155
          0
         66
         92
          3
          0
          0
         53
          0
        134
         72
          0
          0
        188
         89
          0
        193
          0
          0
        170
         35
          0
        103
        255
        146
          0
         15
          0
         75
        116
          0
          0
          0
         28
         95
          0
         93
          0
        228
          0
          0
          0
         30
          0
          0
        145
        197
        152
          0
          0
          0
        145
         57
        124
         58
          0
         35
         55
        113
          0
          8
          0
          0
        112
        189
          0
         98
          0
         82
          0
         44
         95
          0
          0
         91
          0
          2
          0
        255
        111
          0
          0
          0
          0
         73
        255
          0
          0
        116
          0
          0
        165
          0
          0
        119
         63
         76
          0
          0
        199
         61
          0
          0
          0
          0
        122
          7
          0
        229
          5
          0
        122
        144
          0
          0
          0
          0
         31
          0
          0
          0
          0
          0
        211
          0
        120
        143
          0
        201
          0
          0
          0
         82
         21
          0
          0
         52
         25
          0
          7
          0
         81
        227
        154
        129
          0
          0
          0
          0
          0
          0
          0
          0
          0
         98
        151
        133
        123
          0
         30
          0
          0
          0
          0
         90
        208
        245
          0
          0
          0
        144
          0
          0
        153
          0
          0
          0
         72
          0
         50
          0
        192
          9
          0
        178
         19
          0
          0
          0
         83
          0
         91
          0
         50
          0
          0
         49
          0
          0
          0
         56
         69
         41
        101
        101
         20
         36
         71
         42
          0
          0
        147
          0
          0
         19
        255
         60
          0
          0
        222
         38
          0
          0
          0
          0
          0
        111
        213
         50
          0
        210
        118
          0
         70
        122
        105
          0
         81
        198
          0
        214
          0
          0
        158
        151
        168
          0
        255
          0
          0
          0
         31
          0
          0
          0
         55
        112
         53
          0
        182
         74
        115
         31
         63
          0
          0
         76
          0
          0
         16
          0
        125
        165
          4
         57
          0
          0
         23
          0
        255
         46
          0
          0
          0
        150
         71
        125
          0
          0
          0
          0
          0
         61
          0
         13
         92
          0
          0
         72
          0
          0
         23
          0
         15
          0
          0
          0
        101
          0
        170
          0
         41
          0
         77
          0
        196
          0
         80
         47
          0
          0
          0
          0
         75
        109
        180
        181
         91
          0
        118
         67
          0
        112
        255
          0
          0
        204
          0
          0
          0
        159
         71
          0
          0
          0
          0
        125
          0
         47
         99
        128
         60
        215
         39
         80
          0
         45
        127
        195
         46
          9
          0
        113
         12
          5
        141
          0
        112
        221
         83
         78
          0
          0
        255
          0
        255
         68
          0
          0
          0
          0
          0
          0
        147
        116
          0
         87
        140
         20
          0
        212
          0
          0
        132
         42
          0
        218
         53
        255
         28
        209
         93
         17
         55
        178
          0
          0
        255
         58
          0
          0
          0
