         75
        120
          0
         53
        105
          0
          0
          0
          0
        120
          0
        255
          0
          8
          0
          0
        120
          0
        176
        158
          0
          0
          0
          0
          0
        171
        110
          0
          0
         86
          0
          0
         40
        138
          0
         15
          0
          0
        255
          1
         48
          0
          0
        194
          0
          0
         31
          0
         22
          0
         94
          0
        124
          0
          0
        169
          0
          0
         64
          0
          0
          0
          0
          0
          0
        154
          0
          0
          0
          0
          0
         42
        208
          0
          0
          0
         43
          0
          0
          0
        144
        115
        112
        197
          0
          0
          0
        174
          0
          0
          0
         63
          0
         59
        218
          0
          0
         52
          0
        133
         33
          0
          0
         96
         10
        179
         55
        225
          0
          0
          0
         46
          0
          0
        156
          0
         36
          9
          0
         76
          0
          0
         52
          0
          0
          0
         65
          0
          0
          0
          0
         76
          0
          0
          0
          0
          0
          0
          0
         65
         29
          0
          0
          0
          0
        161
         87
         53
          0
         82
          0
          5
          0
          0
          0
          0
          0
         41
          0
         56
          0
          0
          0
          0
          0
          0
        198
         55
          0
          0
          0
        166
        233
          0
          0
        143
          0
          0
        186
         78
         63
          0
          0
         67
          0
        153
          0
         72
          0
        102
          0
         16
        241
        130
          0
         55
         46
          0
          0
          0
          0
          0
          0
        199
        116
        255
         44
          0
        103
          0
          0
          0
          0
          0
          0
          0
          0
          0
          0
         68
        179
          0
         44
        212
         83
         46
          0
          0
          0
          0
          0
         77
          0
         19
          0
        155
        110
         15
          0
        151
          0
        166
          4
          0
          0
         29
          0
          0
          0
          0
         79
          0
          0
          0
          0
          0
        121
          0
          0
          0
          0
         51
         16
          0
          0
          0
          0
        123
        146
         44
        110
         33
          0
        105
         16
        104
          0
         42
          0
          0
         63
          0
          0
          0
          0
          0
          0
         32
        117
        114
          0
        178
        150
         10
          0
         33
          0
          0
          0
        246
         91
          0
          0
          0
          0
         11
        192
         29
          0
         22
          0
          0
         16
          0
        169
          0
          0
        118
          0
        200
          0
        140
          0
         70
          0
          2
          0
          0
          0
        183
          0
        255
        144
          0
          0
          0
          0
         17
         98
         61
         77
         80
        167
          0
         12
        131
          0
         51
        105
        132
          0
        138
        220
         38
         40
          0
        172
         80
         81
        108
          0
          0
          0
        255
         41
          0
          0
        112
          0
        187
          0
          0
         20
         21
          0
          0
          0
        156
          0
          0
          0
          0
          0
          0
          0
        166
          0
        125
        142
          0
          0
         57
          0
          0
          0
          0
        224
          0
         21
          0
          0
          0
        163
          0
         34
          0
         52
          0
         38
         91
          0
          0
        189
         17
          0
          0
        205
          0
          0
        154
          0
          0
        255
          0
          0
          0
          0
         85
          0
          0
          0
          0
        128
         70
         52
        182
         73
          0
          0
        139
          0
         69
          8
          0
        150
        146
        255
          0
          9
        107
         58
         56
          1
         10
        173
        125
        153
          0
         71
        255
         28
          0
          0
         65
         14
         49
         66
          0
         41
          6
          0
        131
         12
        125
          0
          0
         51
        182
          0
         12
          0
          0
         31
          0
        139
          0
         65
          0
         35
          0
          0
        255
          0
          0
          0
         51
          0
        166
         59
          0
        164
         94
          0
          0
          0
         83
          0
          0
          0
          0
          0
          0
