        114
         79
          0
          0
         81
          0
          0
        255
          0
          8
         75
          0
          0
          0
          0
         83
          0
          0
        196
        116
         65
         47
         80
          0
          0
          0
        220
        129
         47
         87
        255
          0
         58
          0
          0
          0
        153
          0
          0
         14
          0
         18
         13
        255
          0
          0
         30
          0
          0
          0
        106
         40
         32
          0
          0
          0
        167
          0
          0
         16
          0
          0
         66
        199
         71
          0
         23
          0
        106
        118
          0
          0
          0
          0
         25
        255
          0
          3
          8
          0
          0
        248
         88
        181
          0
         61
          7
        216
          0
          0
          0
          0
          0
         68
        255
        251
          0
         56
          0
          7
         80
         68
          0
          0
         56
          0
          0
         89
         62
          0
         28
         67
        128
          0
        139
        255
          3
          0
          0
          0
        129
          0
         92
        193
          0
         39
          0
         26
          0
          0
         90
        198
          0
          0
        129
        164
          0
         44
         55
          0
          0
          0
          0
        174
         15
          0
          0
          0
          0
          0
          0
          0
          0
          0
        255
          0
         44
          0
          0
        178
          0
          0
          0
        204
          0
          0
          0
         63
          0
          0
          0
        255
          0
          0
          0
        123
         67
        131
        159
          0
        109
        203
          0
        252
          0
          0
        181
          0
        183
          0
          0
        255
          0
          0
          0
          0
         72
         72
          0
         32
          0
          0
        117
        232
          0
        109
          0
          0
          0
          0
         90
         99
        115
         46
        126
          8
         95
          0
          0
          0
          0
          0
          0
         66
          0
         11
          0
          0
          0
         76
        140
          0
          0
          0
         94
          0
         31
         14
          0
          0
         33
        165
          0
          0
          0
          0
          0
          0
          0
          0
          0
          0
          0
          0
         28
          0
          0
          0
         70
        253
          0
          0
          0
          0
          0
         31
         87
        255
          0
          0
         58
        161
          0
          0
          0
          0
          0
        217
        153
          0
          0
          0
          0
          0
        179
          0
          0
          0
          0
          0
          0
        255
        101
          0
         79
          0
          0
          0
        100
        255
          0
         58
          0
         49
          0
          0
          0
          2
          0
        177
         90
          0
         92
          0
        255
          0
         56
          0
          0
        255
         64
         40
          0
        139
        126
          0
         58
          0
          0
          0
          0
        255
          0
          0
          0
          0
        123
        166
          0
          0
          0
        195
          0
          0
        138
          0
          0
          0
        101
        154
         12
        174
          0
        203
          0
          0
          0
         50
        190
          0
         33
          0
          0
          0
          0
         79
          0
          0
          0
          0
          0
          0
         28
         41
          0
        234
         10
         44
          0
          0
         59
          0
          0
          0
          0
          0
          0
          0
        167
          0
          0
        255
         73
          0
        107
        255
         61
          3
         52
        136
          0
        144
         26
         89
          0
        150
        128
        179
         95
          0
          0
          0
        209
          0
          0
         39
          0
          0
          0
          0
        140
          0
          0
          0
          0
          0
          0
        116
         32
          0
         28
          0
          0
        162
         53
          0
          0
         80
          0
         86
          0
        255
          0
        228
        141
          0
          0
        133
          0
          0
         83
        255
        114
          0
          0
        196
         86
          0
         53
         55
          0
          0
         32
          0
          0
        203
         82
          0
          0
         58
          0
        197
         29
          0
         13
        208
          8
         36
         85
         10
         29
          0
          0
        255
          0
         31
          0
          0
          0
          4
         55
          0
          0
        101
          0
        212
          0
        115
         51
          0
          0
          0
          0
          0
        177
        178
          0
        255
         11
          0
        108
          0
