          0
        108
          0
          0
         36
        165
          0
         64
         66
        127
          0
          0
          0
          0
          0
          0
          0
         62
         65
          0
         65
        165
         59
        224
          0
          0
          0
          0
          0
          0
         95
          0
          0
          0
          0
          0
        255
          0
          0
         43
          0
          0
          0
          0
          0
          0
          0
         80
        154
          0
          0
          0
          0
          0
          0
          0
          0
        105
          0
          0
        255
          0
          0
        152
          0
          0
          0
         33
        167
          0
          0
          0
          0
          0
         52
          0
          0
          0
         56
          0
          0
          0
         58
          0
          0
          0
         26
          0
          0
          0
          0
          0
          0
          0
          0
          0
          0
         46
          0
          0
        115
          0
          0
          0
          0
          0
         63
          0
          0
        130
          0
          0
          0
          0
          0
          0
          0
          0
          0
        206
          0
          0
         81
          7
        255
        200
         84
          0
          0
         50
        117
          0
        225
         68
          0
         61
         26
          0
         47
        170
         99
          0
          0
          0
        119
          0
          6
          0
          0
        222
        178
          0
          0
         63
         53
         54
          0
        193
          0
          0
          0
          0
         62
          0
          0
          0
          1
          0
         25
          0
         45
          0
        109
          0
         72
          0
        145
         18
          0
          0
          0
          0
          0
          0
          0
         68
         97
         22
          0
          0
          0
          0
          0
          0
         16
          0
          0
        151
          0
         38
        205
          0
          0
          0
        107
          0
          0
         82
          0
          0
          0
          8
          9
         19
        162
          0
          0
          0
        100
          0
        255
          0
        152
          0
        145
          0
        127
        140
          0
          0
          0
          0
          0
          0
          0
          0
         99
          0
          0
          0
          0
         86
         63
         13
          6
         85
        175
        175
        198
         80
         88
          0
          0
         46
          0
          0
        249
          0
          0
          0
          0
        168
          0
        124
        234
         90
          0
         47
         77
          0
          0
          0
          0
         65
         65
          0
          0
        158
        152
          0
          0
          0
         55
          0
          0
          0
          0
          0
        217
         25
         74
          0
        154
          0
          0
         51
        155
          0
          0
          0
          0
          8
          0
         11
          0
        109
          0
         31
          0
          0
          0
          0
          0
          0
          0
         17
        255
          0
          0
        255
          0
          0
          0
         16
          0
          0
          0
          0
          0
          0
          0
         82
          0
         45
          0
         13
          0
          0
          0
          0
          0
          0
          0
         60
          0
         58
          0
          0
          0
          0
         45
          0
          0
         84
          0
          0
          0
          0
         20
          0
          0
        255
         61
          0
          0
         18
         89
          0
          0
         12
        103
          0
          0
          0
          0
        102
          0
          0
          0
          0
        255
         76
        162
        138
         47
          0
          0
          0
         28
        197
          0
         43
          0
          0
          8
        203
          0
          0
          0
          0
          0
         26
          0
          0
          0
        140
         55
         34
        103
          0
          0
          0
          0
        139
        171
        191
          0
         91
          0
          0
        231
          0
         37
          0
        255
        112
         65
          0
        102
          0
          0
         38
          0
          0
         23
          0
          5
          0
        110
          0
        255
        122
          9
          0
          0
        118
          0
          0
          0
          0
        127
          0
        115
          0
          0
        174
          0
          0
          0
          0
         32
          0
          0
          0
          0
          0
          0
          0
          0
          0
        160
         17
          0
        108
          0
          0
          0
          0
          0
          0
        225
          0
          0
        112
        200
          0
          0
         76
          0
         58
          0
          0
         67
         37
          0
          0
          0
         49
         45
          4
          0
        130
        155
          0
         34
          0
         14
          0
          0
          0
          0
        255
         51
          0
          0
          0
          0
        216
          0
         90
          0
         19
         58
        255
         28
          0
         70
          0
          0
         28
         89
         54
         91
        208
         84
          0
          0
        183
          0
          0
        208
          0
         68
         40
        165
          0
          0
        132
        176
          0
          0
          0
          0
          0
         37
          0
        106
          0
          0
          0
        118
          0
          0
        101
          0
        206
          0
          0
          0
          0
         42
          0
          0
          0
        156
          0
        161
          0
          0
        175
        111
          0
          0
          0
          0
         29
         49
          0
        112
          0
        111
         36
        104
          0
          0
          0
          0
          0
         12
        201
          0
         23
          0
         91
          0
         10
          0
          0
        176
         68
          0
        255
         40
          0
          0
         32
        255
        155
          0
          0
          0
          0
         59
          0
          0
         50
         89
        166
        197
         55
        186
          2
         60
          0
         26
        182
        255
         17
         40
          0
        140
         81
          0
          0
         47
          0
          0
        193
         67
          0
         18
        255
        106
          0
          0
         72
          0
          0
          0
          0
          0
          0
          0
          9
        255
          0
          0
         10
          0
          0
          0
          0
          0
          6
          0
        250
        192
          0
          0
        193
          0
          0
         43
        187
         95
         74
          0
        154
          0
        111
          0
          0
          3
          0
          0
          0
         87
          0
         22
          0
          0
          0
          0
        255
          0
          0
          0
        125
          0
         25
          0
        172
          0
        255
         64
          0
         78
          0
          0
        141
          0
         30
          0
          0
          0
          0
          0
          0
         48
          0
          0
          0
        255
          0
        172
          0
         72
         77
         12
          0
          0
        233
         28
        205
          0
          0
          0
          0
         53
          0
         94
          0
          0
         31
         31
          0
          0
        127
        143
          0
        142
          0
          8
        197
        161
         38
          0
          0
          0
          0
          0
          0
          0
        136
          0
        143
         52
        226
          0
          0
         30
          0
          0
          0
          0
          0
         97
        186
         96
         96
        110
          0
         39
         76
          0
          0
        255
          0
          0
          0
          0
          0
          0
        140
         21
          0
          0
          0
         43
          0
         11
        119
         96
         38
        111
          0
        169
          0
          0
          0
         94
        199
        140
         49
          0
          0
         85
          0
          0
          0
          0
          0
          0
          0
          0
          0
          0
         97
          0
        201
        186
          0
          0
          0
         55
         17
         98
        169
          0
          0
          0
          0
          0
          0
          0
         33
          0
          0
         46
          0
        255
          0
          0
          0
        241
          0
        174
         24
          0
          0
          0
        160
          0
         32
         63
          0
         88
          0
         57
          0
        151
          8
        111
        206
          0
         63
          0
          0
          0
          0
          9
         51
         29
          0
         26
          0
         83
          0
        178
          0
          0
          9
          0
        166
          0
          0
         42
         66
          0
          0
          0
          0
         81
          0
          0
          0
          0
          0
          0
          0
        255
         75
          0
        104
          0
          0
         16
          0
        220
          0
          0
          0
        220
          0
         16
          0
          0
          0
          0
        129
          0
         48
          0
         34
          0
        103
          0
          0
          0
         31
        151
        220
        164
          0
         21
          0
          0
         21
         50
          0
          0
          0
          0
          0
        106
          0
         13
         77
          0
        249
          0
          0
         51
          0
         66
          0
        148
          0
         94
          0
         81
        235
         50
          0
          0
          0
          0
          0
         17
          0
          0
          0
         48
          0
          0
         33
        114
          0
          0
         71
         15
          0
          0
          0
         10
         11
          0
          0
          0
         17
         65
         42
         62
        149
         50
          0
         35
          0
         64
          0
          0
          0
        145
          0
         23
          0
          0
          0
          0
         82
          0
         61
          0
        255
          0
        255
          0
         97
         49
          0
         20
        114
        111
          0
          0
          0
         53
          0
         54
          0
         23
        185
        255
        188
          0
          0
          0
         93
          0
         52
        143
          0
         33
         96
        231
          0
          0
        255
         95
          0
          0
         38
          0
         69
        108
          0
          0
        210
          0
          0
          0
          0
         21
          0
          0
        138
          0
        255
          0
          0
          0
          0
         56
          0
          0
        160
          0
        255
         54
         18
         87
         44
          0
         29
          0
         59
          0
         91
          0
          0
          0
          0
          0
         55
          4
          0
        255
          0
          0
          0
          0
         22
          0
          0
         79
          0
          0
        114
          0
          0
          0
         98
         26
         10
         31
          0
          0
          0
          0
          0
          0
          0
        185
          3
          0
          0
         10
          0
          0
         25
          0
          0
          0
         59
          0
        255
        205
         42
          0
         35
          0
          0
          0
          0
         86
         17
         94
         40
          0
          0
          0
          0
          0
          0
          0
          0
        210
          0
          0
         50
        255
          0
        106
          0
          0
         22
          0
        224
        153
          0
          0
          0
          0
          0
         61
          0
          0
          1
          0
         10
          0
          0
        104
          0
        122
        214
          0
          0
          0
          0
          0
          0
          0
          0
          0
          0
          0
         29
        182
        255
        138
          0
          0
          0
          0
          0
         63
          0
          0
          0
          0
          0
          0
         59
         53
          0
          9
          0
          0
        127
          0
        152
        117
          0
         87
        137
         33
          0
         63
          0
        146
        222
          0
        255
          0
        166
          0
        122
          0
          0
         45
         87
         72
          0
          0
          0
         86
          0
          0
          0
         71
         67
          1
        105
         37
          0
        255
        110
        168
          0
        140
          0
          0
        252
          0
        233
          0
         16
          0
          0
         61
        107
          1
          0
          0
          0
          0
         74
          0
          0
         94
         81
        104
        234
        255
         19
         22
          0
        255
         50
         15
          0
          0
          0
          0
          0
        168
          0
         27
          0
         13
          0
          0
          0
         73
          0
          9
          7
          0
          0
          0
          0
          0
          0
        128
          0
          0
          0
          0
          0
          0
          0
          0
          0
          0
          0
          0
        255
         28
          0
          0
          0
        101
          0
          0
          0
          0
          0
          0
         15
          0
         79
         80
        108
         55
         12
          0
        118
          0
          4
          0
          0
        255
        130
        162
          0
        177
          0
          0
         53
         62
          0
          0
          0
          0
          0
          0
        142
          0
          0
          0
          0
        120
         62
          0
          0
          0
          0
          0
          0
          0
          0
          0
          2
        255
          0
        171
          0
          5
          0
          0
        255
        144
          0
          0
          0
          0
          0
          0
        111
          0
          0
          0
          0
          0
         59
          0
          0
          0
        197
          0
          0
          0
          0
        115
        137
        255
          0
          0
          0
        250
          0
          0
        157
        158
          0
          0
          0
          0
          0
          0
        142
          0
          0
          0
         40
          0
         32
          0
          0
          0
          0
          0
          0
          0
          0
         66
        123
          9
         39
          0
          0
          0
         29
          0
          0
        113
          0
          0
          0
          0
        255
         25
          0
          0
         73
          0
          0
          0
          0
        113
          0
          0
          0
         40
         13
        165
        152
         91
          0
          0
         80
          0
        206
         52
         10
          0
        147
          0
          0
         13
        113
          0
        101
          0
        255
          0
          0
         42
        121
          0
         37
         38
         93
         63
         68
         44
          0
          0
         40
          0
        175
        255
         77
         21
          0
         97
         15
        128
        130
        252
          0
          0
          0
          0
          0
         29
         53
         49
          0
         49
         71
          0
         72
          0
          0
         99
          0
          0
          0
        255
        126
         84
        126
        255
          0
          0
          0
        202
          0
        172
          0
         39
          0
          0
        186
          0
         44
         63
          0
         37
          0
         86
        112
          0
          0
          0
          0
          0
          0
         20
         92
        147
          0
          7
          0
          7
          0
          0
          0
          0
         15
          0
          0
        181
          0
          0
          0
          0
          0
         30
          0
          0
          0
          0
         55
          0
         32
         45
          0
         70
          0
          0
          0
        215
         59
          0
          3
        255
        233
          0
        100
         93
          0
          0
          0
        213
          0
         36
          0
          0
          0
         35
          0
          0
        129
          0
         75
          0
          0
          0
          0
          0
          0
        116
        226
          0
         26
          0
          0
        255
         86
          0
          5
          7
          0
          0
          0
        221
          0
          0
          0
          0
          0
          0
        144
         89
          0
          0
          0
        154
         43
          0
        131
          0
          0
        165
        104
        255
          2
          0
          0
        255
          0
          0
          0
         98
          0
          0
          0
        108
          0
          5
        108
          0
         18
          0
          0
          0
          0
          0
          1
        143
          0
          0
          0
          0
          0
          0
          7
          9
          0
          0
          0
          0
          0
          0
        255
        250
         43
        125
          0
         40
          0
         40
          4
          0
          0
          0
        219
        112
          0
         29
          0
          0
          0
          0
          0
          0
          0
        128
          0
          0
          0
          0
          0
          0
          0
          0
          0
        251
          0
          0
        237
          0
          0
          0
        206
          0
         22
          0
        255
         71
         65
          0
          0
          0
          0
         32
         32
        147
        221
        104
          0
          0
          0
          0
        101
        255
          0
         10
          0
          0
          0
          0
        172
          0
        227
          0
         77
        170
        153
          0
        255
          0
          0
        122
          0
         13
          0
          0
         81
          0
          0
          0
        234
        109
          0
         90
         45
        255
          0
        106
         27
          0
         40
          0
          0
        188
         63
         27
          0
         47
          0
          0
        255
          0
          0
         92
         80
          0
          0
          0
          0
         58
         55
         27
          0
          0
          0
          0
         93
          1
          0
         41
          0
          0
          0
         40
          0
          0
          0
          0
          0
         79
          0
          0
         62
          0
          0
          0
          0
          0
          0
         82
        159
          0
          0
        144
          0
        255
          0
          0
        167
        245
          0
         29
        255
        138
         37
          0
          0
          8
         75
         12
          0
        110
          0
          7
          0
          0
         37
          0
         10
         27
          0
          0
        144
          0
        243
         56
         70
        196
          0
          8
          0
          0
        178
          0
        123
        165
         42
         17
          0
        229
         62
          0
          0
         96
          6
          0
        224
          0
          0
        112
         55
          0
         39
          0
          0
          0
          0
          0
        144
          0
          0
         10
        168
        255
        129
         13
        147
          0
          0
          0
        255
          0
          0
          0
          0
          0
          0
         42
          0
         36
          3
          0
          0
          0
         66
          0
          0
          0
         65
         77
          0
        132
          0
          0
        115
         79
          0
         70
        255
        203
         50
          0
          0
        222
         12
          0
        133
        184
          0
         66
        255
         22
          0
          0
          0
          0
          2
          0
        171
          0
        228
          0
          0
         20
          0
          0
         48
          0
        197
         90
        255
          9
          0
          0
        228
        243
          0
         36
        140
        248
          0
          0
          0
          0
          7
          0
         20
          0
          1
          0
          0
         15
         63
        143
         97
        155
          0
         11
          0
        255
          0
          0
          0
