          0
          0
         67
        121
          0
          0
          0
         58
          0
         66
          0
          0
          0
        179
         23
          0
        218
          0
        135
        152
         26
          0
          0
          0
          0
        255
          0
          8
        124
          0
        188
        207
          0
        165
          5
         85
          1
          0
        153
        149
          0
         87
          0
          0
         97
          0
          0
          0
          0
          0
          0
        194
          0
          0
          0
          0
         91
        255
          0
          6
          0
         62
        127
          0
          0
         47
         58
        117
         31
         60
         97
        204
          0
         95
         95
          0
          0
          0
         39
          0
          0
          0
          5
        184
         84
          0
          0
          0
          0
          0
          2
          0
          0
          0
          0
          0
          0
         35
          0
         38
          0
          0
        113
          0
          0
        129
         57
          0
          0
        210
         25
          0
          0
          0
         32
          0
         43
         18
          6
        138
         37
          0
         63
          0
          0
        143
          0
          0
        163
          4
          0
         43
          0
          0
          0
         28
          0
        113
          0
         58
          0
        107
          0
         43
        242
          0
          0
         83
         36
        185
         90
          0
          0
          0
          0
          0
          0
          0
          0
        179
         80
        112
         48
          0
         55
          0
          0
        226
         69
          3
          0
          0
         49
         97
          0
         21
        189
          0
          0
          0
        136
        123
          0
          0
        176
          0
         21
          0
         32
          0
          0
          0
          0
          0
         87
        176
          0
          0
          0
          0
          0
         26
          6
         40
          0
         98
          0
          1
          0
          0
          0
        194
         32
        144
          0
          0
        138
          0
        196
          0
         38
        153
          0
        141
        219
        164
         92
          0
          0
          0
         66
        195
          0
          5
          0
         34
          0
        160
          0
          0
          0
          0
          0
        208
        135
          0
          0
         46
         18
          0
         49
          0
          0
          0
        133
         99
        141
          0
          0
          2
          0
          0
        131
          0
          0
        103
         38
          0
          0
        145
          0
          0
          0
          0
         91
         77
          0
         77
         70
          0
        156
        255
         32
          0
         10
        142
          0
          0
          0
          0
          0
        146
         52
          0
          0
          0
          0
          0
         26
         49
          0
        159
          0
         51
        225
          0
         78
        205
          0
        140
          0
        186
         70
          0
          0
          0
         57
         53
          0
        170
          0
          0
         93
          0
        150
         54
          0
        210
          0
          0
         32
         26
          0
         54
          0
         24
          0
          0
          0
          0
          0
        159
          0
          0
        127
          0
        234
          0
          0
          0
          0
          0
        167
          0
          0
          2
        100
          0
          0
          0
          0
          0
         87
          0
          0
         36
          0
          0
          0
        244
         19
        121
        150
         60
          0
          0
        120
        255
          0
        124
        112
          0
          0
         59
        101
         76
          0
          0
          0
          0
          0
          0
          0
        115
         72
          0
        114
        123
          0
          0
          0
          0
          0
        160
          1
        185
         47
        197
          0
          0
          0
        114
          0
          0
          0
        170
          0
         97
          0
        112
         29
          0
         55
          0
          0
          8
        114
          0
         55
        160
          0
          0
        203
          0
          0
        198
          0
         99
          0
          0
         64
          0
        153
        109
         70
        122
          0
         74
        151
         79
          0
        169
          0
          0
         25
          0
         16
          0
          0
         25
          0
         68
         21
          0
         53
        255
        153
        157
        103
        101
         68
        192
          3
          0
        226
          0
        120
          0
          0
         93
         79
          0
         18
        102
          0
          0
        155
          0
          0
          0
         13
         20
          0
        146
          0
          0
        245
        255
          0
         71
        101
        107
         32
         48
         79
          0
          0
        107
         43
        136
          0
          0
