        248
        211
         27
         76
         81
        228
        253
        126
         70
        197
        220
        173
        117
        179
        239
        205
        150
        188
        208
        145
        149
         45
         92
        134
         64
        145
         68
         22
          9
        221
        219
         11
          7
         27
         32
        138
        156
        164
        249
         73
         76
        178
         95
        222
        115
        215
        200
        130
        208
          8
         58
         32
        247
         93
        201
        115
        106
         55
         49
        246
        236
        205
         23
        163
         74
        195
        161
        253
        199
        130
        181
        116
        118
        111
         66
         14
         55
         47
        127
        184
         45
        253
          5
         58
        197
        225
        199
         65
         41
         58
        197
        148
        199
        111
        129
        227
        195
         74
        108
         22
        157
        114
        184
        239
         43
        135
        237
        133
        176
        102
        253
        184
        142
        170
        232
         63
        170
        206
        137
        184
        131
        238
        123
         80
        150
         76
        236
         53
        133
        130
        104
        229
        182
        223
         64
         48
        189
        151
        139
         53
        142
        110
         91
        110
         47
         14
         60
        177
        143
         16
         98
         23
        194
        160
         29
         24
         16
         74
        211
        205
        236
        112
        232
          2
        218
        120
         63
        157
        162
        191
        117
        110
        191
        197
         40
          7
         53
        184
        237
        224
        170
        230
        165
        253
        225
         22
         44
         55
        253
         29
        245
         99
        183
         30
          0
        186
         85
        233
        136
        113
         88
         92
        196
        113
        124
        234
         99
         39
        242
        119
        201
        215
         87
         15
        212
         72
         75
          0
        164
        140
        249
        248
        228
        172
        194
        129
        132
          0
        160
        127
         97
        186
         11
        135
         51
         99
        166
        120
         20
        207
        213
         82
        203
        173
         49
         33
        175
        132
         61
         34
         55
         79
        223
        246
        110
         40
         36
         28
        198
        196
         73
         20
        249
        156
         79
        197
        142
        237
        199
        152
         58
         93
        241
         77
         43
         78
         14
         49
        175
         44
         23
         18
        221
        175
        206
         35
          7
        173
        116
        175
        220
         93
         29
        160
         16
         34
         44
         17
         62
        211
         93
         71
        248
        120
          6
        131
         15
        115
         79
         64
        180
         49
        149
        214
        126
         62
        242
         53
        236
        210
         24
        254
         73
        146
        137
         36
        246
         28
        189
         43
         75
        238
          3
        134
        122
        123
        129
        170
         72
        118
        138
        181
        209
        104
        121
        174
        144
         90
         83
        104
        105
        152
         58
         10
         64
         88
         44
        167
        106
        209
         33
        136
        115
        127
        103
        199
        237
         88
         28
        105
        179
        130
        253
        247
         79
         15
        178
         48
        192
         44
        196
         31
         90
        160
        113
         75
         90
         98
        246
         74
         71
         34
        175
        181
         58
        201
        152
        204
        181
         95
        216
         33
          0
         78
        179
          8
        146
         62
          2
         79
        109
        157
         92
        185
        212
         14
         80
        156
         55
         50
         39
        130
        118
         64
        247
        168
        153
        145
        228
         61
         92
        218
        160
         71
        103
         79
         62
        140
         42
         92
        221
        139
          0
        232
         23
        133
        232
         34
        203
         45
        130
        144
         90
        133
        236
        174
         50
        136
        249
         64
        255
        127
        202
        157
        157
         54
        185
        171
        179
        230
        106
         96
        123
        190
         25
         38
        190
        137
        201
         20
          8
        175
        164
         59
        152
        242
        222
        171
         32
        144
        195
        124
         53
        241
        157
         73
         41
         35
        245
         37
        228
         75
         17
        175
        252
        240
        242
         89
        202
        144
        253
        232
        174
        128
        247
        216
        145
        161
        245
         27
         68
        157
         81
         21
        172
         81
        162
        173
          0
        175
         25
        220
         44
         56
          3
        207
        193
        200
         56
        152
         61
        120
         36
         39
        200
        174
          0
         92
         46
        225
         22
         63
        213
         88
        144
        120
          6
        163
          1
         63
        104
         55
        186
          7
        168
        131
         62
        220
        104
        241
        221
         52
        244
        182
         71
        192
         94
        116
         71
        176
        151
         86
         50
        176
        166
         74
        164
         42
         80
        253
        161
         11
         43
        171
        236
        145
        152
        240
         40
         45
        143
        253
         89
        168
        161
        153
        102
        185
        200
        202
          7
        249
        168
        193
        226
        253
         71
        160
         27
        227
        248
         26
        223
         78
        168
         57
         69
        128
         35
         38
         78
        197
         13
        241
        148
        131
        114
        184
         73
        126
        235
        241
        236
         35
        184
         52
        105
         36
        237
          9
        153
          2
         94
        128
        246
        112
         88
        149
         89
        137
        124
        120
        123
        245
         74
        137
        161
         45
        242
        151
        192
         46
         58
        142
        122
        169
        217
         52
         46
         93
        229
        201
        124
         84
         49
        131
        190
        152
         81
        209
        148
         27
        244
        243
         95
        144
        238
         56
         49
        123
        154
         22
         72
        217
        179
         10
          1
        247
         34
        188
        235
         51
        183
         20
        116
        222
         20
        130
         97
        237
        161
        121
        152
        205
         83
         94
         43
        177
         34
         38
        253
         70
        123
        228
        106
         52
         89
        237
         98
        236
        232
        184
          3
        119
         26
         12
        232
        133
        127
        249
         11
        142
          8
        140
        104
         59
         73
        150
        124
        102
         12
        214
         90
        142
        186
        153
        165
        144
        124
         74
         15
         28
         93
        125
          6
        247
        171
        218
         25
        142
        104
         26
         12
         53
         82
        124
        203
         18
        169
         95
        218
        251
        154
        112
         90
         49
        106
        238
         90
         99
         76
         27
         45
         98
         16
         46
        157
         60
          3
         19
        221
         70
        190
        119
         56
         72
        221
        117
        214
        120
         45
        148
        252
         81
        167
        159
         40
        118
        203
        233
         42
         88
        168
         87
        105
        103
         97
        234
        202
        222
        117
        162
        131
        142
        197
        102
        123
        184
        158
        165
         41
        205
        228
         75
        139
         99
         52
        163
         14
        111
        144
        122
         99
        175
         17
         96
         47
        101
        223
          5
        244
        177
        142
         34
         60
        194
        151
        160
         84
        149
        194
        156
        205
        140
         93
         70
         56
        226
         35
        107
         50
        165
          9
         26
        145
        112
        152
        120
         31
         23
        255
         94
        170
        179
         59
         39
        163
         22
        131
         38
         99
        247
        171
        215
         20
        202
        237
        191
         63
        128
         62
         32
        175
         80
        143
         37
        243
        131
         13
        160
        253
         59
         43
         67
        197
        216
        157
        215
        165
        103
        120
        175
        191
         48
        160
         49
         42
        205
        228
        250
         12
        110
        202
        155
         14
        198
        156
        217
         37
          3
        185
          0
        146
        139
          0
        178
        179
         92
          5
         69
         95
        174
        206
        250
        103
         89
        166
        112
        194
        139
        148
        230
        208
        153
        248
        148
        133
        136
        186
        225
         44
         30
         76
        231
        153
         63
         16
        120
        158
         37
        232
        104
        126
         40
        103
         26
        224
         81
          8
        243
        213
        198
         27
         19
         80
        206
        253
        233
         98
         72
        144
         97
          0
        150
        143
         38
        215
        216
        106
         82
        107
        234
        189
        184
        192
         17
        161
        116
        169
          2
         47
         60
        141
         70
        222
         28
         31
          6
         80
         46
         74
        165
        211
        192
        109
         49
        217
        106
        176
        137
        120
        158
        123
        104
         66
         95
        136
        223
        114
         34
        124
        136
        118
         65
        149
         23
         90
         23
         28
          2
        156
         78
         43
        228
        227
        110
         58
        247
        140
        195
        165
        244
         16
        221
        248
         58
         37
         70
          1
        172
         99
         86
        215
        176
        205
        152
        222
        188
        231
        209
         83
          9
        232
        221
        216
        217
        189
        238
        167
         99
        216
         25
         63
         25
        153
         22
        245
        216
        216
        183
         21
        122
        157
         60
        174
        147
         66
         86
        234
         48
         50
        128
        105
        106
        225
         91
        122
         60
        170
         68
        159
        158
         68
        117
         64
        181
          3
        153
        230
        138
         49
         53
        122
        251
         20
        223
        140
        254
         65
         45
        253
         59
         48
         36
        251
         28
          0
          6
        136
        143
        150
         95
        210
         46
        172
         95
         90
         99
        243
         45
        188
         51
         24
        144
        175
        234
         88
        223
        200
        113
         28
        162
         46
        214
        130
        114
        114
        183
        232
        240
         78
        111
         59
         50
        227
        218
         27
        209
        150
        134
        229
        101
         30
        139
        151
          0
         44
         80
        229
        157
        190
         22
         22
        198
         89
        125
         11
        161
        170
        232
         27
         77
        206
         85
        247
         58
        111
        118
         14
        102
        122
        181
        241
        107
        240
         56
        136
        189
        124
        205
        208
        240
        119
        105
        215
         85
         11
        127
        194
        142
        173
         56
        164
        229
         41
         17
        245
        186
        164
         55
        156
        101
         44
         61
         33
        254
        164
        243
        163
        173
        108
        194
        248
         81
         73
        160
        246
         44
         19
        132
         55
         38
        234
         61
        244
        250
         47
        158
         86
         37
        139
         45
        110
        168
         91
        147
        103
        213
        237
        129
         67
        132
        111
        246
        248
        234
         30
        137
        181
        155
         53
        159
         75
         80
         73
        167
        225
        154
        132
        231
         89
         31
        128
         23
         34
         36
        227
        109
        107
        209
        204
        189
        149
        242
         36
         25
        191
        225
        131
         23
          5
        241
        194
        205
         65
        136
         49
         72
         53
         99
         84
         86
        222
         66
         91
        231
         18
        209
        160
         44
        240
        243
        125
         44
        116
        195
        141
         51
        219
         87
        113
         98
        250
         73
         60
        195
        229
        168
        115
        107
         42
         82
         41
        187
         31
        160
         16
        114
        193
        201
        147
         35
        181
        101
        241
         80
         75
        146
         10
        118
        165
         93
        153
        128
        215
        154
        182
        172
        191
         65
          7
        193
         28
         98
         79
        227
         30
         58
        128
         95
        168
         45
        169
         64
         54
         15
          1
          0
         68
        176
         70
        114
        168
         88
        237
        222
        122
        152
         24
        120
        243
        220
        217
        133
        232
        137
         58
         37
        203
          6
          2
          7
        156
        173
          4
        204
        212
         85
        122
        240
        214
         43
          2
         90
        131
        145
         91
        196
         40
         18
        161
         46
        134
        237
        235
        212
         22
        208
        160
        152
        169
        167
         13
         99
         85
         44
         10
        211
        171
         81
        169
        157
        147
        110
        220
        171
         94
         58
          4
         87
        202
        218
          4
        142
        239
        252
        128
         13
        240
          2
        186
        133
        115
        176
        120
        157
        128
         43
        174
        234
        125
         55
        206
        204
         60
        207
         62
         59
        208
        194
        201
         98
        230
         33
        163
        141
        171
        136
        119
          4
        151
          3
        115
         26
        139
         13
         70
         88
        200
         24
        176
        179
         25
        178
         77
        254
        187
        188
         86
        172
        166
         62
        206
          1
        247
         96
         71
        218
        131
         29
        192
        184
        106
        235
         69
        218
        165
        104
        144
        200
         64
        123
          4
        217
         28
        187
         87
        168
        103
         70
         83
        163
         23
        180
         41
        145
        130
         43
        141
         28
        118
        219
         93
        111
         62
        127
        133
         32
        201
        152
         26
        202
        195
        200
         88
        228
         56
         90
          9
        104
         91
         77
        173
        151
         69
          5
        177
         40
         47
        252
         51
        173
         16
         15
        218
         13
         29
         58
         96
        189
        114
         57
        186
        161
        253
         18
         35
        233
         61
        163
        144
        159
         83
        163
        172
        229
        237
         11
        188
        153
        227
        165
         74
        255
         99
        176
        136
        208
          0
        190
        143
         21
        254
        183
         31
         44
        143
        247
        237
         42
        162
        172
        117
         77
        160
         49
        225
        243
        211
         35
        184
         57
         81
        148
        133
         86
         23
         94
        167
         78
        100
         46
        175
        127
        233
        123
        130
         28
        241
        124
        166
        131
        248
        204
        238
        186
         91
         33
        188
         80
        164
         93
        229
        226
         99
        167
         98
         69
        152
        226
        250
        126
        170
         93
         57
        144
        197
         35
        242
        243
        117
         97
        206
        105
         60
        108
         62
          6
        150
          6
         55
         20
         58
        121
        216
        201
         45
        133
        232
         57
        202
         29
        234
        141
        238
         65
        185
         49
         35
        163
        178
        214
         43
          3
         74
        160
        234
        177
         48
        142
        150
        176
         85
        240
         64
        226
        231
         78
         45
        226
        240
         58
         61
        190
        148
         84
        142
         65
        141
        167
        101
         12
         75
        191
        109
        170
         30
         22
        220
        206
        173
        225
        189
        115
        187
        212
        188
        195
        213
         36
        126
        169
        162
        228
        112
         92
        155
        127
        206
         91
         42
        250
        239
         97
        114
        105
         40
        218
        179
        132
         83
        135
        220
        231
        179
        132
        242
         35
        209
        129
        181
        224
        123
          0
         67
        211
        135
        210
        181
        147
        164
        199
        245
          4
        247
        118
         52
         68
         88
         81
        109
        168
         46
         91
         15
         16
          4
        176
         56
         35
        229
        251
        190
        238
        184
         65
         16
         45
         52
        180
        111
        231
         55
         22
        206
        123
        148
         18
          6
        154
         57
        107
        167
        230
        171
        146
         49
        136
         64
        235
        145
        121
         40
          9
        229
         17
        202
         70
        211
         92
        134
        187
        227
        217
          5
        226
         24
        172
        230
        123
         16
        101
        210
         67
        158
         37
        123
         89
        233
         69
         48
         19
         97
        167
        155
        230
         20
        169
        247
         42
        199
         19
        128
         31
        244
        215
         79
         52
        203
          2
         72
        144
        179
        214
         47
          7
        250
        197
        108
        145
        135
        152
         50
         86
        231
        229
         64
         18
        206
         29
        233
          4
         60
        222
        149
        179
        141
        249
        138
         44
        197
         87
        253
         23
         95
        177
         70
        146
        212
        201
        132
         32
        206
        142
        100
         82
        240
         73
        145
        163
         58
        146
        197
        114
        120
        126
        231
         36
        142
         35
         93
        141
         16
        218
        224
        177
         57
         30
        155
        242
         25
        143
        117
        242
        238
         64
        120
        220
        129
          8
        237
         30
        240
        134
        156
         56
        217
         19
         14
        178
        184
        108
        226
        149
        247
        245
        216
         95
         96
        227
        239
        206
        180
         23
         58
         51
         55
        183
        131
        112
         34
        140
        189
         74
        241
        171
        171
         56
         67
         73
        204
         83
          5
        232
        107
         71
         77
         13
        186
        220
         36
          2
        160
        201
        161
        156
        159
         58
        210
        242
        175
        133
        187
        178
        231
        250
         85
         62
        153
         32
         19
        172
         87
        231
        243
        179
        125
        224
         87
         15
         10
        215
        236
        137
        199
        112
         46
        191
        147
         16
        237
         75
        125
         89
        246
        167
        187
        242
        142
         56
        156
        232
        131
         54
        223
         11
        180
        227
        219
         50
        114
         13
        131
        199
          6
        120
         52
         99
        235
         42
        100
        163
         86
        200
         73
         66
        167
        135
         54
        204
        111
         35
         11
        232
        237
          1
        241
         47
        136
        195
        207
         48
        219
         26
        161
         98
         22
        204
        113
        156
         75
        227
         91
        254
         65
        104
         63
        197
        244
         64
         74
        127
         76
        146
         42
        164
        191
         99
        119
         73
        184
         10
          9
         67
         19
         93
        116
        108
          5
         42
         82
        233
        158
         87
         57
        199
        235
         59
        131
        215
         96
        151
        226
        170
        148
        231
         69
         59
         78
         73
         62
        144
         95
         92
         58
         40
          3
         14
         75
         22
        104
        103
        206
        217
        251
        175
        187
          5
        118
        100
        177
        209
        136
        250
        233
        240
        142
        124
        137
          5
         53
         66
         64
         59
        188
         31
         86
        168
        209
        186
        161
        255
        175
        146
         43
         26
         14
         97
        198
        197
          6
        252
        142
        223
         23
        239
         65
         66
         96
        222
        225
        242
          5
         35
        225
        242
          5
        199
        232
        250
        166
        239
        106
         43
        239
        140
         69
        118
         53
         33
        169
        149
         44
         13
         49
        105
         73
         54
        130
         99
        211
        205
         42
         97
        121
         16
        230
         30
        158
         52
        250
        234
        190
        186
        145
         40
         10
        221
         46
         82
        177
          5
        244
        242
         62
        194
        248
        205
         63
        226
         15
        230
        133
         94
         38
        238
        194
        228
        170
         22
        252
          4
         13
          3
         23
        107
         84
         24
        108
        165
        136
        130
         14
          6
        110
        139
        192
        196
        219
         45
        202
         68
        239
        238
        127
         30
        194
        125
        113
        182
        130
         35
        189
        156
        243
         90
        105
        253
        168
         55
          4
        137
        108
        189
        185
        171
         94
        165
        171
        249
        189
         60
        183
        191
        117
         31
         74
         62
        131
         58
        227
          2
        223
        218
        232
        120
        168
        165
         65
        203
         83
         49
         19
        124
         59
        233
         87
        184
        130
        107
         35
        238
         95
        162
         51
        216
        105
        128
        252
        143
         48
         27
        109
        115
         64
         73
        177
        120
        221
         86
        241
         83
         80
         50
        142
         87
          4
         27
         79
         23
         35
        104
         84
        105
          8
         35
        206
        142
        185
         80
        165
         71
         36
        146
        185
         99
        237
         76
        222
        109
          7
         63
        241
         34
         90
        130
         37
         44
        157
        175
          0
        196
         21
         92
        220
        103
        210
         42
        163
        131
        242
         96
        233
        192
        155
        177
         19
         30
        233
         41
        112
         51
        124
        136
        166
          3
         18
        251
         97
         17
          1
          0
          0
          0
          9
          3
          0
          0
          3
          0
          0
          0
          0
          2
          0
          0
          0
          7
          5
          0
         14
          0
          0
          0
          0
          4
         11
          1
         10
          0
          0
          0
          9
          0
          0
          0
          0
          0
          0
          0
         14
          0
         17
         14
          0
          0
          0
          0
          0
          5
          0
          0
          2
          0
          0
          0
          0
          0
          8
          0
          0
          0
          0
         12
          6
          0
          0
          0
          0
          4
          1
          0
         10
          0
         21
          0
          0
          0
         24
          5
          7
          0
         12
         24
          5
          0
         28
          0
          0
          0
          0
          0
          4
          6
          0
         14
          0
          0
          0
          6
         16
          0
          0
          0
         11
         23
          0
          0
         19
          0
         13
          0
          0
         19
          0
          0
          1
          3
         10
          7
          0
          2
          8
         17
          9
          0
          9
          0
          2
          0
         11
          7
          0
          0
          6
          0
          0
          8
          1
          2
          0
          0
          1
         28
          5
         10
          0
         10
          0
          0
          1
          0
          0
          0
         19
          0
          0
          0
         22
          0
          0
          2
          0
          0
          0
          0
          0
         18
          0
         11
         16
          0
          0
          3
         13
          4
          4
          0
         17
          0
          0
         13
          2
         11
         13
          0
          0
          0
          0
          0
         14
         24
          0
          0
         16
          0
          7
          0
         11
          0
          6
          1
          0
          0
          0
          0
         14
          0
          1
         15
         17
          0
          0
          0
          0
         10
          0
          0
          1
          0
         24
          3
          0
         12
          0
          0
         18
          0
          1
          0
          0
          0
          0
          7
          0
          0
          0
         12
          0
          0
          0
         25
          0
         17
          0
          0
          0
         17
          7
          0
          5
         18
          0
          4
          0
          0
          1
          0
          0
          0
          9
          3
          0
          0
          3
          0
          0
          0
          0
          2
          0
          0
          0
          7
          5
          0
         14
          0
          0
          0
          0
          4
         11
          1
         10
          0
          0
          0
          9
          0
          0
          0
          0
          0
          0
          0
         14
          0
         17
         14
          0
          0
          0
          0
          0
          5
          0
          0
          2
          0
          0
          0
          0
          0
          8
          0
          0
          0
          0
         12
          6
          0
          0
          0
          0
          4
          1
          0
         10
          0
         21
          0
          0
          0
         24
          5
          7
          0
         12
         24
          5
          0
         28
          0
          0
          0
          0
          0
          4
          6
          0
         14
          0
          0
          0
          6
         16
          0
          0
          0
         11
         23
          0
          0
         19
          0
         13
          0
          0
         19
          0
          0
          1
          3
         10
          7
          0
          2
          8
         17
          9
          0
          9
          0
          2
          0
         11
          7
          0
          0
          6
          0
          0
          8
          1
          2
          0
          0
          1
         28
          5
         10
          0
         10
          0
          0
          1
          0
          0
          0
         19
          0
          0
          0
         22
          0
          0
          2
          0
          0
          0
          0
          0
         18
          0
         11
         16
          0
          0
          3
         13
          4
          4
          0
         17
          0
          0
         13
          2
         11
         13
          0
          0
          0
          0
          0
         14
         24
          0
          0
         16
          0
          7
          0
         11
          0
          6
          1
          0
          0
          0
          0
         14
          0
          1
         15
         17
          0
          0
          0
          0
         10
          0
          0
          1
          0
         24
          3
          0
         12
          0
          0
         18
          0
          1
          0
          0
          0
          0
          7
          0
          0
          0
         12
          0
          0
          0
         25
          0
         17
          0
          0
          0
         17
          7
          0
          5
         18
          0
          4
          0
          0
          1
          0
          0
          0
          9
          3
          0
          0
          3
          0
          0
          0
          0
          2
          0
          0
          0
          7
          5
          0
         14
          0
          0
          0
          0
          4
         11
          1
         10
          0
          0
          0
          9
          0
          0
          0
          0
          0
          0
          0
         14
          0
         17
         14
          0
          0
          0
          0
          0
          5
          0
          0
          2
          0
          0
          0
          0
          0
          8
          0
          0
          0
          0
         12
          6
          0
          0
          0
          0
          4
          1
          0
         10
          0
         21
          0
          0
          0
         24
          5
          7
          0
         12
         24
          5
          0
         28
          0
          0
          0
          0
          0
          4
          6
          0
         14
          0
          0
          0
          6
         16
          0
          0
          0
         11
         23
          0
          0
         19
          0
         13
          0
          0
         19
          0
          0
          1
          3
         10
          7
          0
          2
          8
         17
          9
          0
          9
          0
          2
          0
         11
          7
          0
          0
          6
          0
          0
          8
          1
          2
          0
          0
          1
         28
          5
         10
          0
         10
          0
          0
          1
          0
          0
          0
         19
          0
          0
          0
         22
          0
          0
          2
          0
          0
          0
          0
          0
         18
          0
         11
         16
          0
          0
          3
         13
          4
          4
          0
         17
          0
          0
         13
          2
         11
         13
          0
          0
          0
          0
          0
         14
         24
          0
          0
         16
          0
          7
          0
         11
          0
          6
          1
          0
          0
          0
          0
         14
          0
          1
         15
         17
          0
          0
          0
          0
         10
          0
          0
          1
          0
         24
          3
          0
         12
          0
          0
         18
          0
          1
          0
          0
          0
          0
          7
          0
          0
          0
         12
          0
          0
          0
         25
          0
         17
          0
          0
          0
         17
          7
          0
          5
         18
          0
          4
          0
          0
          1
          0
          0
          0
          9
          3
          0
          0
          3
          0
          0
          0
          0
          2
          0
          0
          0
          7
          5
          0
         14
          0
          0
          0
          0
          4
         11
          1
         10
          0
          0
          0
          9
          0
          0
          0
          0
          0
          0
          0
         14
          0
         17
         14
          0
          0
          0
          0
          0
          5
          0
          0
          2
          0
          0
          0
          0
          0
          8
          0
          0
          0
          0
         12
          6
          0
          0
          0
          0
          4
          1
          0
         10
          0
         21
          0
          0
          0
         24
          5
          7
          0
         12
         24
          5
          0
         28
          0
          0
          0
          0
          0
          4
          6
          0
         14
          0
          0
          0
          6
         16
          0
          0
          0
         11
         23
          0
          0
         19
          0
         13
          0
          0
         19
          0
          0
          1
          3
         10
          7
          0
          2
          8
         17
          9
          0
          9
          0
          2
          0
         11
          7
          0
          0
          6
          0
          0
          8
          1
          2
          0
          0
          1
         28
          5
         10
          0
         10
          0
          0
          1
          0
          0
          0
         19
          0
          0
          0
         22
          0
          0
          2
          0
          0
          0
          0
          0
         18
          0
         11
         16
          0
          0
          3
         13
          4
          4
          0
         17
          0
          0
         13
          2
         11
         13
          0
          0
          0
          0
          0
         14
         24
          0
          0
         16
          0
          7
          0
         11
          0
          6
          1
          0
          0
          0
          0
         14
          0
          1
         15
         17
          0
          0
          0
          0
         10
          0
          0
          1
          0
         24
          3
          0
         12
          0
          0
         18
          0
          1
          0
          0
          0
          0
          7
          0
          0
          0
         12
          0
          0
          0
         25
          0
         17
          0
          0
          0
         17
          7
          0
          5
         18
          0
          4
          0
          0
          1
          0
          0
          0
          9
          3
          0
          0
          3
          0
          0
          0
          0
          2
          0
          0
          0
          7
          5
          0
         14
          0
          0
          0
          0
          4
         11
          1
         10
          0
          0
          0
          9
          0
          0
          0
          0
          0
          0
          0
         14
          0
         17
         14
          0
          0
          0
          0
          0
          5
          0
          0
          2
          0
          0
          0
          0
          0
          8
          0
          0
          0
          0
         12
          6
          0
          0
          0
          0
          4
          1
          0
         10
          0
         21
          0
          0
          0
         24
          5
          7
          0
         12
         24
          5
          0
         28
          0
          0
          0
          0
          0
          4
          6
          0
         14
          0
          0
          0
          6
         16
          0
          0
          0
         11
         23
          0
          0
         19
          0
         13
          0
          0
         19
          0
          0
          1
          3
         10
          7
          0
          2
          8
         17
          9
          0
          9
          0
          2
          0
         11
          7
          0
          0
          6
          0
          0
          8
          1
          2
          0
          0
          1
         28
          5
         10
          0
         10
          0
          0
          1
          0
          0
          0
         19
          0
          0
          0
         22
          0
          0
          2
          0
          0
          0
          0
          0
         18
          0
         11
         16
          0
          0
          3
         13
          4
          4
          0
         17
          0
          0
         13
          2
         11
         13
          0
          0
          0
          0
          0
         14
         24
          0
          0
         16
          0
          7
          0
         11
          0
          6
          1
          0
          0
          0
          0
         14
          0
          1
         15
         17
          0
          0
          0
          0
         10
          0
          0
          1
          0
         24
          3
          0
         12
          0
          0
         18
          0
          1
          0
          0
          0
          0
          7
          0
          0
          0
         12
          0
          0
          0
         25
          0
         17
          0
          0
          0
         17
          7
          0
          5
         18
          0
          4
          0
          0
          1
          0
          0
          0
          9
          3
          0
          0
          3
          0
          0
          0
          0
          2
          0
          0
          0
          7
          5
          0
         14
          0
          0
          0
          0
          4
         11
          1
         10
          0
          0
          0
          9
          0
          0
          0
          0
          0
          0
          0
         14
          0
         17
         14
          0
          0
          0
          0
          0
          5
          0
          0
          2
          0
          0
          0
          0
          0
          8
          0
          0
          0
          0
         12
          6
          0
          0
          0
          0
          4
          1
          0
         10
          0
         21
          0
          0
          0
         24
          5
          7
          0
         12
         24
          5
          0
         28
          0
          0
          0
          0
          0
          4
          6
          0
         14
          0
          0
          0
          6
         16
          0
          0
          0
         11
         23
          0
          0
         19
          0
         13
          0
          0
         19
          0
          0
          1
          3
         10
          7
          0
          2
          8
         17
          9
          0
          9
          0
          2
          0
         11
          7
          0
          0
          6
          0
          0
          8
          1
          2
          0
          0
          1
         28
          5
         10
          0
         10
          0
          0
          1
          0
          0
          0
         19
          0
          0
          0
         22
          0
          0
          2
          0
          0
          0
          0
          0
         18
          0
         11
         16
          0
          0
          3
         13
          4
          4
          0
         17
          0
          0
         13
          2
         11
         13
          0
          0
          0
          0
          0
         14
         24
          0
          0
         16
          0
          7
          0
         11
          0
          6
          1
          0
          0
          0
          0
         14
          0
          1
         15
         17
          0
          0
          0
          0
         10
          0
          0
          1
          0
         24
          3
          0
         12
          0
          0
         18
          0
          1
          0
          0
          0
          0
          7
          0
          0
          0
         12
          0
          0
          0
         25
          0
         17
          0
          0
          0
         17
          7
          0
          5
         18
          0
          4
          0
          0
