          0
          0
         31
          0
          0
         14
         88
        170
        175
          0
         80
          0
        183
          0
        127
          0
          0
          0
          0
          0
         96
        134
          0
        209
        134
         20
          0
          0
          0
        105
          0
          0
          0
         65
         20
         35
          0
          0
          0
         82
        112
         13
         29
          0
        219
        161
         46
          0
        255
          0
          0
          0
          0
          0
          0
          8
          0
        154
          0
          0
        255
        114
         76
        128
         12
          0
         46
        102
         11
          0
        115
        204
         83
          0
          0
          0
          0
         51
         36
          0
          0
          0
          0
          0
          0
        255
          0
        121
         71
         39
          8
        198
          0
         59
         23
          0
          0
          0
         49
        144
        107
          0
          0
        255
         59
        160
          0
        255
         96
        170
          0
        225
         78
        255
          0
          0
          5
         77
          0
        255
          0
          0
        106
          0
          0
        126
          0
          0
          0
          0
          0
        255
          0
          0
        132
          0
          0
          0
         29
          0
         62
          0
         48
         72
         17
          0
          0
          0
          0
        255
        155
          0
         89
          0
        100
         12
        209
         35
          0
         96
          0
          0
          0
        135
          0
          0
          0
        105
          0
          0
          0
        255
         67
        126
          0
          0
        255
          0
          0
          0
         88
          0
         64
          0
          8
        255
        211
          0
        255
         67
        146
          0
          0
        108
          0
        128
         19
          0
        122
        255
          0
          0
         11
        255
          0
         82
         69
        185
        255
          0
          0
         90
          0
        147
         50
          0
          4
          0
        170
         65
        255
          0
          0
          0
          0
         11
         56
          0
         39
          0
          0
        104
          0
          0
          0
          0
          0
          0
          0
        154
        255
        168
          0
        125
          0
          0
        143
          9
          0
          0
         35
        102
          0
          0
         32
          0
          0
          0
        229
          0
          0
          0
         23
        250
          0
          0
          0
         38
         73
          0
          0
          0
         87
          0
          0
          0
        125
        255
          0
        112
          0
        255
         19
          0
          0
          0
          0
          0
          0
          0
          0
          0
        200
         49
        225
          0
          0
         64
        198
         59
        229
         23
         11
        255
        255
          0
         69
          0
        255
        255
         30
          0
        173
          0
        166
          0
        255
        127
          0
         92
          0
         73
          0
          0
          0
          0
          0
        255
          0
          0
          0
         67
         96
         21
         34
          0
          8
          4
          0
          0
        129
          0
          1
        107
          0
         41
          0
          0
        255
         78
         28
          0
         44
         95
          0
          0
         29
          0
         84
         56
          0
        164
          0
          0
        111
          0
          0
          0
          0
          0
          0
        114
        233
         71
        131
        135
        149
          0
         74
         24
          0
         20
          0
         23
         41
          0
          0
          0
          0
          0
          0
         20
          0
         90
         89
        155
          0
          0
          6
          0
        255
          0
         23
         87
          0
         68
          0
          0
         24
          0
         64
        235
          0
        140
        104
          0
          0
          0
          0
         88
         44
         60
        158
        218
        129
         48
          0
         11
          0
          6
          9
          0
        255
          0
          0
          0
        249
         91
        143
          0
          0
        111
          0
          0
          0
        131
        106
         20
          0
          0
          0
        188
        148
         81
        255
          0
         57
          0
          0
        241
          0
        144
         44
        105
        255
        255
         79
         23
        223
          0
         74
          0
          0
          0
        137
          0
          0
         49
          0
         25
          0
         63
         52
        209
         16
         41
          0
          0
        213
          0
          0
        174
          4
          7
         33
          0
          0
          0
          0
          0
          0
          0
        128
          1
         52
         35
          0
        241
          0
          0
          3
          4
