         12
        197
        255
          0
        140
          0
        110
         10
         67
          0
          0
        231
         81
          0
         82
          0
          0
          0
         30
          0
          0
        102
         94
          0
        131
          0
          0
          0
         14
         28
          0
          0
          0
         16
          0
          0
          0
        239
          0
          0
          0
          0
        121
        195
          0
          0
        247
        199
        123
          0
         93
          0
        255
          0
        158
          0
         94
         93
         31
          0
         61
          0
         57
          0
        142
          0
          0
          0
        194
          0
          0
          0
         78
          0
        132
        186
          0
          0
          0
          0
        100
          0
          0
          0
         69
          0
         69
          0
          0
        121
          5
          0
        145
          0
          0
         62
          0
        236
          0
         56
         15
          0
          0
         10
          8
          0
         69
          0
         38
        119
          0
        106
          0
          0
          1
          0
          0
          0
         40
          0
          0
          0
          0
        161
        179
          0
          0
          0
          0
          0
        255
         98
          0
          0
          0
         74
         71
        255
         53
        197
        106
          0
          0
          0
        121
          0
          8
         25
          0
          0
        128
        176
        255
          0
          0
        221
          0
        121
        122
          0
         65
        200
          0
          0
          0
          0
          0
         66
         25
          0
        144
        248
          0
         83
          0
          0
          0
          0
          0
          0
        179
          0
          0
          0
          0
          0
          0
        255
          0
        120
        120
         17
          0
        195
        231
        140
          0
          0
         51
          0
          7
          0
          0
        168
          0
         87
          0
          0
         40
          0
          0
          0
          0
          0
          0
          0
          0
         17
          0
          0
        186
          7
         20
        106
          0
        141
          0
         34
          0
         74
          0
          0
          0
          0
          0
         46
         97
          0
        248
         98
          0
          0
          0
          0
          0
          0
          0
          0
        255
          0
          0
        255
          0
         47
        101
         82
          0
         21
        164
        122
        111
        228
          0
          0
         51
        255
         70
          0
         57
          0
          0
          0
        120
        255
          0
        175
          0
          0
         93
          0
         17
        114
          0
          0
          0
        113
          0
         40
          0
        147
        186
         95
          0
          0
         44
          0
          3
        255
          0
          0
          0
          0
         21
          0
         94
          0
          0
          0
          0
          0
          0
          0
         23
        140
          0
          0
          0
          0
         79
        112
         96
          0
          4
         68
        206
        255
          0
          0
          0
         22
          0
        255
        199
         98
        187
          0
         53
          0
          0
          0
        255
          0
         84
          0
        212
          0
         14
          0
        134
          0
          0
          0
        117
          0
          0
         52
          0
         93
         50
          0
          0
          0
          0
          0
        108
        168
          0
          0
          0
          0
        139
          0
          0
          0
          0
        160
          0
          0
          0
         70
          0
          0
          0
          0
         41
          0
          0
          0
          0
        217
          0
         71
          0
          0
        125
        213
          0
          0
          0
          0
          0
          0
        113
        208
          0
          0
          3
         54
          0
        123
          0
          0
          0
          0
          0
        112
          0
        246
        255
        141
          0
          0
          0
         44
          0
        255
        151
          0
          0
          0
          0
         76
          0
        142
          0
          0
         87
         99
          0
          0
          0
          0
        101
          0
          0
         34
          2
          0
          0
          0
          0
        119
          0
         37
          0
          0
          0
        232
          0
         50
         84
          0
          0
          0
          2
        101
          0
          0
          0
          0
          0
          0
          0
        128
          0
         95
          0
          0
          0
          0
          0
          0
        255
         10
          0
         42
         47
         59
          0
         92
         28
          9
        115
          0
        255
        121
         29
          0
        118
          0
          0
          0
          0
         62
          0
          0
          0
          0
        167
          0
          0
         70
