        207
         63
          0
        167
        146
         61
          0
        103
          0
        131
        126
        185
        174
         85
        124
          0
        157
          0
          0
          0
         53
        138
          0
          0
          0
        121
         48
         77
        127
          0
          0
        187
          0
         61
          0
          0
        113
          0
         57
        165
          0
        124
          3
        255
          0
          0
         41
        107
        164
          0
          0
         86
          0
          4
          0
          0
          0
         16
         49
          0
         74
          0
          0
        129
        209
         11
         20
          0
         79
         10
         10
         98
        202
        115
         37
          0
          0
          0
         16
        255
         55
        127
          0
         17
         36
          0
         83
          0
         13
          0
          0
        164
        154
          0
         87
         90
          0
          0
         49
          0
        167
         85
          0
          0
          0
          0
          0
        255
          4
        160
         54
        168
         39
          0
          0
         52
         56
          0
          0
        184
         90
         18
          0
          0
        113
          0
         66
         25
         75
          0
          0
        116
          0
          2
          0
         98
        165
         68
          0
        199
          0
          0
         55
          0
         36
        109
          0
        148
          0
          0
          0
         95
        146
          5
          0
         94
         36
          0
          0
        199
          0
         61
        193
          0
        168
          0
         20
          0
          0
          0
         58
          0
        137
        153
         24
          0
          0
         91
          0
        117
          0
        119
          0
         86
         38
         42
          0
          0
        111
          0
         64
        120
         97
         43
         95
         87
          0
         42
          0
        165
          0
          0
          0
          0
          0
         95
          7
          0
          0
          0
          0
          0
          0
          0
         52
         87
          0
          0
         34
          0
          0
        200
         99
        217
          0
         29
         64
        112
          0
          0
          0
         73
        114
        139
         61
        255
        141
        102
         20
          0
          0
         39
          0
        109
          0
         14
          0
         80
         82
         34
         35
          0
         66
          0
         53
        138
         61
         10
          0
          0
          0
          0
          0
          5
         72
         15
          0
          0
        111
          0
         86
          0
        115
        108
          0
          0
          0
          0
          0
        111
         95
          0
          0
         71
        120
        245
         95
          0
         48
          0
          0
        136
          0
         59
          0
          0
        118
         38
        130
        255
          0
        151
        107
        101
          0
         80
          0
          0
          0
          0
         73
         93
         96
          0
          0
        137
         84
        255
          0
          0
          0
          0
         75
        154
          0
          0
          0
         51
          0
         53
        135
        227
        113
          0
         49
          0
         51
         46
          0
          0
         34
          0
          0
        134
         76
         45
          0
         80
        113
        225
          0
          0
         91
          0
         41
          0
          0
         62
          0
          0
          0
          0
         90
         41
          0
         98
         63
         76
          0
          0
        199
         22
          0
        117
          0
         80
        114
          0
         22
         58
         58
          0
         30
        155
         92
          0
          0
         54
          0
          0
          0
          0
        214
         45
         81
          0
          0
          0
        109
        140
          0
          0
        111
        155
          0
          0
          0
        154
        133
         62
          0
          0
         76
          0
          2
        194
         46
          0
        129
          0
        151
          0
         38
        158
        226
          2
        108
        255
          0
          0
         18
         32
        151
        120
        222
         85
          0
          0
          0
         71
         34
          0
          0
        144
          0
        177
          0
          0
          0
          0
         33
        167
          0
          0
         65
         61
        205
        152
         38
        255
          0
        104
          0
          0
        121
          0
          0
        135
          0
          0
         17
         53
          0
          0
          0
         97
        145
        196
        124
          0
          0
         95
          0
          0
        175
         41
         33
         10
        102
          0
          0
          0
        139
        113
        111
        165
        154
          0
        224
          0
          0
         94
          0
         54
        165
        107
          0
          0
          0
        159
         43
          0
