          4
          0
          0
          0
          0
          7
         86
          0
         82
        129
          0
         79
          0
         87
         14
          0
          0
          0
          0
          0
          0
          0
        178
         56
        147
          0
         71
        204
         48
          0
          0
        229
         22
          0
          0
          0
          0
          2
          0
          0
          0
          0
          0
          0
          0
        111
         85
          0
        147
        237
          0
         81
          0
          0
        102
         49
          0
        255
          0
        135
          0
          0
          0
         51
          4
          0
          0
        210
          0
          0
          0
          0
          0
          0
          0
          0
         25
         82
          0
          0
          0
          0
        126
          0
          0
        110
         64
          0
          0
        249
        127
        255
         97
          9
          0
          0
          3
        255
          0
          0
          0
          0
          0
          0
          0
          0
          0
          0
          0
        141
          0
          0
          0
        255
        127
          0
         21
         35
          0
          0
          0
        255
        107
          0
          0
         53
        140
         17
          0
          0
          0
          0
          0
          0
          0
          0
          0
          0
          0
          1
        255
        163
          0
          0
          0
          0
         93
          0
          0
          0
          0
         50
          0
        255
         35
          0
         79
        151
          0
        147
         36
        255
          0
          0
          0
          0
          0
          0
          0
        111
          0
          0
        255
        219
         97
          0
        113
        255
          0
         70
          0
          0
        175
         35
          0
          0
        114
         90
          0
         87
          0
          2
          0
         27
          0
        163
          0
          0
          0
          0
          0
         93
         34
          0
          0
        174
         23
         42
         71
          0
          0
         24
          0
        255
          0
          0
        121
          0
         59
          0
          0
        110
          0
         86
          0
          0
          0
        127
          0
          0
        187
          0
         56
        130
         71
          0
        255
        102
          0
          0
        102
        255
          0
         38
        139
         10
        255
         79
        172
          0
          0
          0
          0
          0
          0
          0
          0
        255
         93
         31
          0
          0
          0
          0
         69
        121
          0
         34
          0
          0
         94
        255
          0
          0
        104
          0
          0
         22
          0
        239
          0
          0
          0
        255
          0
        120
          0
          1
          0
          0
          0
          0
          0
          0
        137
        239
          0
        127
         65
        150
          0
          0
          0
        233
         61
          0
         69
         76
        112
        201
        207
        102
         89
          0
          0
         11
          0
         50
          0
         73
          0
        255
          0
        188
          0
          0
         91
         69
        110
          0
         15
         44
          0
          0
          0
        128
          0
          0
          0
          0
          0
          0
          0
          0
         65
          0
          0
        208
        105
          0
          0
        200
          0
        255
          0
         76
        194
          0
        152
        136
         84
          0
          0
         93
          0
        222
         62
        162
        156
        190
        114
          0
          0
        220
        255
        202
         99
          0
        102
        206
         30
        155
          0
        162
        168
        255
          0
          3
          0
          0
          0
          0
        143
          0
         95
        181
          0
        204
          0
          0
          0
          0
          0
          0
          0
        224
        255
         15
          0
        255
          0
          0
          0
        169
          0
        220
          0
        112
          0
          0
          0
          0
        216
          0
          0
          0
          0
        153
        255
          0
         35
          0
          4
        255
         44
          0
          0
          0
        255
          0
         49
         95
          0
          0
          0
         88
         16
          0
        181
         40
          0
          0
          0
          0
        251
        165
          0
          0
          0
        114
          0
          0
          0
          0
         20
          0
         92
          0
          0
          0
        255
          0
          0
        255
          0
          0
          0
         34
          0
        246
          0
          0
          0
         63
          0
          0
         63
        141
          0
          0
          0
        162
        165
         24
         91
        178
         34
        255
          0
         61
          0
        172
        235
         45
          0
        145
         49
          0
        170
          0
          0
         47
        178
        255
        157
         11
          0
          0
          4
          0
          0
          0
          0
          0
          0
          0
          0
          0
          0
          3
          0
          2
          0
        102
        118
        188
        137
          0
          0
        255
         89
         47
          0
          0
          0
          0
          0
          5
          0
          0
          0
        193
          0
          9
          0
         98
        255
          0
          0
          0
         56
         17
        116
          0
          0
          0
          0
        142
          0
        246
         52
          0
        119
          0
          0
          0
          0
        255
         17
        225
          0
          0
         37
        157
        181
         96
         48
         43
        255
          0
          0
        226
        134
        255
         52
         14
          0
          0
          0
          0
        150
        238
         21
         43
          0
          0
          0
         62
        103
          0
        255
         78
          0
          0
        255
        150
          0
         22
          0
        121
          0
          0
          0
        248
         92
        255
         58
          0
          0
         79
        255
        236
          0
        239
         27
        238
        178
          0
        201
          0
          0
        237
        121
          0
          0
          0
          0
        225
        107
          0
          0
        135
          0
        175
         64
        212
        116
          0
        105
          0
          0
          0
          0
          0
         79
        177
          0
         27
          0
         83
          0
        187
          0
          0
          0
          0
        200
          0
         85
         86
         11
         51
        195
          7
          0
          0
         26
        255
         96
        255
         50
          0
        178
          0
          0
          0
          0
         69
          0
          0
        253
        158
        198
        255
          0
        164
          0
        193
        167
          7
          0
          0
          1
          5
          0
          5
        160
        211
          0
          0
        113
          0
         26
         17
        185
         33
          0
          0
         28
        244
        158
          0
          0
        195
          0
         41
          0
        234
          0
         50
          0
          0
         36
        230
         41
         34
          0
         57
        201
          0
         56
          0
          4
        255
          0
         89
          0
          0
          0
        137
          0
        230
          0
          0
        215
          0
          0
         43
        136
         95
        255
          0
          0
          0
          0
         51
         35
         65
         41
          0
        255
          0
          0
          0
         73
          0
          0
          0
          0
         71
          0
        156
          0
          0
          0
        218
        145
        116
          0
         85
          0
          0
          0
          0
          0
          0
          0
         32
          0
          0
          0
         60
          0
          0
          0
          0
         50
          0
         48
         15
          0
          0
          0
        229
          0
          0
          0
         55
        133
        122
        105
          0
          0
          0
          0
          0
          0
          0
         44
          0
          0
         72
          0
        112
          0
          0
          0
         99
         89
          0
         28
         36
          0
          0
          0
         79
          0
        255
          0
          0
          0
        188
        148
          0
         89
        255
          0
        195
         23
          0
        255
          0
          0
         21
          0
          3
          0
          0
          0
        255
        118
        123
          0
          0
        127
          0
          0
          0
          0
         60
         24
          0
        212
          0
          0
        166
          0
          0
          0
          0
          0
          0
        255
          0
        105
          0
          0
          0
          0
        217
          0
        255
        145
          0
          9
         28
        192
        192
          0
          0
          0
        255
         23
          0
          0
         13
        164
         83
          0
        255
          0
          0
          0
         13
        230
        186
          3
          0
          0
         54
        239
          0
          1
          0
         64
          0
        102
         45
        212
          0
         10
         43
         40
        132
          0
          0
          0
         20
          0
          0
        158
        255
          0
        166
         46
          0
          0
          0
          0
         98
          0
         32
          0
          0
          8
          0
          0
          0
         66
         52
          0
          0
        255
        240
         42
          0
          0
         81
          0
        127
         59
        255
          0
        255
          0
          4
         68
          0
        184
        237
         42
         76
          0
         21
        188
          0
          0
        226
         73
        255
         71
          2
          0
        247
          0
         89
          6
        130
         25
          0
        226
          0
          0
        125
        109
        255
         67
         71
          0
          9
          0
          0
         49
          0
          0
          0
          0
          0
          0
          0
        113
          0
         64
          0
          0
          0
        255
        226
          0
        134
          0
         23
        201
        131
        155
        124
          0
        255
         70
        119
          0
          0
          0
         83
          0
          0
        189
        156
          0
          0
          0
          0
        130
        255
        126
          0
          0
          0
          0
          0
          0
          0
          0
        198
         77
          0
        173
        255
        166
        255
          0
          0
          0
          0
          0
         83
         54
         41
          0
          0
          0
          0
          0
          0
          0
        116
         58
         87
        175
          0
          0
          0
          0
        255
         15
        139
          0
        171
          0
          0
          0
         82
          0
          0
        152
          0
         74
         16
          0
         51
         54
         87
          0
          0
          0
        212
         74
        255
         29
         73
          0
          0
          0
          0
          0
        255
         20
          0
         72
          0
          0
         56
         29
        255
          0
          0
        162
          0
        210
          0
          0
         31
          0
        176
        163
          0
          0
        239
         38
          0
         99
          0
          4
         14
          0
        224
        158
        138
          0
          0
          0
        166
          0
          0
          0
        255
        226
          0
          0
          0
          0
          0
          0
          0
          0
        169
          0
          0
          0
        211
         97
        255
         14
         55
         43
        136
          0
          0
          0
          0
          0
          0
        255
          2
          0
        103
          0
        255
          0
          0
          0
          0
          0
        238
          0
         19
         93
          0
          0
          0
         19
          0
        105
          0
          0
          0
          0
         92
          0
          0
          0
        255
         24
        255
         24
        161
          0
        207
          0
          0
          0
         16
          0
          0
         32
        255
        160
          0
          0
          5
        166
         40
          0
        221
         49
        255
          0
         44
          0
         68
          0
         17
          0
          0
          0
          0
          0
          0
          0
        255
        162
        202
         63
        165
          0
          0
          0
         43
        152
        110
         22
        141
          0
          0
          0
          6
        112
          0
        130
          0
        164
        195
         13
          0
          4
          0
         22
        164
        125
          0
        175
          0
          0
        255
          0
        219
          0
          0
        128
        255
          0
         66
          0
        103
          0
          1
         92
          0
          0
        206
         17
          0
         98
        231
          0
        212
          0
        255
          0
         51
        218
          0
          0
        101
          0
        172
          0
          0
          0
          0
        181
        205
          0
         14
          0
        147
         56
          0
          0
        255
        123
          0
         33
          0
          0
         77
          0
         31
          0
        182
          0
        255
        255
         35
          0
         39
          0
        128
         93
         30
          0
          0
          0
         85
          0
          0
          0
        131
          0
          0
          0
          0
         45
        249
         33
          8
          0
         45
          0
          0
        197
         97
          0
          0
         14
          0
          0
        129
          3
        255
        255
        128
          0
          0
          0
          0
          0
         11
          0
          0
        255
          0
          0
          0
        124
        192
        114
          0
          0
          0
          0
          0
          0
          0
         15
          0
          0
          0
        182
        248
          0
        255
        125
          0
          0
          0
        216
          0
          0
         26
          1
          0
          0
          0
          0
          0
          0
          0
          6
          5
          0
          0
        255
          0
          0
          0
          0
          0
          0
          0
          0
          0
          0
        255
         27
          0
          0
          0
          0
          0
        151
          0
         59
        178
         98
          0
          0
          0
         87
          0
          0
          0
        189
          0
          0
          0
         84
        193
          0
        255
          0
         53
        160
          0
          0
        226
          0
         68
          0
          0
        255
        228
        127
          0
          2
         35
        255
         37
          0
        141
         47
          0
          0
          0
        146
        143
          0
         35
        159
        245
          0
          0
          0
          0
          0
         65
          0
        255
        108
        151
          0
          0
         35
         78
        101
         50
          0
        180
          0
          0
          0
         48
          0
          0
          0
          0
          0
        120
          0
        219
          0
          0
        157
        161
        162
          0
        146
          0
          0
        255
        185
        200
          0
          0
          0
        219
         33
         32
          0
        108
        255
        190
         87
        255
         12
        255
         33
         61
          0
         49
          0
        206
         57
        255
         30
          0
        248
          0
          0
          0
          0
        255
         23
          0
          0
          0
        255
          0
          0
        110
          0
          0
        255
          0
          0
          0
         69
         93
        101
         58
        217
        122
          0
         21
        113
          0
          0
        255
          0
          0
          0
        255
          0
        255
         12
          0
          0
          0
        196
         88
          0
          0
          0
          1
          0
        151
         55
        228
        141
          0
         17
          0
          0
          0
          0
          0
          0
         76
         36
          0
          0
         59
         39
          0
        174
        255
          0
        159
          0
          0
          0
         30
          0
          0
        255
         53
          0
        149
         44
        207
         96
        255
          0
          0
          0
          0
          0
          3
        143
        155
         40
          0
          0
          0
          0
          0
          0
        255
         37
          0
          0
          0
          0
        120
          0
          0
          0
          0
        255
        200
          0
        255
        157
          0
         62
          0
          0
        234
        246
          0
          0
          0
         39
        252
          0
          0
         32
        215
          0
        255
         39
          0
          0
          0
        214
        158
        182
         26
          0
         95
        255
          0
          0
         34
         42
          0
         42
          0
          0
          0
          0
          0
          0
          0
         74
          0
        234
        152
          0
         12
        176
          0
          0
        105
          0
          0
          0
        136
         73
         26
          0
         92
          0
          7
          0
        143
         27
        255
        114
          0
          0
        196
        255
          0
        186
        255
          0
          0
         20
          0
         31
         95
          0
          0
        246
        133
          0
          7
         14
         98
        117
          0
          0
        187
          0
        228
          0
        149
          0
          0
          0
          0
         33
         89
          0
          0
          0
          0
          0
          0
          7
         47
        144
          0
          0
        255
          0
          0
        128
          0
          0
          0
        103
          0
          0
        129
        255
        101
          2
          0
          0
        209
        110
          0
          0
         64
          0
          0
          0
        255
          0
          0
          0
          0
          0
          0
          0
        228
          0
          0
        147
          8
          0
          0
         33
          0
          0
        180
          0
          0
          6
          0
        138
        255
        100
         66
          0
          0
          0
          0
          0
          0
         72
        186
          0
          0
        190
          0
          0
        255
          0
         89
        132
          0
          0
          0
          0
        121
          0
          0
          0
          0
          0
          0
        159
          0
          0
         40
          0
        244
          0
        122
          0
        255
        149
          0
          0
         11
          0
          0
          0
        255
          0
          0
        141
          0
          0
        182
          6
         98
        255
         37
          0
          0
          0
         56
          0
        255
         49
          0
          0
        126
        255
         18
          0
        156
         66
          0
          0
         24
          5
          0
          0
        255
          0
         73
          0
          0
        255
        213
        175
        105
          0
        169
        255
          0
         17
         48
          0
         69
         39
         63
          0
        236
        255
         34
          0
        248
        144
        176
          0
          7
          0
          0
        168
          0
         53
          0
        191
          0
          0
          0
          0
         67
          0
        124
          0
          0
         20
         71
          0
        111
         38
         38
          0
        193
        255
          0
        130
          1
        155
        218
        255
          0
          0
        209
          0
          0
          0
        195
          0
          0
          0
         14
        182
          0
          0
          0
          0
          0
         92
        242
         72
        255
         83
          0
          0
          0
          0
          0
          0
        183
          0
        255
        255
          0
          0
         34
