        177
        128
        231
        161
         46
         70
         46
        196
        134
         38
        144
        143
          2
        153
        131
        214
        171
         67
        173
         47
        118
        216
          2
        140
        217
         93
        144
        121
         22
         70
        117
         71
        241
         85
          7
        100
        246
         41
        225
         36
         85
        213
        208
         48
        255
         13
        154
         94
         44
        214
        176
         23
         12
        149
         99
        142
        160
        154
        184
        215
         88
        228
         46
        197
        255
        215
        191
         76
        125
         54
         36
         46
        188
        206
        166
        122
        147
        228
        109
        177
        231
        148
        202
         28
         79
        117
         63
         82
        173
        230
        140
          1
        235
         74
        129
        242
         11
        135
          9
        253
         48
          9
        222
         39
         86
        235
        210
         48
        137
        138
        136
        171
         40
         26
        143
        145
         44
         76
        168
        218
        232
        100
        237
        228
        145
          1
        162
        105
         36
         61
        171
         14
        122
        190
        205
         45
        251
        250
        170
         16
         97
        196
         10
        100
        114
        110
         11
         30
        230
         46
         54
        165
        162
        121
        104
         73
        155
         98
         41
          3
        165
        223
        153
        228
         91
         93
         94
        195
        217
         59
         70
        163
        197
         16
        121
        156
        251
          6
        186
        196
         45
         79
        216
        116
         27
        246
        235
         31
        242
         13
          1
         87
        233
        123
        193
         93
        180
        100
        187
          1
         53
        118
         87
        181
        209
        127
        153
        239
        144
        107
        181
         15
        189
        212
        175
        153
        252
        240
        182
         83
        149
         15
         54
        138
        142
        200
        182
        198
        201
        136
        245
         70
        132
          0
         35
        204
         26
        218
        226
         80
         34
        172
         55
         71
          9
        251
        234
        225
        226
        152
         86
        247
        124
        206
        164
        121
        106
         75
         41
        220
        138
        125
        161
        194
        222
        227
        165
        245
         35
        190
        130
        218
         60
         69
        170
        123
        212
        236
        234
        216
         38
         93
         81
        236
         74
         92
        147
         38
         81
        164
        133
        167
         59
        165
        207
        247
        235
        146
        220
        248
         38
        121
        234
        102
        196
         94
         78
         38
        198
         12
        226
        130
         57
        216
        130
         74
        217
        116
        185
        122
        240
        124
        166
        172
         99
        209
         40
        172
         46
         90
         54
        161
        254
        134
         57
        211
         43
         71
        137
         35
         22
        127
         37
         85
         76
        111
        253
         63
        129
        229
        206
         29
        249
        112
        125
         25
        184
         87
        138
         53
         36
        119
         18
        200
        181
        240
        162
         94
        252
        145
         22
         10
        152
         71
        114
        239
        200
        125
         81
         18
        179
        146
        238
         72
         13
        199
        136
         22
        150
        147
        161
         68
        115
        115
        195
        211
         50
         92
        236
         54
         23
        196
        248
        196
        242
         92
        107
        200
        151
         85
         31
         49
        100
        132
        203
        114
        249
         62
         76
         62
         73
         97
        107
         28
         90
        136
        169
        157
         48
         23
         84
        218
        181
         35
        112
        242
          2
         86
        164
        135
        138
        192
        210
         24
         71
        185
        227
        219
        218
        148
         76
        167
         94
         17
        199
        109
         51
        200
         25
         37
          8
          3
        174
        113
         60
         22
        212
        121
         79
        177
         52
        220
        151
        165
         67
        204
         88
        184
         18
         31
         82
        251
        167
         89
         55
        154
        137
         35
        141
        117
        111
         64
         97
        176
        198
        207
         61
        145
         66
        225
         87
        252
         84
        228
        192
        166
        231
        179
        146
         40
         48
         39
        185
        171
          2
        100
        133
        100
         50
        204
        216
         66
        148
         59
        190
         54
          2
        169
         65
         44
        195
         64
        230
        208
         14
        228
        241
        235
        193
        101
         20
        122
        242
         27
        202
         34
        215
        176
        218
         35
         21
        193
        117
        147
         91
         28
        247
        151
        243
         18
        131
        120
         39
        128
         24
        226
        142
        235
        150
        196
        179
         34
        118
        204
        157
        203
        163
        163
        166
        208
         46
          1
         42
        117
        106
        253
        116
         99
        133
        103
        231
        108
        253
         34
        185
         14
        245
        120
         74
         71
        232
        241
        206
        180
        152
        203
         84
        147
        220
         60
         32
        136
        253
          6
        221
        224
         64
         76
        228
        136
        249
         61
        210
        123
        141
         50
        152
         72
        236
        192
        157
         29
        187
        232
         20
        109
        135
         79
         48
         90
        198
          7
        112
         57
        113
         77
        106
        153
        109
        195
        247
         72
          0
         43
         46
        107
         28
          1
        231
         45
         21
         77
         92
         34
        110
          4
        131
         56
          6
          1
        164
        112
        160
        116
        145
         78
         79
         11
         94
        127
        174
         81
         87
          5
        101
        166
         57
        162
        204
        181
         36
        228
        180
        118
        194
        107
         79
        125
          9
          3
        136
        119
         86
        233
         72
          6
        157
        176
         19
         90
        171
         85
         94
        135
        221
        163
         57
        253
        234
        199
         83
        186
         24
         17
        237
        110
        121
        233
         20
         42
        149
        252
        231
        232
        251
        213
        235
        108
         53
        209
         75
        247
        157
        192
         79
         98
         55
         86
         31
         20
        219
         24
        195
        171
         77
        143
        255
         94
         18
         96
         76
         99
         89
        157
        124
        175
        163
        150
          8
         16
        165
        196
        135
         17
         81
        147
         41
        249
         15
         71
        135
        177
         22
         39
        213
        130
         43
        218
         57
        190
        123
        108
         51
        197
        156
        144
        208
        169
         46
        189
        124
         54
        164
         69
         52
         37
        159
        137
        210
         16
        248
        187
        110
        149
        114
        226
        165
        170
        116
        216
        185
        164
        235
         15
         83
         41
         88
        159
          1
        108
         43
          8
         94
         12
         98
        241
        254
        148
        158
        251
         95
        246
        204
        153
          5
         59
        138
         29
        178
         22
        192
        255
        231
        228
         76
         72
         11
        201
         85
          2
        134
        236
         38
        244
        148
        145
        156
        142
        205
         70
         56
        138
         34
        185
         90
          1
         27
         89
        222
         14
         53
         39
        196
        217
        252
        199
        157
        134
         15
        169
         14
         68
        160
        124
        148
        141
         91
         66
          2
        112
        102
        200
        114
        214
        168
        244
        117
        161
         71
        175
        241
        248
         76
          1
        114
         84
        194
         51
        244
        242
        229
         83
        200
        202
         11
         70
         65
        110
        241
         65
         69
          6
        195
        101
          7
         65
        244
        223
        234
         54
          8
        163
        108
        123
        164
        132
        136
         94
          5
        187
        203
        198
         58
        207
        212
         30
        195
        112
         98
        146
        110
        127
        208
        166
        131
         68
        191
        184
        207
         51
        251
         37
        130
        100
          1
        219
        237
        215
        208
         55
        247
        251
        167
        145
        247
        168
        248
         65
         93
        111
         36
        151
        192
         28
         94
        100
        183
        120
        153
        190
         97
        175
          8
        146
         38
         53
         95
        112
        255
         86
         95
         38
        251
        135
        176
        182
          6
         23
         55
        179
        237
         70
         38
         63
        243
        249
         90
         51
         43
        218
        223
         27
        207
        100
         36
        170
        217
        121
        232
        200
         94
        181
         70
         25
        173
         90
        192
         58
         77
        113
        116
         52
         80
        243
        228
         53
        244
        118
        118
        166
        107
         64
        183
        214
        120
        150
        189
        123
         59
        231
         16
         15
         54
        149
        239
         79
         49
        206
        143
        145
        209
        204
        119
        137
        156
        222
        130
         49
         27
         28
        240
         51
         30
        245
        237
        231
         60
         77
         21
        165
         83
        177
        107
         99
         28
         59
        193
        234
        227
        241
         47
        241
        168
          6
        173
        237
         53
        151
        246
        105
        182
        121
         67
        204
        215
         28
        236
        248
        149
         14
         19
         48
        245
        136
        146
          8
        226
        133
        205
        143
         98
        141
         62
         82
        207
        207
        118
        238
        205
        162
         66
        243
        132
        124
        245
        159
         20
        115
         70
        214
        218
          1
        107
        199
        159
        176
        163
         49
         17
         35
        120
         31
        202
        236
        161
        255
        247
        187
         28
        118
        218
         35
        236
          7
         39
         38
         28
        121
        235
         28
        133
         16
         84
        239
         60
         41
         25
         57
        190
         20
        209
         96
        182
         76
          5
        255
         43
        131
        195
        124
         38
         79
        232
        245
        216
        207
        102
        151
        126
        210
         55
        233
         63
        232
        235
        109
        243
        204
         98
         37
         34
        148
          5
        254
        110
        128
         81
        150
        148
        209
        101
        235
        216
        118
         65
        236
         40
        217
          0
         85
        222
        154
         49
        253
        178
        236
         32
        139
         98
         58
        243
        156
         71
         20
         83
         44
         62
         84
        133
         91
        191
        207
         46
        183
        178
        166
         60
         31
        127
         57
        238
        159
         40
         44
        174
        181
         63
        151
        193
        228
        212
        117
        113
          7
         29
        139
        154
         63
        152
         37
        120
        254
          1
        131
        236
        211
        219
        147
          1
        237
        140
        241
        242
        221
         45
         60
        249
        212
        255
        206
         83
         15
         45
         41
         32
         25
         27
        249
        111
         51
        105
         14
         82
        149
         75
         96
        142
        151
        180
         74
         19
        228
         13
        106
        249
        124
        249
        238
        153
         86
         95
         42
         52
         20
        237
        233
        242
        247
        139
          2
        125
        192
         62
        146
         23
         98
        151
        130
         48
         41
        120
        143
        232
         95
         89
         56
        105
        198
        252
        107
         89
        203
        210
         83
         21
         38
        176
        165
         93
         41
        187
        160
         31
        165
         11
        125
          7
         90
        119
        207
        102
         82
        192
         69
        140
         38
          8
        166
        121
          6
        226
         59
        242
        140
        238
        109
        184
        106
        234
         54
        205
        103
        194
         41
        133
          4
         61
        150
        236
         20
         69
        236
        151
        208
        165
        133
        132
         10
         69
        184
        218
         51
         12
         92
        117
        123
        165
         69
        167
         80
        192
        165
         40
        205
        123
        190
         80
        190
        235
          0
         80
        125
        166
        218
        134
        248
        176
        215
        241
        102
         94
         25
        173
         55
        201
        223
        243
        216
         75
        151
        142
        242
        250
         25
         23
         44
         32
        228
        199
        155
        143
         24
         96
        224
         12
        136
         98
         33
         75
        158
        172
        224
        217
        138
        179
        238
        151
        105
         36
         89
        240
        169
         68
         68
        171
        165
         18
        244
        141
        233
         17
         80
        148
        119
        245
         15
        137
        214
        200
        209
        236
        220
         19
          0
        169
         49
        116
          3
        149
        252
         16
         15
         95
        254
         41
         25
         84
         98
         10
        228
        146
        177
         94
         35
         42
        180
        163
        114
        103
        101
        139
         42
        225
         33
         80
        117
         19
        248
         12
        176
         39
        237
        210
        227
        190
        218
        248
         49
        199
        143
         12
          6
         84
        251
         13
        230
        175
          5
         65
        192
         91
        126
        182
         61
         70
        255
         90
         14
        149
         58
        170
         46
        215
         43
         27
        118
         32
         72
         81
         90
        207
        113
        124
        209
        106
         47
         35
        169
        104
         84
         23
        103
        188
         76
        253
        143
        158
        233
        125
        249
        161
        231
        137
        247
         49
        171
        243
        224
         82
        185
        179
        230
        171
        230
         36
        154
        179
         46
        122
        129
         82
         51
        121
         10
         51
        230
         51
         18
        234
         31
         82
        116
        116
         46
        128
        107
        139
        226
        255
        145
         20
        238
        198
         35
          2
         55
        242
        111
         23
        125
         57
         11
        237
        105
        174
        213
        122
        234
        150
          6
        179
         24
        214
        179
         74
         30
        189
         86
         42
        189
         56
        131
        212
         75
        162
        161
        228
        214
        161
        171
        180
        220
        216
        235
        171
        140
        118
         34
         21
         91
        101
         38
        166
        122
        140
          6
         49
        220
         51
         58
        100
         69
        119
        253
        170
        139
        219
         65
        143
        139
        237
         34
         30
        246
        157
        105
        213
          7
        177
        205
         26
         12
        129
         11
         78
         59
         93
         54
         55
        249
         20
         98
        210
          4
         11
         94
        101
         68
         92
         15
        116
         27
        109
        190
        161
        223
         96
        213
         80
        249
        196
        113
         14
        108
         54
        112
        200
        133
        150
        152
        155
         75
        253
        134
         80
        147
        186
        175
        216
        167
         62
         97
         38
         83
         72
        147
         12
        157
         98
        224
        123
        216
         22
        204
        114
        121
         34
        114
        187
         73
         59
        112
         71
        112
        115
        196
        163
         36
         10
        169
        135
        136
        128
          8
         61
         36
        145
        222
        226
         52
        111
        228
        193
        163
        111
        183
        176
        153
        121
         65
         51
         94
         40
        133
         63
        211
         48
        245
         58
        153
        116
        166
        226
         53
        134
         39
         54
        217
        238
          4
        154
        204
        168
         39
         67
        201
        172
         23
         58
        108
         43
         45
         40
        245
        151
         94
        221
        185
        203
        187
        101
        138
         23
        101
        182
         54
        222
         87
        131
        161
        184
         39
        201
        217
        114
         28
        237
         19
        176
        152
         88
        162
        235
        103
          2
         35
        134
        230
         76
        164
        154
          2
        168
         63
        135
        222
        214
        190
          4
        100
        230
        224
        127
        174
        140
        201
        222
        139
        236
          0
        153
         41
        229
        127
        238
        165
        106
        144
        130
        145
        243
         95
        109
        217
        109
        248
        195
        201
         20
        144
        133
        213
         14
        236
         23
        104
         50
        207
         18
         73
          7
        220
        107
         88
        124
         33
         18
        123
         67
         14
        228
        125
        209
        187
         36
        164
        154
         82
         31
        214
         22
         75
        183
        116
         65
        162
        251
        201
         78
         45
         30
        124
        193
         90
        116
         33
        220
        211
        237
        205
        213
         88
          4
          4
        124
        205
        190
        128
         63
         14
        136
        158
        250
        233
        210
        131
        162
        179
         58
         61
         89
         71
        167
        244
         13
         71
        140
        203
        236
        201
        148
        125
        101
         96
         62
        201
        156
        105
        135
        171
          0
        186
         12
        111
        219
         72
         55
        159
        248
         27
        174
        100
         11
        103
          5
         15
        249
        221
          8
        187
        100
        151
        220
         83
          5
        116
        144
        166
        248
         76
         39
        144
         22
         95
          0
         92
         43
         49
          4
        133
        115
         47
        180
         77
        109
        227
        242
        204
        199
        173
         94
         44
         60
        145
        170
         48
        247
         67
         60
        117
        228
        178
         92
        181
        198
        159
        165
        128
        227
         50
         86
         26
        182
         67
         57
         96
        130
        205
         65
         64
         15
          5
        110
         34
         73
        124
         32
        147
         93
        174
        194
         62
        238
         65
        187
        199
         51
        216
        108
        177
        220
        140
         52
        142
         23
         29
        168
        146
        181
        106
         19
          7
        251
        105
        201
        172
        175
        195
        157
        128
         88
        135
        236
        202
         88
        166
        148
        173
         77
        254
        181
         83
         19
         40
        143
         33
         78
         96
         42
        155
         45
         24
         29
        157
        111
          1
        123
        219
        212
         63
        102
         30
        115
        190
        199
        203
        159
         53
        232
        122
         98
        242
         29
         49
         63
         61
        154
         99
        128
        235
         47
         77
         15
        187
         39
        133
         71
        177
        207
        108
        106
        152
         88
        228
        114
        226
        247
         94
         27
         17
         35
         55
        107
        233
        219
         78
        111
        236
         67
        221
         38
        163
        163
         41
        229
        246
        204
        232
          9
        113
        232
        159
        156
         30
          8
         36
        146
         69
          6
        134
        251
        107
        219
        181
        180
         98
        125
         42
         29
         32
         94
         61
        213
         61
         51
         77
         56
         95
        209
         80
        217
         63
        124
        106
         24
        130
          0
        198
         10
        206
        232
         36
        163
        216
        236
        253
         44
        155
        161
         46
        203
        224
        161
        216
         47
         47
          0
         80
        250
         38
        237
        248
        162
        243
        200
        232
        229
          7
        207
          0
         91
          5
        254
        230
        253
        153
         79
         88
        220
        119
         27
        220
         46
        108
        172
         81
        207
        175
        203
         62
        100
        154
        204
         95
         11
        131
         48
         63
        230
         67
         84
         74
        132
         63
        152
        199
         40
          3
        115
         88
        114
        142
        241
         57
        185
        175
        124
         39
         13
        220
        101
        219
         68
        141
        160
        129
        240
         78
        229
        105
        114
        170
        104
          7
        197
        175
         55
         77
         99
        187
        206
        175
        214
        136
        242
          6
        206
         68
         22
        173
        215
         50
        236
        254
         45
        176
        226
         81
        218
        126
         44
        226
         44
          6
         60
         37
        255
        121
        117
        112
        104
        188
         66
        254
        140
        229
        176
        207
        190
         24
        142
        156
        191
         40
         33
        178
        154
        199
         28
         30
         27
         17
        221
         52
         87
         35
        136
          1
        110
        232
        173
        195
        148
        138
          2
         58
        133
        108
        197
        188
        150
        255
        138
        123
          4
        220
         38
        121
         70
         51
         95
        207
         21
         27
        141
        213
         90
         49
        249
         28
        202
         84
        244
         71
        167
        140
         67
        195
        166
        133
         89
        180
        116
        190
        106
        161
        143
        169
        106
        141
         21
        251
         19
        214
        239
        123
        126
        194
         35
        230
        233
         87
         23
        109
          2
         67
        107
         51
        208
        211
        192
        190
        134
        186
        116
         78
        203
        168
        209
         84
        193
         87
        107
        109
         11
          5
        170
        173
        194
        183
         12
         70
         26
        228
         46
         74
        223
        248
         69
        247
          0
          0
          0
          0
          7
         31
         12
          0
          0
          0
          0
          1
          0
         12
         16
          0
          9
          0
          8
          0
          0
         18
          4
          0
          0
          0
         24
          0
          0
          0
          0
         13
          0
          0
          0
         21
         14
          0
          0
          2
          0
          0
          0
         30
          0
          0
         21
          0
         25
          0
          0
         17
          2
         12
          0
          0
          4
          0
         13
          4
          0
          0
          0
          0
          0
          3
          0
         19
          0
          0
          0
         37
         21
         22
          0
          0
          0
          0
          0
         12
          0
          0
          0
          0
          1
         14
          0
          0
          0
          0
         21
         19
          0
          0
         13
          2
          0
          0
          2
          0
          0
         10
          0
          0
          0
          0
          9
         27
          0
          0
          0
         11
          0
          0
         11
          0
         17
          0
          3
          0
          0
         20
          0
          7
          3
          0
          0
          0
          0
          0
          0
         17
          0
          0
          0
         13
          0
          0
          0
          9
          7
          0
          0
          0
          0
          4
          0
          0
         19
          0
          0
          5
         11
          0
          0
          4
         27
          0
         19
         24
         15
          0
         11
          0
          0
          0
          0
         21
          7
          0
         14
          0
          0
          0
         16
          4
          0
          0
          0
          0
          0
          0
          0
          0
          0
          0
          8
          0
          0
          0
          0
          0
          0
         18
         10
         37
          9
          0
          0
          0
          0
          0
          0
          0
          0
          0
          0
          0
          0
          0
         24
          0
          0
         14
          0
          4
          0
          0
          0
          0
          0
         17
          0
          0
          0
          2
          0
         27
          0
         18
          0
          0
          0
          4
         21
          0
          0
          1
          0
          0
          0
          0
         18
          0
          0
          2
          0
          2
          0
         18
          0
          0
         16
          0
          0
          0
          0
          0
          0
          0
          7
         31
         12
          0
          0
          0
          0
          1
          0
         12
         16
          0
          9
          0
          8
          0
          0
         18
          4
          0
          0
          0
         24
          0
          0
          0
          0
         13
          0
          0
          0
         21
         14
          0
          0
          2
          0
          0
          0
         30
          0
          0
         21
          0
         25
          0
          0
         17
          2
         12
          0
          0
          4
          0
         13
          4
          0
          0
          0
          0
          0
          3
          0
         19
          0
          0
          0
         37
         21
         22
          0
          0
          0
          0
          0
         12
          0
          0
          0
          0
          1
         14
          0
          0
          0
          0
         21
         19
          0
          0
         13
          2
          0
          0
          2
          0
          0
         10
          0
          0
          0
          0
          9
         27
          0
          0
          0
         11
          0
          0
         11
          0
         17
          0
          3
          0
          0
         20
          0
          7
          3
          0
          0
          0
          0
          0
          0
         17
          0
          0
          0
         13
          0
          0
          0
          9
          7
          0
          0
          0
          0
          4
          0
          0
         19
          0
          0
          5
         11
          0
          0
          4
         27
          0
         19
         24
         15
          0
         11
          0
          0
          0
          0
         21
          7
          0
         14
          0
          0
          0
         16
          4
          0
          0
          0
          0
          0
          0
          0
          0
          0
          0
          8
          0
          0
          0
          0
          0
          0
         18
         10
         37
          9
          0
          0
          0
          0
          0
          0
          0
          0
          0
          0
          0
          0
          0
         24
          0
          0
         14
          0
          4
          0
          0
          0
          0
          0
         17
          0
          0
          0
          2
          0
         27
          0
         18
          0
          0
          0
          4
         21
          0
          0
          1
          0
          0
          0
          0
         18
          0
          0
          2
          0
          2
          0
         18
          0
          0
         16
          0
          0
          0
          0
          0
          0
          0
          7
         31
         12
          0
          0
          0
          0
          1
          0
         12
         16
          0
          9
          0
          8
          0
          0
         18
          4
          0
          0
          0
         24
          0
          0
          0
          0
         13
          0
          0
          0
         21
         14
          0
          0
          2
          0
          0
          0
         30
          0
          0
         21
          0
         25
          0
          0
         17
          2
         12
          0
          0
          4
          0
         13
          4
          0
          0
          0
          0
          0
          3
          0
         19
          0
          0
          0
         37
         21
         22
          0
          0
          0
          0
          0
         12
          0
          0
          0
          0
          1
         14
          0
          0
          0
          0
         21
         19
          0
          0
         13
          2
          0
          0
          2
          0
          0
         10
          0
          0
          0
          0
          9
         27
          0
          0
          0
         11
          0
          0
         11
          0
         17
          0
          3
          0
          0
         20
          0
          7
          3
          0
          0
          0
          0
          0
          0
         17
          0
          0
          0
         13
          0
          0
          0
          9
          7
          0
          0
          0
          0
          4
          0
          0
         19
          0
          0
          5
         11
          0
          0
          4
         27
          0
         19
         24
         15
          0
         11
          0
          0
          0
          0
         21
          7
          0
         14
          0
          0
          0
         16
          4
          0
          0
          0
          0
          0
          0
          0
          0
          0
          0
          8
          0
          0
          0
          0
          0
          0
         18
         10
         37
          9
          0
          0
          0
          0
          0
          0
          0
          0
          0
          0
          0
          0
          0
         24
          0
          0
         14
          0
          4
          0
          0
          0
          0
          0
         17
          0
          0
          0
          2
          0
         27
          0
         18
          0
          0
          0
          4
         21
          0
          0
          1
          0
          0
          0
          0
         18
          0
          0
          2
          0
          2
          0
         18
          0
          0
         16
          0
          0
          0
          0
          0
          0
          0
          7
         31
         12
          0
          0
          0
          0
          1
          0
         12
         16
          0
          9
          0
          8
          0
          0
         18
          4
          0
          0
          0
         24
          0
          0
          0
          0
         13
          0
          0
          0
         21
         14
          0
          0
          2
          0
          0
          0
         30
          0
          0
         21
          0
         25
          0
          0
         17
          2
         12
          0
          0
          4
          0
         13
          4
          0
          0
          0
          0
          0
          3
          0
         19
          0
          0
          0
         37
         21
         22
          0
          0
          0
          0
          0
         12
          0
          0
          0
          0
          1
         14
          0
          0
          0
          0
         21
         19
          0
          0
         13
          2
          0
          0
          2
          0
          0
         10
          0
          0
          0
          0
          9
         27
          0
          0
          0
         11
          0
          0
         11
          0
         17
          0
          3
          0
          0
         20
          0
          7
          3
          0
          0
          0
          0
          0
          0
         17
          0
          0
          0
         13
          0
          0
          0
          9
          7
          0
          0
          0
          0
          4
          0
          0
         19
          0
          0
          5
         11
          0
          0
          4
         27
          0
         19
         24
         15
          0
         11
          0
          0
          0
          0
         21
          7
          0
         14
          0
          0
          0
         16
          4
          0
          0
          0
          0
          0
          0
          0
          0
          0
          0
          8
          0
          0
          0
          0
          0
          0
         18
         10
         37
          9
          0
          0
          0
          0
          0
          0
          0
          0
          0
          0
          0
          0
          0
         24
          0
          0
         14
          0
          4
          0
          0
          0
          0
          0
         17
          0
          0
          0
          2
          0
         27
          0
         18
          0
          0
          0
          4
         21
          0
          0
          1
          0
          0
          0
          0
         18
          0
          0
          2
          0
          2
          0
         18
          0
          0
         16
          0
          0
          0
          0
          0
          0
          0
          7
         31
         12
          0
          0
          0
          0
          1
          0
         12
         16
          0
          9
          0
          8
          0
          0
         18
          4
          0
          0
          0
         24
          0
          0
          0
          0
         13
          0
          0
          0
         21
         14
          0
          0
          2
          0
          0
          0
         30
          0
          0
         21
          0
         25
          0
          0
         17
          2
         12
          0
          0
          4
          0
         13
          4
          0
          0
          0
          0
          0
          3
          0
         19
          0
          0
          0
         37
         21
         22
          0
          0
          0
          0
          0
         12
          0
          0
          0
          0
          1
         14
          0
          0
          0
          0
         21
         19
          0
          0
         13
          2
          0
          0
          2
          0
          0
         10
          0
          0
          0
          0
          9
         27
          0
          0
          0
         11
          0
          0
         11
          0
         17
          0
          3
          0
          0
         20
          0
          7
          3
          0
          0
          0
          0
          0
          0
         17
          0
          0
          0
         13
          0
          0
          0
          9
          7
          0
          0
          0
          0
          4
          0
          0
         19
          0
          0
          5
         11
          0
          0
          4
         27
          0
         19
         24
         15
          0
         11
          0
          0
          0
          0
         21
          7
          0
         14
          0
          0
          0
         16
          4
          0
          0
          0
          0
          0
          0
          0
          0
          0
          0
          8
          0
          0
          0
          0
          0
          0
         18
         10
         37
          9
          0
          0
          0
          0
          0
          0
          0
          0
          0
          0
          0
          0
          0
         24
          0
          0
         14
          0
          4
          0
          0
          0
          0
          0
         17
          0
          0
          0
          2
          0
         27
          0
         18
          0
          0
          0
          4
         21
          0
          0
          1
          0
          0
          0
          0
         18
          0
          0
          2
          0
          2
          0
         18
          0
          0
         16
          0
          0
          0
          0
          0
          0
          0
          7
         31
         12
          0
          0
          0
          0
          1
          0
         12
         16
          0
          9
          0
          8
          0
          0
         18
          4
          0
          0
          0
         24
          0
          0
          0
          0
         13
          0
          0
          0
         21
         14
          0
          0
          2
          0
          0
          0
         30
          0
          0
         21
          0
         25
          0
          0
         17
          2
         12
          0
          0
          4
          0
         13
          4
          0
          0
          0
          0
          0
          3
          0
         19
          0
          0
          0
         37
         21
         22
          0
          0
          0
          0
          0
         12
          0
          0
          0
          0
          1
         14
          0
          0
          0
          0
         21
         19
          0
          0
         13
          2
          0
          0
          2
          0
          0
         10
          0
          0
          0
          0
          9
         27
          0
          0
          0
         11
          0
          0
         11
          0
         17
          0
          3
          0
          0
         20
          0
          7
          3
          0
          0
          0
          0
          0
          0
         17
          0
          0
          0
         13
          0
          0
          0
          9
          7
          0
          0
          0
          0
          4
          0
          0
         19
          0
          0
          5
         11
          0
          0
          4
         27
          0
         19
         24
         15
          0
         11
          0
          0
          0
          0
         21
          7
          0
         14
          0
          0
          0
         16
          4
          0
          0
          0
          0
          0
          0
          0
          0
          0
          0
          8
          0
          0
          0
          0
          0
          0
         18
         10
         37
          9
          0
          0
          0
          0
          0
          0
          0
          0
          0
          0
          0
          0
          0
         24
          0
          0
         14
          0
          4
          0
          0
          0
          0
          0
         17
          0
          0
          0
          2
          0
         27
          0
         18
          0
          0
          0
          4
         21
          0
          0
          1
          0
          0
          0
          0
         18
          0
          0
          2
          0
          2
          0
         18
          0
          0
         16
          0
          0
          0
