          0
        200
        154
        255
        100
          0
          1
          0
         20
        255
         46
        115
        136
         67
          0
         96
          0
          0
          0
          0
         86
          0
        188
          0
         14
          0
         49
        183
         41
         68
        192
         85
          0
        255
         30
          0
         18
          0
         10
          0
         77
          0
          0
          0
         96
          0
          0
        134
          0
          0
          0
          0
          0
          0
        160
        255
          0
        255
        255
          0
          0
        105
         15
          0
          0
          0
         96
          0
          0
          0
         14
          0
          0
          0
          0
          0
          0
          0
          0
          0
        211
        204
         89
          0
        106
        181
        172
          0
          0
         43
          0
          0
          0
        212
          0
         71
          0
        105
          0
        142
          0
         34
         13
        180
          0
          0
          0
          8
          0
          0
          0
        152
          0
          0
          0
        255
          0
          0
          0
          0
          0
          0
          0
         81
          0
         83
        255
          0
        107
        110
          0
          0
        179
          0
          0
        255
         73
          0
        143
        160
          0
          0
        255
          0
          0
          0
          0
        255
        115
          3
          0
        195
         50
          0
          0
        147
          0
         96
        143
          0
         24
          0
          0
          0
         97
          0
          0
        255
          0
          0
         41
         39
        148
        255
          0
         13
          0
         81
         44
         21
        144
          0
         82
          0
          0
        122
         91
        215
        176
          0
          0
          0
          0
         69
         29
          0
         78
         73
         63
          0
         59
        255
          0
          0
          0
          0
        255
          0
          0
        145
         14
        147
          0
          0
        198
        255
          0
          0
          0
          0
         20
          8
          0
        255
          0
        204
          0
          0
         37
          0
          0
        255
          0
         34
          0
          0
          0
         14
          0
        113
        233
        168
          0
        255
          0
          0
        205
        255
          0
        255
          0
         29
        147
         75
        255
          0
        135
         43
          0
          0
        118
          6
          0
          0
         32
        255
          0
        236
        138
          0
          0
          0
          0
          0
         74
        115
         98
         52
        166
          0
          6
          0
          0
          0
         46
        120
        255
         85
         89
          0
          0
          0
          0
          0
          0
        108
         16
          0
         19
         50
         94
        163
        255
          0
          0
          0
          0
          0
         66
          0
        188
         14
          0
        255
          0
         83
         50
        255
          0
          0
          0
        205
          0
          0
          0
          0
          0
        116
          0
          0
          0
        117
         64
          0
        223
         16
          0
          0
         36
          0
         86
          0
         48
        255
          0
        255
          0
          0
        127
          0
        255
        255
          0
        227
          0
        240
        211
         11
          0
          0
          0
         76
          0
        141
          0
         95
         34
          0
        204
          0
          0
        130
        119
         17
        118
          0
          0
          0
          0
        103
          0
          0
          0
          0
          0
          0
          0
        160
         89
          0
          0
          0
          0
        255
        107
          9
        102
        201
        161
         36
          0
          0
          0
        255
          0
          0
          0
         88
         99
          0
          0
          0
          0
          0
        255
          0
          0
          0
          0
          0
        222
         43
          0
          0
         18
          0
          0
          0
          0
          0
          0
          0
         15
          0
          0
        255
        157
          6
          0
        255
          0
          0
          0
          0
        144
         35
          0
          0
          0
        118
          0
          0
         88
         76
          0
        255
          0
          0
         76
         40
        103
          0
        255
          0
          0
          0
          0
        115
         80
         22
         20
         42
          0
          0
          0
          0
          8
          0
          0
          0
         13
         89
          0
        120
          0
          1
          0
        255
          0
          0
         33
          0
          0
        136
          0
          0
         66
          0
          0
          0
          0
          0
        111
          0
          0
        193
         13
          0
          0
          0
          0
          0
