          1
        161
        120
         84
          0
        172
          0
        117
          0
        255
         24
          0
        153
         46
        195
         24
          0
          0
          0
          0
        255
        100
          0
         39
          0
        142
          0
        229
          0
         23
          6
          0
         54
         25
         32
          0
          0
        175
          0
          0
          4
          0
         60
        214
        129
         14
        255
        210
          0
          3
          0
         66
          0
         22
        162
          0
          0
          0
          0
        240
          0
          0
          0
          0
          0
          0
          0
          0
          0
        163
          0
          0
        155
          0
          0
          0
         82
          0
          0
          8
          0
          0
          0
         75
          0
          0
        117
          0
          0
          0
          0
        255
          0
          0
        170
          0
          0
          0
         14
          0
        255
          0
          0
          0
          0
        255
          0
          0
          0
          0
         70
          0
          0
          0
         36
        168
          0
        107
        255
          0
          0
          0
          0
          0
          0
          0
          0
         18
          0
          0
          0
        250
          0
        118
        117
          0
        191
          0
         13
        255
          0
        115
        146
         13
          0
          0
          0
          0
          0
          0
          0
         43
        118
          0
          0
        171
         25
        255
          0
          0
         58
          0
          0
         36
        255
        172
         70
          0
          0
          0
          0
          0
          3
          0
        117
        255
          0
         77
          0
          0
          0
          0
          0
          0
        142
         37
          0
          0
        255
        255
          0
          0
          0
          0
          0
          0
        237
        116
         25
          0
        189
        255
         21
        255
          0
          0
        213
        255
         32
         27
          8
        114
          0
          0
          0
        195
        255
        198
        246
        255
          0
          0
          0
          0
         41
        205
          0
          0
        255
        178
          0
          0
          0
          0
          0
          0
         93
          0
          0
          0
          0
          0
          0
          0
          0
         20
         88
        138
        163
          0
          0
          0
         82
        255
        127
         39
         84
          0
         95
        182
          0
        197
         24
         64
        141
          0
          0
        255
          0
         11
        221
          0
          0
          0
          0
        165
        179
          0
          0
          0
         40
          0
          0
         30
        234
        255
          0
          0
        187
          0
          0
         93
         91
        122
         49
          0
          0
        207
         62
          0
          0
          0
        246
          0
          3
          0
          0
          0
          0
          0
        255
          0
         96
          0
          0
          0
        238
        255
          0
          0
          0
          0
          0
          0
         56
          0
          0
          0
         19
          0
          0
         94
          0
          0
          0
          0
          0
        216
          0
         93
        207
          0
          0
          0
         36
        174
        196
         19
          0
          0
          0
          0
          0
        255
         52
          0
          0
        151
          0
          0
          0
          0
         10
          0
          0
          0
          0
          0
          0
          0
          0
          0
          0
          0
          0
         63
          0
         72
          0
        255
          0
         86
          0
          0
          0
        255
        236
        141
          0
         97
          0
          0
          0
        255
          0
        234
          0
          1
          0
        232
          0
         38
          0
          0
         59
          0
          0
        119
          0
         24
          0
        255
        193
        220
         11
          0
          0
          0
        212
         27
        242
         27
          0
          0
         96
          0
          0
        255
          0
          0
         30
         48
          0
        210
          0
          0
        189
          0
         32
        107
          0
          0
          0
          0
          0
        198
         51
          0
         55
        255
        140
          0
        125
          0
          0
          0
        140
          0
         36
        255
          0
          0
        255
          2
          0
          0
          0
         10
          0
        214
         98
         61
         22
          0
          0
          0
        141
        255
         81
          0
          0
          0
          0
          0
          0
          0
        127
         17
        169
        255
         12
        255
          0
          0
          0
          0
          0
         44
         14
          0
          0
          0
         77
          0
         38
          0
          0
         41
         80
        255
        123
        127
