        185
        137
          0
          0
        223
          0
          0
         21
         89
          0
          0
        255
          0
        118
          0
          0
        131
          0
          0
        119
          0
        140
         33
         82
          0
          0
          0
          0
          0
        255
          0
          0
        158
        191
          0
          0
          0
          0
        139
          0
          0
          0
        255
          0
          0
          0
         84
          0
          0
          0
         59
        161
          1
        150
          0
         11
         76
          0
          0
         90
        151
          0
          0
        255
          0
          0
          0
         63
          0
          0
          0
          0
         80
          0
          0
          0
          0
        237
        179
          0
         55
          0
          0
         67
          0
        112
          0
        130
          0
          0
        255
         49
          0
          0
        134
        255
         86
          0
         15
         30
          0
          0
         85
          0
         76
          0
          0
          0
          0
        255
        143
          0
        111
         12
         69
         19
         29
         34
         35
         20
         40
          0
          0
         94
          0
        123
         70
        255
         84
          0
         33
         63
          0
          0
          0
         28
        124
          0
        255
         26
        216
        243
          0
          0
          0
        180
          0
         78
         84
         34
         22
          0
          0
        139
        255
        156
          0
         73
        140
          0
        136
          0
          0
         71
          0
          0
        233
          0
          0
          1
        255
          0
        239
         93
         84
         40
         36
          0
         56
         81
        123
         89
          0
        120
          0
        157
          0
        112
        126
        156
        160
          0
          0
        153
          0
         59
          0
          0
        111
         82
          0
         11
          0
          0
        248
         38
          0
          0
        137
          0
          0
        102
         45
          0
         29
          0
          0
        123
          0
         85
         66
        255
        150
          0
         73
        148
          0
         22
          0
          0
          0
         92
         92
         35
        255
         81
        221
          0
         90
          0
          0
          0
         60
        101
        104
          0
         47
          3
          0
          0
          0
        123
          0
        244
         84
          0
          0
          0
          0
          0
        182
        206
          0
          0
          0
         43
        255
        196
          0
        255
        146
        131
         70
          0
         31
          0
          0
        153
          0
         25
         51
          0
          0
          0
          0
         22
          0
         51
          0
         84
          0
          0
        133
         91
         77
        134
          0
        122
        255
        140
        120
          0
          0
         79
          0
          0
          0
          0
         35
          0
         49
         73
          0
        100
          0
          0
        157
          0
          0
          0
          0
          0
        107
         87
         57
        137
          0
         17
        121
          0
        255
        178
        138
        175
          0
        217
          0
          0
         50
         85
          0
          0
          0
          0
          7
        169
          0
          0
          0
          0
        137
          0
        157
        160
         64
          0
        108
        205
        162
        135
        110
         12
          0
        133
        187
        172
          0
        244
          4
          0
          0
         87
        120
         43
          0
          0
         78
        132
        255
          0
        165
        255
        149
          0
          0
          0
          0
        114
          0
        191
        160
          0
         39
          0
          0
          0
        255
        251
        255
          0
          0
        166
          0
          0
          0
          0
          0
        158
         37
          0
        255
        136
          2
          0
        159
          0
          0
          0
          0
          0
        226
          0
        148
          0
        107
          0
        255
          0
          0
          0
        120
          6
        145
          0
          9
          0
          0
         86
          0
        110
         25
          0
        255
          0
          0
          0
         60
          0
          0
          0
         15
          0
         65
          0
          0
          0
          0
          0
          0
        255
        197
        179
          0
         76
          0
          0
          0
          0
         12
         79
          0
          0
          0
          0
        242
          0
          0
          0
          0
          0
          0
          0
          0
          0
        228
          0
        227
          0
         76
          0
          0
          0
          0
        166
        166
          0
        138
          0
          0
        144
          0
        128
          0
        118
         15
          0
        255
          0
          0
          0
         32
          0
          0
        166
        136
          0
        225
        143
        217
         97
          0
          0
          0
          0
        246
        228
        246
          0
          0
          0
         83
          0
         18
          0
         64
        112
         50
          0
          0
          0
          0
          0
        126
         20
          0
          0
         20
         93
        119
          0
          0
          0
         91
          0
          0
         82
        133
         71
        255
         46
        125
          0
         19
         16
          0
         43
          0
         74
         43
        101
        255
         61
          0
        255
        137
          0
          0
          0
          0
        125
         37
          0
          0
          0
          0
          0
        255
         95
         90
        255
          0
          0
         89
          0
         92
        112
          0
          0
          0
          0
          0
          0
          0
         15
          0
         90
          0
          0
          0
         74
          0
          0
         43
          0
          0
         37
          0
         15
          0
        255
         88
        197
          0
         92
         65
        136
          0
         28
          0
          2
          0
          0
         73
          0
          0
         84
        141
        181
          0
          0
          0
          0
        205
          0
        136
          0
         99
        132
         65
          0
        255
         73
         11
         73
          0
         25
          0
         84
          0
          0
          0
          0
          0
        105
         44
          0
          0
          0
          0
          0
         49
          0
          0
          0
         27
        105
         37
        210
        144
         97
        108
          0
        255
        236
         44
          0
        206
         23
          0
        180
          0
          0
          0
          0
          0
        132
         57
          0
          0
          0
          0
         72
         58
          0
          0
          0
        111
        128
        126
          0
        121
          0
         38
          0
         97
        234
        106
         33
          0
          0
         88
          0
          0
          0
         49
        104
          0
         64
          0
          0
          0
          0
          0
         25
          5
          0
          0
          0
          0
          0
          0
          0
          0
          0
         35
         39
          0
          0
          0
         46
          0
         86
        144
        123
         78
          0
          0
          0
          0
        133
         12
          0
          0
         10
         55
        255
         17
          0
          0
          0
         39
          0
        215
        139
          0
          0
         34
          0
          0
        220
        106
        248
          0
          0
          0
          0
         21
          0
        117
          0
          0
          0
          6
          0
        255
        126
          0
          0
          0
          0
          0
          0
          0
        105
        172
         84
          0
         23
         56
        171
        255
        255
        122
         74
         11
          5
         28
          0
          0
          0
          0
          0
          0
          0
         77
          0
          0
        140
          0
          0
        133
          0
          0
          0
         97
          0
        121
          0
        237
          0
         40
          0
        255
          0
          0
          0
          4
         36
          0
        169
         60
          0
          0
         80
          0
          0
          0
          0
          0
          0
          0
        255
         60
          0
         17
         61
         14
          0
         94
        192
          0
         67
          0
          0
        255
          0
        239
         21
          0
         96
         38
        180
          0
          0
         15
          0
          0
          0
          0
          0
        151
          0
          0
          0
         81
        255
          8
          0
        199
          0
         36
        138
          0
         80
         81
          0
          0
        107
        157
        154
          0
        122
        115
          0
         53
         60
        138
          0
          0
          0
          0
          0
          0
          0
          0
          0
         30
        255
          0
          0
        180
          0
         81
        180
         15
          0
         98
          0
          0
        115
         87
        150
        120
         35
         17
        101
          0
         94
          0
          0
          0
        148
         44
          0
          0
          0
         80
        255
         17
          0
          0
          0
          0
        108
        102
          0
          0
          0
          0
          0
          0
         66
          0
         11
          0
          0
          0
          0
          0
          0
          0
          0
          0
        180
          0
          0
          0
        135
         50
         29
          0
          0
          0
          0
          0
          0
        232
          0
        132
          0
          0
          8
        211
          0
          0
          0
         92
          0
          0
         77
          0
          0
          0
          0
          0
          0
          0
          0
        255
          0
         86
          0
         69
          0
          0
          0
          0
          0
        191
        190
        107
          0
         49
         29
          0
        186
        223
        192
        255
         14
          0
          0
         44
          0
          0
          0
         13
          0
          0
          0
          0
        138
          0
          0
         50
        129
          0
          0
          0
        117
        210
        110
          0
          0
        114
         31
          0
          0
        234
        107
          0
        194
         28
          0
          0
          0
          0
          0
          0
          0
          0
          0
          0
        167
          0
         78
         14
          0
          0
         91
        169
          0
          0
        139
          0
          0
          0
         28
        255
          0
        104
         74
         81
        106
          0
         91
         25
          0
          0
         29
          0
         56
          0
          0
          0
          0
        143
          0
         40
          0
         30
          0
          0
          0
         75
          0
        252
          0
        116
          0
          0
          0
          0
          0
         94
         26
         92
          0
         61
          0
         52
        156
          0
         45
          0
          0
        146
          0
         41
        166
         47
         92
          0
         38
          0
          0
        116
        202
        177
        131
          0
          0
          0
        219
        114
         96
          0
        136
         43
          0
          0
          0
        114
          0
          4
          0
         78
         81
          0
          0
          0
          0
         80
          0
          0
          0
          0
          0
          0
        188
          0
        140
         28
          0
          0
        187
        173
        104
        101
        169
         48
        150
          0
          0
        164
         38
          0
          0
          0
          0
          0
          0
          0
        255
        153
          0
        127
          1
         98
         70
        215
          0
          0
         49
         34
         13
          0
        255
         18
        110
          0
        112
          0
          0
          0
          0
         42
         47
          0
         85
         46
          0
        255
        105
        139
          0
         86
          0
        172
          0
         27
         67
          0
          0
        170
          0
          0
         72
          0
          0
         71
        255
         13
        104
          0
          0
          0
          0
          0
          0
          4
        105
         12
          0
        255
         59
          0
          0
         33
          0
          0
          0
          0
         15
          0
        204
        101
        139
         38
        121
          0
        255
        120
         14
        137
          0
          0
          0
         78
          0
          0
        144
          0
         89
         72
          0
          0
          0
         51
        255
         45
        142
          0
        224
         52
         42
         65
          0
          0
        114
         51
          0
          0
        190
        146
        164
        255
          0
         71
          0
          0
          0
         95
        103
          0
          0
         78
          0
          0
          0
          0
        139
         45
          0
          0
          0
        190
          0
        203
          0
        251
          0
         65
          0
          0
        127
        115
         81
        146
          6
         68
        130
          8
          0
          0
         88
          0
          0
          0
          0
          0
          0
         50
          0
         96
        255
          0
          0
          0
          0
          0
          0
        217
         88
          0
          6
        255
        250
         69
         51
          0
          0
         41
          0
          0
          0
          0
          0
         63
        197
         22
          0
          0
          0
          0
          0
         85
        255
          0
        100
          0
         98
          0
        136
         85
         46
          0
          0
          0
        193
        190
        178
          0
          0
         85
          0
          0
        158
          0
          0
          0
          9
          0
          0
          0
          0
          0
          0
         52
        255
          0
          0
         41
         88
          0
        116
        217
        123
          0
          0
          0
         16
        247
        226
          0
          0
         54
        202
          0
          0
        130
          0
          0
          0
          0
        151
        255
          0
          0
          0
        104
        255
          0
        102
        187
          0
        120
          0
        202
        136
          2
          0
        255
          0
        127
        176
        159
        108
          0
        151
          0
          0
          0
         10
          0
          0
         39
        181
        255
          0
         87
          0
         75
          0
          0
        213
          0
          0
          0
          0
          0
          0
          0
          0
          0
          0
         13
        117
          0
          0
          0
          0
         59
          0
        155
          0
          0
        196
          0
          0
         83
        114
          0
         94
          0
          0
          0
          0
        183
        108
          0
          0
        181
         89
         71
          0
          0
        209
        202
          0
        255
          0
        110
          0
         88
          0
          0
         69
          0
        122
          0
          0
          0
          0
         43
        221
          0
          0
          0
          0
          0
          0
        210
        220
          0
          0
          0
          0
          0
         86
          0
        183
          0
          9
        141
          0
          5
          0
          5
          0
         93
          0
          0
        100
          0
         82
          0
          0
          0
          0
          0
          8
          0
          0
         81
        205
          0
        134
        105
          0
        182
        226
         50
         79
          0
        192
          0
        175
          0
          0
          0
          0
          0
         62
         73
        129
          0
          0
          9
          0
          0
        255
          0
         52
          0
          0
         92
          0
          0
          0
         59
          0
        153
          0
          0
        125
          0
        171
          0
        177
          0
          0
          0
          9
          0
          0
         32
        142
        166
        115
          0
          0
         24
          0
          6
        125
        143
          0
          0
        153
          0
          0
          0
          0
        255
        239
          3
        249
          0
        249
         53
          0
          0
         27
         10
          0
          0
         56
         69
          0
          0
         81
          0
        255
          0
        255
         16
        171
          0
        125
          0
        169
         31
        112
          0
          0
          0
        137
        113
        247
          0
        116
        106
          0
          0
          0
          0
          0
          0
        161
          0
          0
          0
        149
          0
          0
          0
          0
          0
          0
         20
         73
          0
        207
          0
          0
          0
          9
          0
        132
        172
        192
          0
          0
          0
        118
          0
          0
         54
         62
          0
          0
          0
          0
          0
         62
          0
          0
        100
          0
          0
          0
          0
        108
          0
          0
          0
          0
          0
         54
          0
         73
          0
        113
        255
         67
          0
          0
         52
         31
        147
          0
          0
          0
          0
          0
        246
          0
         68
        226
        129
        255
        141
          0
          0
         96
          0
          0
        208
        118
          0
          0
          0
          0
          6
          0
        255
         77
          0
          0
         80
        255
          0
         31
         67
          0
          0
         33
          0
        101
         19
        213
          0
          0
        192
          0
          0
         61
          0
          0
        144
         12
          3
         35
          0
        204
          0
          0
          0
         85
          0
          0
         43
          0
          0
          0
        102
         43
         79
         14
          0
          0
         55
        180
          0
          0
          0
          0
          0
          6
          0
          0
        197
          5
          4
         74
          0
          0
        131
          0
          0
          0
         34
          0
          0
          0
          0
          9
        104
          0
          0
          0
          0
          0
         80
          0
          0
         90
        157
          0
          0
        120
          0
          0
          0
         23
         11
          0
          0
          0
          0
          0
          0
          0
          0
          0
          0
        240
          0
         89
          0
          0
         45
          0
          0
          0
         92
          0
          0
          0
        134
          0
          0
        117
          0
          0
          0
         58
          0
          0
         69
         30
          0
          0
          0
          0
        110
         86
          0
          0
          0
         20
         57
          0
          0
         19
          0
         93
         42
        228
          0
          0
        141
          0
          0
          0
          0
        223
        243
         16
          0
          0
          0
        255
          0
          0
          0
         78
          0
          0
         52
          0
          0
          0
          0
          0
          0
         35
        255
        149
         91
          0
          0
          0
          5
          0
         43
          0
          0
        193
          0
          0
          0
          0
          0
          0
          0
          0
          0
          0
        121
          0
         42
          0
         33
          0
          0
          0
         23
         63
          0
         87
        157
        196
          0
          0
          0
         72
          0
          0
        226
          0
          0
         60
          0
         62
          0
          0
          0
          0
         30
          0
          0
        172
          0
         65
          0
          5
          0
          0
         53
         12
        255
        135
        124
          0
          0
          0
