        162
        147
        167
        137
        137
        138
        166
        135
        167
        161
        137
        165
        132
        145
        164
        163
        135
        137
        136
        139
        134
        139
        166
        135
        168
        169
        151
        133
        164
        168
        139
        153
        137
        148
        148
        131
        136
        138
        138
        136
        137
        160
        133
        152
        155
        139
        134
        138
        139
        134
        131
        174
        136
        159
        138
        162
        147
        145
        133
        157
        163
        159
        149
        135
        162
        147
        167
        137
        137
        138
        166
        135
        167
        161
        137
        165
        132
        145
        164
        163
        135
        137
        136
        139
        134
        139
        166
        135
        168
        169
        151
        133
        164
        168
        139
        153
        137
        148
        148
        131
        136
        138
        138
        136
        137
        160
        133
        152
        155
        139
        134
        138
        139
        134
        131
        174
        136
        159
        138
        162
        147
        145
        133
        157
        163
        159
        149
        135
        162
        147
        167
        137
        137
        138
        166
        135
        167
        161
        137
        165
        132
        145
        164
        163
        135
        137
        136
        139
        134
        139
        166
        135
        168
        169
        151
        133
        164
        168
        139
        153
        137
        148
        148
        131
        136
        138
        138
        136
        137
        160
        133
        152
        155
        139
        134
        138
        139
        134
        131
        174
        136
        159
        138
        162
        147
        145
        133
        157
        163
        159
        149
        135
        162
        147
        167
        137
        137
        138
        166
        135
        167
        161
        137
        165
        132
        145
        164
        163
        135
        137
        136
        139
        134
        139
        166
        135
        168
        169
        151
        133
        164
        168
        139
        153
        137
        148
        148
        131
        136
        138
        138
        136
        137
        160
        133
        152
        155
        139
        134
        138
        139
        134
        131
        174
        136
        159
        138
        162
        147
        145
        133
        157
        163
        159
        149
        135
        162
        147
        167
        137
        137
        138
        166
        135
        167
        161
        137
        165
        132
        145
        164
        163
        135
        137
        136
        139
        134
        139
        166
        135
        168
        169
        151
        133
        164
        168
        139
        153
        137
        148
        148
        131
        136
        138
        138
        136
        137
        160
        133
        152
        155
        139
        134
        138
        139
        134
        131
        174
        136
        159
        138
        162
        147
        145
        133
        157
        163
        159
        149
        135
        162
        147
        167
        137
        137
        138
        166
        135
        167
        161
        137
        165
        132
        145
        164
        163
        135
        137
        136
        139
        134
        139
        166
        135
        168
        169
        151
        133
        164
        168
        139
        153
        137
        148
        148
        131
        136
        138
        138
        136
        137
        160
        133
        152
        155
        139
        134
        138
        139
        134
        131
        174
        136
        159
        138
        162
        147
        145
        133
        157
        163
        159
        149
        135
        162
        147
        167
        137
        137
        138
        166
        135
        167
        161
        137
        165
        132
        145
        164
        163
        135
        137
        136
        139
        134
        139
        166
        135
        168
        169
        151
        133
        164
        168
        139
        153
        137
        148
        148
        131
        136
        138
        138
        136
        137
        160
        133
        152
        155
        139
        134
        138
        139
        134
        131
        174
        136
        159
        138
        162
        147
        145
        133
        157
        163
        159
        149
        135
        162
        147
        167
        137
        137
        138
        166
        135
        167
        161
        137
        165
        132
        145
        164
        163
        135
        137
        136
        139
        134
        139
        166
        135
        168
        169
        151
        133
        164
        168
        139
        153
        137
        148
        148
        131
        136
        138
        138
        136
        137
        160
        133
        152
        155
        139
        134
        138
        139
        134
        131
        174
        136
        159
        138
        162
        147
        145
        133
        157
        163
        159
        149
        135
        162
        147
        167
        137
        137
        138
        166
        135
        167
        161
        137
        165
        132
        145
        164
        163
        135
        137
        136
        139
        134
        139
        166
        135
        168
        169
        151
        133
        164
        168
        139
        153
        137
        148
        148
        131
        136
        138
        138
        136
        137
        160
        133
        152
        155
        139
        134
        138
        139
        134
        131
        174
        136
        159
        138
        162
        147
        145
        133
        157
        163
        159
        149
        135
        162
        147
        167
        137
        137
        138
        166
        135
        167
        161
        137
        165
        132
        145
        164
        163
        135
        137
        136
        139
        134
        139
        166
        135
        168
        169
        151
        133
        164
        168
        139
        153
        137
        148
        148
        131
        136
        138
        138
        136
        137
        160
        133
        152
        155
        139
        134
        138
        139
        134
        131
        174
        136
        159
        138
        162
        147
        145
        133
        157
        163
        159
        149
        135
        162
        147
        167
        137
        137
        138
        166
        135
        167
        161
        137
        165
        132
        145
        164
        163
        135
        137
        136
        139
        134
        139
        166
        135
        168
        169
        151
        133
        164
        168
        139
        153
        137
        148
        148
        131
        136
        138
        138
        136
        137
        160
        133
        152
        155
        139
        134
        138
        139
        134
        131
        174
        136
        159
        138
        162
        147
        145
        133
        157
        163
        159
        149
        135
        162
        147
        167
        137
        137
        138
        166
        135
        167
        161
        137
        165
        132
        145
        164
        163
        135
        137
        136
        139
        134
        139
        166
        135
        168
        169
        151
        133
        164
        168
        139
        153
        137
        148
        148
        131
        136
        138
        138
        136
        137
        160
        133
        152
        155
        139
        134
        138
        139
        134
        131
        174
        136
        159
        138
        162
        147
        145
        133
        157
        163
        159
        149
        135
        162
        147
        167
        137
        137
        138
        166
        135
        167
        161
        137
        165
        132
        145
        164
        163
        135
        137
        136
        139
        134
        139
        166
        135
        168
        169
        151
        133
        164
        168
        139
        153
        137
        148
        148
        131
        136
        138
        138
        136
        137
        160
        133
        152
        155
        139
        134
        138
        139
        134
        131
        174
        136
        159
        138
        162
        147
        145
        133
        157
        163
        159
        149
        135
        162
        147
        167
        137
        137
        138
        166
        135
        167
        161
        137
        165
        132
        145
        164
        163
        135
        137
        136
        139
        134
        139
        166
        135
        168
        169
        151
        133
        164
        168
        139
        153
        137
        148
        148
        131
        136
        138
        138
        136
        137
        160
        133
        152
        155
        139
        134
        138
        139
        134
        131
        174
        136
        159
        138
        162
        147
        145
        133
        157
        163
        159
        149
        135
        162
        147
        167
        137
        137
        138
        166
        135
        167
        161
        137
        165
        132
        145
        164
        163
        135
        137
        136
        139
        134
        139
        166
        135
        168
        169
        151
        133
        164
        168
        139
        153
        137
        148
        148
        131
        136
        138
        138
        136
        137
        160
        133
        152
        155
        139
        134
        138
        139
        134
        131
        174
        136
        159
        138
        162
        147
        145
        133
        157
        163
        159
        149
        135
        162
        147
        167
        137
        137
        138
        166
        135
        167
        161
        137
        165
        132
        145
        164
        163
        135
        137
        136
        139
        134
        139
        166
        135
        168
        169
        151
        133
        164
        168
        139
        153
        137
        148
        148
        131
        136
        138
        138
        136
        137
        160
        133
        152
        155
        139
        134
        138
        139
        134
        131
        174
        136
        159
        138
        162
        147
        145
        133
        157
        163
        159
        149
        135
