          0
          0
          0
          0
          0
          0
          0
          0
          0
          0
         69
          0
          0
          0
          4
          0
          0
        120
          0
        100
         89
          0
          0
          0
          0
        216
          0
          0
          0
          0
        188
          0
          0
          0
        122
          0
        219
          0
         50
        184
          0
         61
          0
          3
        191
        214
         11
          0
          0
          0
          0
          6
        141
          0
          8
         16
          0
         36
        175
          0
          0
        183
          0
         20
          0
          0
         36
        155
          0
          0
          0
          0
          0
         14
        137
          0
         78
          0
          0
          0
          0
          0
          0
          0
         83
          0
          0
        159
          0
          0
          0
         51
         94
        134
          0
        133
         94
         12
         61
          0
          0
          0
         73
          0
          0
        255
          0
         79
          0
          0
          0
          0
         67
          4
          0
          0
         61
          0
          0
         64
          0
         59
          0
          0
         18
         67
          0
        244
         17
          8
        142
          0
          0
          0
          0
          0
          0
          0
        119
          0
          0
        100
          0
         75
          0
          6
         64
        130
          0
          0
        137
         49
         14
          0
          0
          7
          0
          0
         27
        178
          0
          0
        148
          0
         20
         82
          0
          0
          0
          0
          0
        136
          0
        199
        117
          0
          0
          0
         14
         18
          0
        145
          0
        143
          0
          0
          0
         81
        255
          0
          0
        219
          0
        171
        130
          0
        221
        153
         52
          0
         25
          0
         38
          0
          0
          0
         16
         18
         98
          0
        144
         62
          0
          0
        188
         61
         63
          0
        252
         69
        229
          0
          0
         57
        119
          0
          0
         45
        116
        110
         19
          0
          0
          0
          0
          0
          0
          0
          0
        255
          0
          0
          0
          0
        128
         44
        147
         85
          0
          0
          0
        200
         80
        130
          0
          0
        187
          0
          0
          0
          0
          0
          0
         25
          0
         23
          3
          0
          0
        108
         33
         23
          0
         36
        207
         82
         50
          0
          0
        255
         10
          0
         43
          0
        198
          5
          0
        240
          0
          0
         28
          9
        144
          8
          3
          6
         28
          0
         97
          0
        254
          0
         25
        255
          0
         24
         21
         18
         35
          0
          0
        255
        159
        203
          0
        210
        175
          0
          0
        233
          0
          0
          0
          0
        195
          0
         53
        179
          0
        255
         45
          0
        255
          0
          0
          0
          0
        125
        175
        122
          0
        216
         15
          0
          0
        171
          0
          0
          0
          0
          0
          0
          0
          0
          0
          0
        204
          0
         20
          0
          0
          0
        127
          0
          0
         62
          0
        255
          0
          1
          0
          0
          0
          0
        157
        255
          0
          0
          0
          0
          0
        174
         12
          5
        141
         59
         19
          0
          0
        138
         32
        108
          0
          0
         19
         50
          0
          0
          0
        255
        136
        116
          0
          0
          0
          0
        162
        255
          0
          0
        194
          0
          0
         54
          0
         79
        233
          0
          0
          0
          0
        107
         24
          0
          0
          0
         88
          0
        255
          0
        116
          0
          0
         67
          0
          0
          0
          0
        140
          0
         94
          0
        177
        182
          0
          0
         72
         23
        154
          0
          0
         22
          0
        185
          0
          0
          0
         51
         67
          0
        255
          0
          0
          0
          0
          0
        204
          0
          0
          0
         97
          0
          0
         24
        110
        138
        129
          0
         74
          0
          0
         87
          0
        179
          0
          0
         86
         34
        159
          0
          0
          0
          0
         90
          0
         70
         19
          0
         71
        126
          0
         52
          0
        201
        119
         53
         10
        163
          0
          0
        102
        186
