        255
        255
          0
          0
         10
        255
          0
          0
          0
          0
        123
         92
         76
         84
          0
        144
          0
         81
         76
         96
          0
          0
         11
          0
         83
         46
          0
        117
        255
        145
         36
        213
        163
          0
        223
          0
         90
          0
          0
        181
          0
          0
         84
          0
          0
          0
          0
        188
        156
          0
          0
        172
          0
        135
          0
        216
          0
         52
          0
          0
        255
          0
          0
        199
          0
        164
          0
        129
         69
        199
        227
        189
        255
        167
        103
        145
          0
        255
        255
        210
          0
         36
        255
        135
          0
          0
          0
        255
          0
          0
          0
          0
          0
          0
          0
          0
          0
        255
          0
         32
          0
          0
          0
        166
          0
        169
         79
        109
         55
        171
          0
        247
         22
         70
        131
          0
        166
        200
         59
          0
          0
          0
          0
          0
          0
         23
        212
          0
          0
        255
          0
          0
         76
         94
          0
        130
          0
          0
         80
          0
          0
         10
        145
         83
         85
         78
          0
         53
          0
        137
          0
        121
        123
         37
          0
          0
        255
          0
          0
          0
          0
         32
          0
          0
        131
         76
          0
        155
          0
          0
         92
          0
          0
         40
          0
          0
         24
         39
        255
          0
          0
        236
          0
        230
          0
          0
        255
        255
        210
         50
          0
          0
        235
         94
          0
          0
        102
         57
          0
          0
          0
         22
        157
         48
         20
        228
        255
          0
         24
         88
        194
        100
          0
        188
         36
        255
          0
          0
        255
        239
        255
        143
          0
        255
        255
          0
          0
          0
          0
         14
        148
          0
        100
          0
          0
         45
         30
        255
        255
          0
         39
        188
          0
          0
          0
          0
         91
        255
          0
          0
          0
          0
         88
          0
          0
          0
        163
        255
        255
          0
          0
          0
          0
         32
          0
        255
        186
         35
          0
          0
        255
        123
         66
         99
        255
         74
          0
          0
          0
          0
        111
        144
        234
          0
         15
         72
         31
        125
          0
        255
        255
          0
         51
          0
          0
          3
         21
          0
         85
          0
          0
         38
        255
          0
         98
        201
          0
        118
          0
        100
         18
        255
         44
         51
        255
        255
          0
        116
         97
          0
          0
        111
          0
          0
          0
         17
        135
          2
        203
          0
          4
          0
          0
          0
          0
        103
          0
        149
          0
          0
          0
        167
         42
        133
          0
         20
        194
        255
          0
         31
          0
          0
         70
        193
          0
          0
         74
        102
          0
          0
          0
        193
         25
          0
          0
        255
          0
          0
          0
         80
         83
          0
        138
        179
          0
          0
          0
          0
        142
         35
          0
        138
         27
        255
          0
        255
        255
        244
         14
        243
          0
          0
          0
        255
        194
          0
          7
          0
          0
        106
          2
        143
          0
          0
         57
        197
          0
        115
         76
        101
        255
          0
          0
         93
          0
          0
          0
          0
        236
          0
         81
         68
          0
         20
        188
          0
          0
        131
          0
          0
          0
         86
          0
        180
        220
         55
          0
          0
          0
        206
          0
         82
          0
         73
          0
          0
          0
          0
          0
        255
          0
         68
          8
          0
         83
         38
        120
         25
          0
          3
         76
          0
          0
         79
          0
          0
        255
        199
          0
        226
        129
        255
          0
        157
        103
        255
        255
          0
          0
        248
         36
          0
        255
        203
         13
          0
        213
         84
          0
          0
          0
        151
        113
          0
        255
          0
          0
          0
        255
          0
         86
          0
         45
         59
          0
          0
          0
          0
        153
         83
         96
          0
        165
        255
         35
         89
         87
          0
          0
        104
         89
          0
        196
        105
          0
          0
        255
        218
          0
         94
          0
         95
        161
          0
         84
          0
          0
        101
        126
          0
        206
         32
          0
        197
          0
        219
        255
         46
        104
         32
          0
         25
         40
          0
         99
          0
          0
        195
          0
        245
          0
        127
        125
          0
          0
          2
          0
        255
        106
          0
         58
          0
        141
        136
          0
        116
          0
          0
          0
         88
          2
          0
          0
          0
          0
         22
         62
          3
         62
          0
        255
          0
         97
        162
          0
          0
          0
         16
        121
        255
         92
          0
         17
          0
          0
        133
          0
        130
          0
         82
          0
          0
          0
        255
          0
          0
          0
        255
         39
        178
         74
          0
        255
        169
          0
          0
          0
          0
          0
         33
        126
        117
         71
          0
        125
          0
          0
          7
          0
          0
          0
          0
        255
          0
         52
          0
          0
          7
          7
        123
        134
        179
        104
        111
        255
          6
          0
         79
         57
        183
         62
         63
         58
          0
          0
        134
        152
          0
          0
          0
          0
          0
          0
          0
        178
          0
         18
        192
          0
         57
          0
        252
        163
          0
          0
          0
        255
        200
        155
          0
          0
         76
          0
        147
          0
          0
          0
          0
        255
          0
          0
          0
          0
          0
        133
         46
          0
         77
         17
         57
          0
        180
        255
          0
        177
          0
          0
          0
          0
         34
          0
          0
        156
          0
        139
        184
          0
          0
          0
         13
        129
          0
        255
          0
          0
        255
        176
          0
          0
          0
          0
          0
         29
          0
         56
          0
        193
        105
         96
        139
        255
         27
          0
         22
          0
        169
         58
          0
         38
        236
        126
          9
         79
          0
        255
         55
         27
          0
        211
        255
          0
         27
         29
          0
         80
        116
          0
          0
         55
        151
          0
         58
        255
          0
          0
        120
          0
        119
          0
          0
         41
          0
         72
          0
          0
         72
        255
          0
          0
          0
          0
         93
          0
          0
          0
          0
         44
         60
        255
          0
        117
         93
          0
          0
          0
          0
         61
        139
          0
         87
        144
        164
          0
          0
          0
        154
          0
        255
        255
         64
          8
        255
          0
          0
         88
          0
         44
          0
          0
         69
          0
          0
        170
          0
         48
          0
        255
        223
          0
         86
          0
         47
          0
         65
          0
          0
          0
        166
          0
          0
          0
          0
          0
        133
          3
          0
          0
          0
         19
          0
        127
         36
          0
         90
          0
          0
         31
        255
          0
        235
        110
         85
          0
          5
         57
         28
        110
        255
          0
          0
        112
          0
          0
        115
          9
        255
          0
        255
        111
          0
          0
          0
          0
        113
          0
        255
         48
         23
          0
          0
        185
        112
        147
          0
          0
         22
          0
         30
         91
         43
         69
        110
        162
          0
          0
        104
         50
          0
        184
        137
          0
          0
         29
          0
        227
        192
        104
        156
          0
          0
         89
          0
        255
          0
          0
          0
          0
        189
        112
        239
          0
        182
        119
         90
          0
          0
          0
          0
         16
          0
         25
          0
         91
         89
         77
          0
          0
        102
          0
        255
          0
         62
          0
         67
          0
          0
          0
          0
          0
          0
          0
         69
        119
          0
          0
          0
          0
          0
          0
         64
         63
          0
        135
          0
          0
          0
          0
          0
         78
        112
          0
         20
        200
        182
         99
        119
        186
          0
        171
          7
          0
          0
          0
          0
          0
         74
         36
        119
          0
          0
          0
         70
         28
          0
          0
        235
          0
         94
         62
         24
          0
         16
          0
          0
         69
         88
          0
          0
          0
         94
         29
        111
        215
         43
          0
          0
          0
          0
        110
          0
          0
          0
        242
         79
          0
        255
          0
        255
         75
          0
          5
          0
         75
          0
          4
          0
          0
          0
         64
          0
        255
         70
         56
          0
        252
        126
         14
        119
         40
         28
          0
         90
          0
          0
          0
         43
          0
          0
         68
        255
        214
        116
        116
         45
          0
         32
         24
        132
        193
          0
          0
          0
          0
         30
          0
          0
        255
         83
         25
         99
        117
         98
          0
          0
          0
          0
        255
         96
          0
        255
          0
         79
        238
        210
         48
        213
         68
          3
         34
        164
        163
         53
          0
        129
        255
          0
          0
        207
        255
         31
          0
        152
        108
          0
         24
        127
          0
          0
          0
        144
          9
        255
         29
        255
        255
        217
          0
          0
          0
          6
          0
          0
          0
         56
         62
        246
          0
         14
        108
          0
          0
          0
          0
        203
        103
         46
         23
        146
         54
          0
          0
         77
          0
          3
        184
          0
        247
          0
         12
         93
        122
        111
        255
          0
         93
         27
         28
          0
        255
          0
         13
        210
          0
          0
         35
          0
          0
          0
          0
          0
          0
          0
          0
          0
          0
          0
         69
        211
          0
         17
         67
          0
          0
        100
          0
          0
        118
         90
         59
          0
          0
          0
          0
          0
        255
          0
          0
        218
        122
          0
         96
          0
          0
          0
          0
        100
          0
          0
        113
          0
        238
          0
          0
          0
        198
          0
        255
          0
        137
         12
        122
        122
        255
        156
          0
         84
         43
          0
          0
          0
          0
        103
          0
         12
          0
          0
        216
          0
          0
          0
        255
          0
          0
          0
        116
        169
          0
        134
         33
          0
          0
          6
          0
          0
        255
          0
        182
        121
          2
         69
          0
          0
          0
          0
          0
        170
        255
          0
         72
         62
          0
          0
          0
        255
          0
        157
          0
          0
          0
         24
          0
          0
          0
        125
         45
         20
          0
          0
         47
        200
          0
          0
          0
        161
          0
        255
          0
        164
        173
        255
          0
        127
         92
          0
        255
        255
        251
          0
        122
         97
          0
         14
          0
          0
        146
          0
          0
         54
          0
          0
          0
         47
          0
          0
          0
        140
         38
        255
        114
         62
          0
        255
          0
        153
          0
        255
        134
          0
          0
        160
         68
          0
          0
         87
          0
          0
        195
        183
         78
          0
        255
         41
          0
         58
          0
          0
         81
        197
          0
         51
          0
          0
          0
         60
          0
         86
          0
        255
        181
          0
         70
          0
         55
          0
          0
         85
          0
          0
        148
        153
         49
          0
          0
          0
          0
        126
        255
          7
          0
        190
         30
          0
        101
          0
        153
          0
        159
         79
          0
        170
          0
        255
         86
        155
         25
         82
         77
         13
          0
         51
        172
         75
         59
          0
        255
        165
          0
          0
         56
          0
          0
          0
         63
        104
          0
          0
        244
          0
          0
          0
          0
          0
          0
          0
        255
         70
         19
          0
         13
          0
          0
        248
        185
          0
         50
         31
          0
          0
         55
          0
          0
          0
        130
        196
          0
        160
         62
         28
         31
          0
          0
         99
          0
        192
          0
          0
          0
        152
          0
          0
        216
         58
          0
          0
        135
         58
          0
         79
        255
          0
          0
        101
          0
          0
          0
          0
         21
         85
         51
        135
        250
        175
        228
          0
         24
          0
          0
        255
        100
          0
          0
        255
          0
        172
          0
         31
          7
          0
        123
          0
        255
          3
         16
        109
          0
         55
          0
          0
         84
          0
         19
        100
          0
         83
        225
         23
         48
        197
         46
         36
          0
         73
         34
          0
          0
         64
          0
          0
        189
          0
         41
          0
          0
          0
          0
        180
        255
         16
          0
          0
          0
        239
         95
          0
          0
          0
          5
         90
        135
          0
         27
        124
          0
        124
        112
        157
         15
         84
          0
          0
          0
         16
         59
          0
        249
          0
        186
        175
          0
          0
         86
        156
          0
        178
          0
          0
        255
          0
          0
         68
          0
          0
        255
          0
          0
          0
         65
          0
        255
         52
          0
          0
         85
         66
          0
          0
          0
          0
        199
          0
          0
          0
          0
          0
          0
        255
          0
          0
        166
        221
          0
        128
          0
        255
        255
          0
          0
        185
         56
        255
          0
          0
        255
          0
        131
          0
        117
        215
          0
         99
          0
        212
        153
          0
          0
          0
          0
        170
         66
         25
        183
          0
        186
          0
          0
          0
        212
        135
        219
          0
         86
        233
          7
         26
          0
          0
         68
        120
         60
        162
        255
        151
          0
        139
          0
          0
          0
          0
         51
          2
          0
         14
        255
          0
          0
          0
          0
          0
          0
          0
        255
          0
        104
          0
          0
          0
          0
          0
        169
          0
          0
          0
        255
          0
        188
        149
        255
          0
         61
          0
          0
          0
        128
         92
        255
          0
        255
          0
          0
          0
         35
          0
         43
          0
          0
          0
        149
        139
          0
          6
          0
          0
         79
         75
        255
          0
        119
         81
          0
        171
          0
        191
          0
        255
          0
          0
        255
          0
          0
          0
         36
          0
         95
         81
         73
        127
         26
        209
          0
        169
        179
          0
          7
        172
          0
          0
          0
          0
          0
        210
          0
          0
         69
         18
          0
          0
        120
        120
          0
        255
        243
         60
         68
          0
        188
          0
          0
          0
         98
        216
        233
        150
        255
          0
        199
          0
          0
        255
          0
        255
        153
         78
          0
          0
        107
         54
          0
         92
          0
         77
          0
        114
          0
          0
        181
          0
        240
          0
         16
          0
          0
          0
        223
        118
          0
          0
          0
         68
          0
        255
          0
          0
          0
         28
        117
          0
         74
          6
          0
          0
          0
         54
          0
        200
          0
          0
        186
          0
        208
          0
        137
          0
          0
         81
        119
          0
        179
          0
        200
          0
          0
          0
          0
        241
          0
         61
          0
          0
        112
          0
          0
          0
          0
          0
          0
          0
        255
          0
        184
        255
          0
          0
          0
          0
          0
          0
          0
        195
        255
          0
          0
          0
          0
        255
          0
          0
        158
         69
        255
          0
         19
         19
          0
          0
          0
         69
          0
          0
          0
          0
          0
          0
          0
          0
         35
          0
          0
        210
        122
        103
        112
          0
          0
        126
          0
        255
          0
          0
          0
        104
          0
          0
        121
          8
          0
          0
          0
         59
          0
         38
          0
          0
        203
          0
          0
        115
          0
         96
          0
         17
          0
         39
        199
          0
         21
          0
          9
          0
          0
          0
        142
         70
          0
        180
          0
          0
         29
         48
          0
        140
          0
          0
          0
          0
        187
          0
        255
          0
        235
          0
         14
          0
          0
        153
        255
          0
          0
         66
        138
          0
        255
        128
         45
        197
        255
          0
         30
          0
         57
          0
          0
        171
          0
         52
          0
        125
        137
          0
