          0
         68
          8
         48
         38
        231
          0
         80
        128
        162
        121
         85
          0
         92
        255
        244
        109
          0
          0
          0
          0
          0
         21
        173
         79
        218
          0
         26
          0
        139
          0
         51
          0
          0
          0
          0
         57
          0
        100
         62
         35
          0
        109
        151
          0
          0
        113
          0
          0
         88
          0
        168
          0
          0
        107
          0
          0
          0
         50
        156
          0
         93
        124
         96
          0
          6
          5
         39
          0
          4
        114
          0
          0
          0
         83
        116
          0
         78
          0
        124
         54
          0
          0
          0
          0
          0
          0
         28
          0
          0
          0
        135
         20
         33
        120
          6
        169
          0
          0
         59
         72
          0
         71
         82
        124
        255
          0
        149
          0
         72
          0
         59
          0
          0
          0
         17
          0
          0
          0
          0
          0
         89
          0
        157
          0
        138
        185
          0
          0
          0
          0
         65
         88
          0
         91
          0
          0
        213
        116
        109
          0
         12
          0
        100
        179
         94
         14
          0
          0
          0
          0
          0
          0
          9
         21
        120
          0
         33
          0
          0
          0
          0
          0
          0
          3
         51
        129
         28
        208
        107
         76
         55
          0
          0
          0
        144
        158
         45
          0
          0
          0
        175
          0
          0
          0
         37
         97
        132
         86
          0
        124
          0
         41
          0
         53
         27
         76
          0
          0
         32
          0
        130
         41
        106
          0
         61
        255
         14
        192
         55
          0
        197
          0
          0
          0
          0
         22
         16
         13
         28
        255
         69
          0
          0
         19
          0
          0
         87
         77
          0
          0
         42
        159
        192
         60
         48
          0
         39
        255
        127
          0
        104
          0
          0
          0
          0
          0
          0
          0
         80
          0
         49
        165
        119
        143
          0
          0
          0
         51
          0
         36
          0
        137
          0
        129
        113
         58
         33
          0
          0
          0
          0
        135
         88
          5
        115
          0
          0
          0
          0
          0
          0
        103
          0
          0
         41
         66
          0
        182
          0
         45
         36
          0
          0
        124
          0
         75
         42
         22
          0
        156
          0
        144
         43
          0
          0
          0
          0
          0
         26
          0
          0
          0
        112
          0
         45
        181
        139
          0
          0
          0
         39
          0
         33
          0
         24
        135
          0
        133
        130
         45
        191
          0
          0
          0
        186
        188
          0
          0
        202
         37
          4
         44
        144
         33
          0
          0
          0
          0
         23
         19
          0
         80
         69
          0
         11
         28
        128
         75
         14
        121
         50
         13
         27
          0
         92
          0
          0
        158
          0
          0
          0
          0
          0
         94
         87
          0
        175
         48
          0
         94
          3
         24
         63
          0
          0
         29
          2
          0
         67
        166
         82
          0
         76
         58
          0
          0
         26
          0
         49
          0
        100
          0
        189
          0
          0
          0
         91
          0
          0
          0
        174
          0
         19
          0
          0
          0
          4
          0
          0
          0
          6
          8
          0
          3
          0
         44
          4
          0
          0
         21
        210
         55
          0
          0
        119
          0
        128
          3
        165
          0
        125
          0
          0
        177
         37
         82
         29
        155
          0
          0
          0
         64
         24
          0
         24
          0
          0
        108
         18
         51
          0
          1
        130
          0
          0
          0
          0
          0
        106
         23
        160
          0
        240
         24
         61
          0
         20
         88
          0
          0
          0
          0
          0
         60
        103
        154
          0
        177
        110
         30
          0
         20
          0
         61
          0
        123
          0
          0
        147
          0
        178
         39
         91
         53
         79
          0
          0
          0
        113
          0
          0
          0
          0
          0
          0
          0
          0
          0
          0
          0
          0
         82
         77
          0
          8
          0
        229
         70
          0
          0
        146
         59
          5
         64
          0
          0
          0
        118
        118
          0
         58
          0
          0
          0
         11
          0
          0
          0
          0
        114
         43
          0
        119
         94
         20
          0
          0
          0
        164
        133
         51
          0
          0
          0
         30
          0
        149
         10
         96
          0
          0
          0
        121
          0
         16
          0
          0
         44
         84
          0
          0
          0
          0
          0
          0
         46
          0
          0
          0
          0
        213
          0
         29
          0
        179
         80
          0
         14
         50
         69
         25
          0
         23
         28
         74
          0
         34
        128
         83
          0
         40
         85
          7
         86
          0
          0
          0
         68
          0
          0
          0
          0
        126
          0
          0
         15
          0
          0
         18
          0
         89
          0
          0
          0
         35
        231
        118
         89
          0
          0
          0
         16
          7
          0
          0
        162
          0
        148
          0
         82
        103
         20
          0
          0
        187
          0
          0
         26
        185
          0
        171
          0
          0
         25
          0
          0
          5
         72
         22
        102
          0
         17
         75
         45
          0
          0
          0
        168
          0
          0
         85
          5
          0
          0
          0
          0
        125
          0
         65
         13
          0
          0
          0
          0
         42
         57
          0
          0
          0
          0
         22
        148
         64
          0
          0
          0
          0
          0
          0
         97
          0
         84
          0
        116
          0
          0
          0
          0
          0
        128
         22
         39
          0
          0
          0
         59
          0
          0
          0
          0
          0
         62
          2
        136
         46
          5
          0
          0
          0
         39
          0
         44
         15
         28
          0
         78
          0
         46
          0
          0
          0
          0
        111
          0
          0
          0
        145
         47
        143
         34
          0
          0
          0
          0
          0
          0
         78
          0
         50
          0
          0
          0
          0
        116
          0
        130
          0
          0
        137
          0
          4
          0
          0
          0
         87
         40
        194
         13
          0
         42
          0
          0
          0
          0
          0
          0
         89
          0
          0
        174
         93
         55
         79
         86
         25
          0
          1
        145
          0
          0
          0
          0
          0
         86
         98
          0
         20
          0
          0
          0
          0
         77
        148
          0
          0
         90
          0
          0
         51
         19
         68
        149
         94
         12
         84
          0
          0
          0
          0
          0
        110
         69
         17
          0
          0
          0
          0
          0
         66
          0
        114
          0
         43
         81
        126
          0
        105
          0
        131
        253
        127
          0
          0
          0
         83
         63
          0
          0
          0
        124
          0
        103
         93
          0
          0
          0
          0
          0
          8
         90
        100
          0
          0
          0
        128
          0
         85
         36
         69
         82
         68
         66
          4
         70
         61
          0
          0
         36
          0
         82
          0
        117
          9
         46
         41
         50
         87
          0
          3
         73
        111
          0
         27
         40
          0
          0
        133
          0
        118
         38
         55
        110
          6
          0
         94
          0
          0
          0
         44
          3
          0
         54
          0
        107
          0
         75
          0
          0
         20
          0
          0
         28
        206
          0
         30
          0
          0
         43
         46
          8
        169
         10
        146
         74
          0
        119
         82
          0
         83
          0
         41
         79
          0
         14
        243
        119
         80
          0
          0
          0
          0
          0
          0
          0
          0
          0
          0
          0
          0
         60
        148
         31
          0
         35
          0
         54
          0
          0
         42
          0
         63
        163
          0
          0
         58
         94
          0
        167
          0
          0
        251
          6
         21
          0
         55
        155
          0
        111
         29
         12
          0
         74
         13
          0
          0
         28
         21
          0
          0
          0
        114
          0
         23
          0
         25
         26
         35
         83
          0
        138
          0
          4
        221
         84
         91
          0
          0
          0
        220
          0
         69
         14
        162
         82
          0
        100
          0
          0
          0
          0
          0
          0
          0
        177
         77
          0
         85
         88
          0
          0
          0
        155
          0
          0
         75
         96
          0
          0
          0
          0
         54
          0
          0
         40
        182
          0
          0
          0
          0
         70
        183
         20
          0
          0
         32
          0
         58
          0
          0
         63
         33
         85
         20
        110
          0
        166
          0
         63
          0
          0
          0
          0
         89
          0
          0
          0
        161
          0
        137
          0
        157
          3
          0
         79
          6
          0
         41
          0
          0
         49
          0
         77
          0
          0
          0
        158
          0
          2
          0
         18
         65
         49
          0
          0
        190
          0
         16
          0
        211
          0
         42
          0
          0
         28
          0
         75
          0
          0
          0
          0
         40
          0
         68
         51
         63
          0
          0
         93
         51
          8
          0
         44
          0
          0
         11
        255
          0
         15
         54
          0
        175
         47
         93
          0
          0
         21
         93
          0
          0
          0
        125
          0
          0
        149
          0
          0
         18
          0
          0
         53
          0
          0
        142
         95
         63
        159
          0
          0
        220
          0
          0
          0
        148
          0
         93
          0
        168
         50
          0
          0
          0
          0
         37
         91
         18
          0
         36
         11
          0
         66
        209
         83
         22
          0
         60
          0
        205
          0
         21
          0
        136
          0
          0
          0
        143
          0
          0
          0
         87
          0
        189
          0
          0
          0
         37
         40
          0
        133
         76
         13
          0
          0
          0
        113
          0
        223
          0
        108
         88
          0
          0
          0
         10
          0
          0
          0
        173
          0
         58
          0
          0
          0
        130
        103
         24
          0
         93
         41
          0
          0
          0
          0
          0
          0
        172
        126
          0
          0
         43
         14
         72
         44
          0
          0
         75
        175
         39
          0
          0
          0
          0
          0
          0
          0
        174
          0
         10
        227
         67
        125
          0
          0
          0
          0
         46
          0
          0
        160
         94
         90
        122
         62
         35
          0
          0
          0
         79
          0
        122
         18
        199
         45
          0
         89
          0
          0
          5
          0
        171
          0
         87
         19
          0
        129
          0
         32
          0
          0
          0
         90
          0
         50
          0
        109
          0
          0
          0
          0
        192
        123
         39
          0
        133
          0
          0
          0
          0
         64
         74
        117
         36
          0
         81
        119
          0
         50
         48
         48
          0
         75
         86
        167
          0
         33
          0
          0
         62
          0
          0
          0
          0
          0
         20
          0
        159
          0
        132
         11
         81
         42
        139
          0
          0
          0
         71
          0
          0
        164
          0
         34
          0
         64
         51
        107
         21
        108
          0
        117
         68
          0
          0
          0
         87
          0
         88
          0
          0
          0
         61
         64
        123
         77
          0
         67
          0
         40
         37
          0
         18
          0
         67
          0
          0
         78
          0
        154
          0
         24
         31
        108
         66
          0
         21
         53
        190
        122
         36
          0
          0
          0
          4
          0
         49
          0
          0
          0
          0
          0
         87
          9
         83
          0
          0
         79
         86
         90
         57
         55
          0
         32
          0
        124
         48
          0
          0
          0
        157
         60
         16
          0
        120
          0
          0
          0
         15
         10
          0
          0
          0
          0
          6
         57
          0
        110
          0
         92
          0
          0
          0
        158
          0
          0
          0
          0
         43
          0
          0
         49
        152
         17
        108
         36
          0
          0
        177
          0
          0
         71
         20
          0
          0
          0
        126
         25
         91
         88
          0
         11
         82
          0
          0
          0
          0
          0
        115
         64
         12
          0
          0
         51
          0
        195
         93
         37
          0
         47
          0
         92
          0
          2
          0
          0
          0
          0
        116
         67
          0
        135
          0
          0
          0
         96
          0
          0
          0
        190
        145
          0
          0
          0
          0
         20
        194
        150
        116
          8
          0
          0
          0
        106
        106
         27
          0
        103
          0
         10
         44
        160
         17
          0
          0
         84
          0
         85
          0
         16
          0
         65
        243
         86
         69
          1
          0
          0
        218
          0
         78
          0
          0
          0
          0
         61
         57
         32
          0
          0
        134
         28
        135
          0
          0
          0
          0
          0
          0
          0
          0
        142
          0
         80
          0
          0
          4
          0
          0
        255
         20
        148
        119
          0
        202
          0
          0
         55
        174
          0
         97
          0
          0
         94
         49
          0
          4
          0
          0
          0
         24
          0
          0
        155
         64
         51
        193
        114
        110
         58
          3
          0
         59
          0
          1
          0
          0
          0
        105
          4
        140
         52
         46
          0
          0
         98
         15
        169
          0
         83
         59
          0
         36
        101
          0
        130
          0
          0
        142
          1
        120
          0
         45
          0
          1
          0
          0
          0
        130
         75
          0
          1
        164
          0
          0
          0
          0
         45
         66
         57
          0
        114
          0
          0
          0
          0
          0
        127
         70
          0
          0
          0
          0
         25
         57
          0
         75
          0
         62
          0
          0
          0
          0
          0
          0
          0
          0
          0
         20
          0
         31
          0
          0
         91
         81
          0
         66
         35
          0
          0
          0
         53
         75
         19
        129
          0
          0
          0
        104
          0
         75
          0
        190
          0
        158
         51
         33
         47
        128
          0
        116
        255
         67
          0
         41
         46
          0
          6
          0
          0
         76
        145
          4
         89
         57
         62
          0
          0
          0
          0
        212
          0
          0
          0
        149
          0
          7
         23
         42
         35
        252
          0
        165
          0
         50
        168
          0
          0
         97
          0
          0
          0
         62
        102
          6
          0
         84
         18
          0
          0
          0
          0
        235
          0
         21
          0
          0
          0
          0
          8
          0
          0
        157
        112
          0
          0
        103
        129
          0
        104
         55
         71
          0
         99
          0
        148
          0
         54
        120
        120
          0
         32
          0
        119
         53
          0
         13
          0
        190
         80
        138
         10
          0
         33
         72
         47
          0
          7
        107
        134
         51
        178
          0
          0
         19
          0
          0
         72
          0
         20
        253
          0
          0
          0
          5
        255
          0
        163
         78
         13
          0
          0
          9
         91
          0
          8
          0
          0
          0
          0
         39
         66
          0
         37
         46
          0
         66
          0
          0
        165
          0
        211
          0
         37
        178
          8
          0
        133
        170
          0
         85
          0
          0
          0
        163
         66
         83
         25
          0
          0
          0
        209
        137
         79
         61
          0
          0
          0
          0
         96
          0
        116
          0
          0
          0
         80
         22
        136
         38
          0
         48
          0
          0
          0
          0
          0
          0
         84
          0
         13
          0
          0
         14
         97
          0
         47
         53
         73
         60
         32
          0
        100
          0
          0
         14
          0
          0
          0
        213
          0
          0
          0
          0
         86
          8
          0
        193
          0
         35
          0
         68
         25
         69
          0
        118
         79
        106
        101
         92
          0
          0
          0
          0
         86
          0
         84
         13
        115
         68
          6
        225
          0
         33
        130
         43
          0
          7
          0
          0
          0
          0
          0
          0
         18
        255
        101
         69
         48
         59
          0
         28
