         68
          9
          0
          0
          0
         36
        204
        255
        255
         44
          0
         56
          0
          0
          0
         12
        139
          0
          0
          0
          0
        130
          0
         71
        189
         64
          0
        106
          0
          0
          0
        214
         30
        178
        187
          0
         50
         52
          0
        138
        192
          0
          0
          0
         53
        251
        131
          0
          0
          0
        255
          0
        255
          0
          0
          0
         80
        140
          0
         94
          0
          0
         47
          0
          0
         15
         47
          0
          0
          0
         15
        255
          0
         46
          0
          0
          0
        120
          0
          0
        124
        255
        255
        255
          0
         71
         80
         32
          0
         72
          0
        190
          0
         45
          0
          0
          0
          0
          4
          0
          0
         62
        173
          0
          0
        206
          0
        203
        141
        138
        110
        215
          0
          0
        102
          0
          0
        103
         42
          0
        255
         40
          0
         23
          0
         13
          0
         61
          0
          0
          0
         27
          0
         17
          0
        255
        239
          3
          0
          0
        119
        136
          0
        255
          0
          0
          0
          0
        255
         21
          0
          0
          0
        148
        158
          0
          0
          0
          0
          0
        114
        182
        242
          0
         66
          6
        162
        255
        255
          0
         12
          0
          0
         30
         46
          0
          0
        187
          0
        240
         14
         70
         41
         31
         12
         99
         19
        252
          0
          0
        122
          0
         54
          0
          0
          0
        124
          0
        234
          0
        255
          0
         17
         66
        175
         50
        208
        255
          0
        209
          0
          0
         16
         56
         59
          0
        255
         69
          0
         27
         40
          0
         66
        201
          0
          0
          0
         92
         99
          0
         54
          0
          0
          0
        176
          0
          1
          0
        205
          0
         25
          0
          0
          0
        255
         42
         48
        155
        226
        138
        105
         47
          0
          0
          0
         15
          0
          0
          0
         15
          0
          0
          0
        255
          0
         12
          0
        170
          0
          0
          0
         78
          0
          0
        255
          0
         18
          0
          0
        207
        154
        141
        123
        172
          0
         94
          0
          1
         71
          0
          0
          0
         34
          0
          0
        240
        186
          0
          0
          2
          0
         59
        255
          0
         40
        255
        119
          0
        255
          0
         33
        144
        248
          0
         33
          0
          0
          0
          0
        238
        116
          0
          0
        235
          0
          0
         95
        255
        152
         68
          0
          6
        117
         60
        255
          0
         43
          0
          0
          0
          0
         63
          0
          0
        243
        114
          0
        232
         78
        115
         98
          0
          0
         56
          0
        236
         58
        139
          0
          0
          0
        156
         35
         33
         76
        136
        114
          0
          0
          0
        255
          0
        255
         61
        140
         44
        120
          0
          0
         74
         69
          0
          0
          0
          0
          0
        107
          0
          0
          0
        233
         26
          0
          0
        228
          0
         62
        181
          0
          0
          0
          0
        255
          0
          0
          0
          0
          4
        134
          0
          0
          0
          0
         29
          0
        133
         69
          0
          0
          0
          0
         36
         42
          0
        108
         20
          0
          0
          6
        158
          0
          0
         25
          0
        202
          0
          0
          0
          0
          0
          0
          0
        108
        121
         38
         82
          0
          0
          0
         30
          0
          0
          0
         15
          0
          0
          0
          0
          0
          0
        115
        255
         46
          0
          0
          0
        255
        255
          0
          5
          0
         35
         90
          0
         17
          0
          0
          0
         82
        151
        129
          0
          0
          0
         50
         21
          0
          0
         93
          0
          0
         56
          4
          0
          0
          0
          0
          0
          0
        155
        255
          0
          0
          0
          0
          0
        129
         38
         58
          0
          0
          0
