          0
         81
          0
          0
        245
        255
          0
          0
          0
        125
          0
        255
          1
          0
          0
          0
          0
          0
          0
          0
          0
         60
        255
          0
         79
          0
          0
          0
        255
          0
         96
          0
        255
          0
         77
        255
          0
          0
          0
         54
          0
         48
          0
          0
          0
          0
         71
          0
          0
        159
          0
          0
        138
        144
        134
          0
          0
         11
        118
          0
          0
          0
        112
        255
          0
          0
          0
          0
        230
          0
          0
          0
          0
         65
         66
          0
          0
          0
          0
          0
          0
          0
         12
        255
          0
          0
         93
         19
          0
          0
          0
          0
        228
          0
          0
        255
          0
          0
         74
        255
          0
          0
          0
         27
          0
         72
          0
          0
          0
          0
          0
        148
          0
         89
          0
        230
         25
         82
          0
          0
          0
          0
          0
          0
          6
          0
         13
          0
        182
          0
          0
        255
          0
          0
          0
        119
          0
         51
          0
          0
          0
          0
        255
        105
        255
        197
        255
        255
        140
        189
        255
          0
          0
          0
        221
          0
         27
        255
         12
        255
         56
          0
          0
        255
         99
          0
          0
         73
         24
         43
        244
          0
          0
          0
          0
          0
          0
          0
          0
          0
          0
         37
         88
          0
          0
          0
         65
          0
          0
        173
          0
          0
          0
          0
          0
          0
          0
          0
          0
         72
        130
          0
          0
        255
         66
         33
          0
         98
          0
        159
          0
          0
          0
          0
        243
          0
          0
          0
          0
          0
          0
          0
        120
        255
        196
          0
          0
          0
         61
        255
          0
        150
        255
         65
          0
          0
         58
         81
          0
          0
        255
          3
          2
          0
         67
        172
          0
          0
          0
         52
          0
          0
          0
          0
          0
          0
          0
         56
          0
          0
        161
        255
          0
          0
          0
         66
          0
        101
          0
        255
          0
          0
          4
        255
          0
          0
        206
         12
         17
        222
        102
        116
          0
         61
          0
          0
          0
         28
        255
         71
         98
          0
         77
          0
          0
          0
        198
          1
          0
        127
         98
          0
          0
          0
          0
          0
          0
        253
          0
        101
         24
          0
        244
          0
          0
        201
          0
          0
          0
          0
          0
          0
         53
          0
          0
        255
          0
          0
          0
         45
        160
          0
          0
          0
          0
         96
          0
        138
          0
        160
          0
          0
        180
          0
        101
          0
        192
          0
          0
          0
          0
          0
          0
          0
          0
          0
          0
          0
          0
          0
          0
         65
        187
          0
          0
          0
          0
          0
          0
          0
          0
          0
         24
          0
        224
          0
         11
          0
          0
          0
        255
        220
        106
          0
        197
          0
          0
          0
         39
          0
          1
          0
        229
          0
         94
         20
          0
        255
        255
          0
        103
          0
          0
         80
        145
          0
          0
        227
         54
          0
         60
          0
          0
          0
         83
          0
          0
          0
          0
          0
          0
          0
          0
          0
          0
        120
          0
          0
          0
        255
        255
         42
          0
         48
          0
         51
          0
          0
         90
          0
          0
          0
          0
          0
         61
          0
          0
          0
          0
          0
         62
        255
         79
        132
         85
          0
          0
        131
          0
          0
          0
        255
          0
          0
        255
          0
        255
        255
          0
        153
          0
          0
        169
         18
          0
          0
        100
        219
          0
          0
         16
         40
          0
          0
        238
          0
          0
        109
          0
         53
          0
         37
          0
          0
        255
          0
        151
         59
          0
         20
          0
          0
          0
         63
          0
          0
        157
        255
          0
         80
          0
          0
          0
          0
         40
          0
          0
          0
        125
        105
          0
         56
          0
        110
          0
          0
        255
          0
          0
          0
          0
        253
          0
          0
        164
          0
          0
          0
          0
        144
          0
         81
         81
          0
        201
          0
          0
          0
          0
          0
          0
         61
          0
          0
         80
        126
          0
          0
          0
          0
          0
        255
          0
        134
          0
        255
          0
        255
          0
          0
          0
          0
         35
          0
         33
         46
        210
         97
          0
          0
        155
        255
         23
        108
          0
         22
          0
        141
          0
        255
          0
          0
          0
          0
          0
         52
          0
          0
        245
        255
         81
          0
          0
         40
          0
         84
         61
          0
          0
          0
          0
          0
          0
          0
          0
         31
        188
          0
          0
          0
          0
        255
          0
          0
        255
          0
          0
          0
          0
        245
        176
          0
          0
          0
        228
          0
         14
         91
          0
          0
        160
          0
          0
          0
         62
          0
          0
          0
        255
        132
          0
          0
        186
          0
          0
          0
        255
          0
          0
          0
         52
        225
          0
          0
        255
          0
          0
          0
         32
          0
          0
          0
         84
          0
          0
          0
          0
         55
          0
          0
        255
         96
          0
          0
          0
          0
          0
         57
          0
          0
          0
        255
         14
        176
        255
          0
        255
          0
        255
          0
        123
          0
          0
          0
         45
          0
         48
          0
         27
          0
          0
          0
        255
        110
          0
          0
          0
          0
        255
         39
          0
          0
          0
         46
          0
        188
          0
          0
         31
          0
        255
          0
          9
        188
          0
          0
         95
          0
          0
         76
          0
          0
          0
          0
        255
         19
          0
          0
          0
        255
        255
          0
          0
          7
          0
          0
          0
         70
          0
        217
        255
          0
          0
          0
        255
          0
          0
          0
          0
         19
          0
          0
         34
          0
        255
         92
        255
        126
         39
          0
          0
          0
          0
          0
          0
          0
          0
        255
          0
        255
        245
        251
        111
          0
          0
        255
         71
          0
         65
          0
        185
          0
        124
          0
          0
          0
        235
          0
          0
         60
        203
        255
          0
        255
          0
        117
          0
          0
        255
          0
          0
         97
          0
          0
        106
          0
          0
        206
          0
          0
          0
          0
          0
          0
          0
        154
          0
          0
        255
          0
          0
        110
         47
          0
        196
          0
          0
          2
          0
          0
          0
        255
          0
          0
         39
          0
        255
         11
         95
        138
          0
          0
          0
          0
        136
          0
          0
        160
          0
        249
          0
          0
          0
         36
          0
          0
          0
          0
          0
          1
          0
          0
          0
         67
          0
          0
        255
          0
        255
         11
          0
          0
        113
          0
        113
          0
        193
          0
          0
          0
        177
         37
          0
          0
          0
         12
          0
        159
          0
        255
          0
          0
          0
          0
        255
          0
         36
          0
          0
          0
         40
          0
          0
         67
         68
          0
          3
          0
         12
         17
        120
          0
         34
        237
        226
          0
          0
          0
          0
         26
          0
         79
          0
        105
          0
          0
         65
        207
          0
        255
        210
          0
          0
          0
        183
          0
          0
          0
          0
          0
        255
          0
          0
         55
          0
          0
          0
          0
          0
          0
          0
         41
        208
        255
          0
          0
         42
          0
        255
        138
          0
        255
        177
          0
        255
          0
          0
        255
        255
          0
          0
          0
        215
          0
        132
        255
        212
          0
          0
          0
          0
         62
          0
          0
          0
        255
        255
          0
          0
          0
          0
          0
          0
          0
          0
        135
        144
          0
          0
        150
          0
          0
          0
          0
          0
          0
          0
          0
         98
          0
          0
         14
        243
         97
        245
          0
          0
          0
          0
         89
          0
        255
          0
        145
          0
        255
        255
          0
          0
          0
        235
        255
          0
          0
          0
        255
        183
          0
         43
          0
         82
          0
        255
          6
          0
         29
          0
          0
          0
        255
          0
         28
          0
        255
          0
          0
          0
          0
        255
          4
        255
        127
          0
          0
          0
          1
          0
         49
          0
          0
         87
        226
        138
          0
          0
          0
          0
         51
          0
          0
          0
        173
          0
        133
        255
          0
          0
          0
          1
          0
          0
        255
        254
        110
          0
          0
          0
        143
          0
          0
         74
          0
          0
          0
          0
          0
          0
          0
          0
         12
          0
          0
          0
        255
          0
          0
          0
          0
        197
          0
          8
        144
        139
        255
        255
          0
          0
          0
          0
          0
          0
          8
        254
          0
        134
          0
          0
        255
          0
          0
        111
          0
          0
        180
        157
        158
          0
          0
          0
          0
          0
          0
         97
          0
        255
         52
        255
          0
          0
        255
        197
          0
          0
          8
        255
          0
         61
        255
          0
          0
        255
          0
          0
         97
          2
        176
        119
        255
          0
         76
         30
          0
          0
          0
          0
          0
          0
          6
        217
          0
          0
        255
          0
          0
         44
          0
          0
          0
          0
        255
          0
        255
         10
          0
        255
          0
        107
          0
          0
        255
        255
        112
          1
          0
          0
          0
        123
        208
         29
          0
          0
          0
          0
         42
        255
          0
          0
          0
        255
        101
          0
          0
        193
          0
          0
          0
          0
         40
        168
          0
         56
         71
          0
          0
          0
          0
          0
        191
          0
         29
         40
         76
        255
          0
          0
          0
          0
         51
          0
          0
          0
          0
         94
          0
        168
        255
         53
          0
          0
          0
          0
         33
          0
        255
        255
          0
        255
          0
          0
          0
          0
        148
          0
          0
          0
          0
        166
          0
          0
         96
        102
          0
        160
          0
          0
          0
         58
          0
          0
          0
        255
         99
          0
        175
          0
        255
          0
         78
        255
          0
          0
        251
          0
          0
          0
          0
         58
          0
          0
          0
        255
        117
          0
          0
        255
          0
          0
        255
          0
        255
          0
         14
          0
         70
         51
        255
          0
          0
          0
         42
         51
          0
         90
        202
          0
          0
          0
          0
        255
          0
          0
          0
          0
        255
          0
          1
         58
          0
         45
        190
          0
         82
          0
          0
          0
         20
        164
          0
          0
        255
          0
          0
          0
          0
        255
          0
         88
          0
        185
        255
        243
          6
          0
          0
         39
        252
          0
         24
         45
          8
          0
          0
         90
        106
          0
          0
        148
         90
        209
          0
          0
        255
          0
         78
          0
          0
        255
        255
          0
          0
          0
          0
        255
          0
          0
          0
         82
        255
          0
          0
        159
          0
          6
          0
          0
          0
          0
          0
        255
         57
        102
        203
         49
          0
        255
        143
          0
          0
        255
        207
          0
          0
        255
        181
        255
          0
          0
          0
         88
          7
         69
        255
          0
          0
          0
          0
          0
        255
          0
          0
          0
         53
          0
          0
        215
          0
        255
          0
          0
          0
         92
        255
         68
          0
        153
        255
        250
          0
         15
          0
        233
          0
          0
          0
          0
          0
          0
        255
        240
          0
          0
          0
          0
         97
          0
         30
        251
        255
        255
          0
         38
         89
          0
          0
          0
         32
          0
        250
        255
          0
          0
        255
         58
         25
          0
          0
          0
          2
          0
          0
        164
        255
         87
          0
         13
         97
        255
          0
         48
        255
        255
          0
          0
        206
          0
          0
          0
        202
         90
          0
          0
          0
        109
        255
          0
          0
        101
         84
        193
          0
          0
          0
        149
          0
          0
          0
        255
          0
          0
          0
        230
        255
        148
        142
        255
          0
          0
         31
          0
          0
        255
        255
          0
        105
          0
          0
        255
          0
          0
          0
         90
          0
          0
        165
          0
        255
          0
         25
          0
          0
         37
        255
        255
        221
          0
         89
          0
        255
         90
        255
          0
          0
        255
          0
        174
          0
          0
          0
          0
        255
          0
          0
        255
          0
          0
          0
          0
          0
          0
        101
          0
          0
          0
         39
          0
        255
          0
          0
          0
          0
          0
        255
         32
        198
        229
          0
          0
          0
        151
          0
        255
        114
          0
          0
        139
         47
          0
        103
          0
          0
         39
          0
          0
          0
          0
          0
          0
        255
          0
         72
          0
        255
        255
          0
          0
        213
        222
          0
        108
          0
        253
          0
         74
         84
          0
          0
          0
          0
          0
         30
          0
          0
          0
         42
          0
          0
        255
          0
        111
          0
        255
        159
        255
          0
         59
        245
          0
          0
        148
          0
        255
          0
          0
        255
        208
          0
          0
          0
          0
          0
          0
          0
        107
          0
          0
          0
          0
          0
          0
          0
        155
          0
          0
        113
         54
         90
          0
          0
          0
          0
          0
          0
        224
         49
         26
          0
          0
          0
          0
          0
        255
         86
         53
        255
          0
          0
          0
          0
          0
         71
          0
          0
          3
        201
          0
          0
         46
          0
          0
          6
          0
          0
          0
        206
        255
          0
        116
          0
          0
          0
          0
          0
          0
          0
          0
          0
          0
          0
        255
        108
         44
         11
          0
        255
          0
          0
        186
          0
        199
          0
          0
          0
          0
        105
         21
          0
        255
         19
        236
        251
          0
        255
         16
        255
          0
          0
        255
          0
          9
        255
        146
         92
          0
         95
          0
        128
          0
          0
        255
          0
        255
          0
          0
          0
          0
         60
        114
          0
          0
          8
          0
          0
          0
          0
          0
        219
          0
         94
          0
          0
        177
        255
          0
        109
          0
        109
          0
          0
          0
        255
        106
          1
          0
          0
          0
         60
          0
        200
          0
         57
        235
         57
          0
          0
         88
          0
          0
        227
        255
          0
          1
          0
        106
        255
         56
        131
          0
        100
          0
        202
        247
        255
        255
         13
          0
          0
          0
          0
          0
          0
          0
          0
        255
         23
          0
        156
        240
          0
          0
        255
          0
         50
          0
          0
          0
          0
          0
         55
        255
        137
          0
        139
          0
          0
        255
          0
          0
          0
          0
        107
          0
         51
          0
          0
        255
         26
          0
        254
        255
        194
          0
        255
          0
         45
          0
          0
          0
          0
         73
        149
          0
          0
         39
          0
          0
        255
         23
        141
          0
        255
          0
         52
          0
          0
          0
         91
        255
          0
          0
        160
         31
        255
         84
          0
          0
         91
        255
          0
         94
        255
        130
          0
          0
        122
          0
          0
          0
        255
        255
          0
        255
          0
          0
          0
          0
        255
          0
        167
        255
          3
        255
        208
        249
          0
          0
          0
        213
          0
          0
        255
          0
          0
          0
         24
          0
          0
          0
         87
          0
        117
        255
          0
          0
          0
          0
        158
          0
          0
          0
        216
          0
          0
        255
          0
         53
          0
        104
          0
