         19
          0
          0
         45
         14
          0
          0
          0
        252
          0
          0
          0
          9
          0
         75
         40
         92
          0
          0
         94
          0
          0
          0
        114
          0
         10
          0
        151
        160
          0
         17
        125
         40
        230
          0
        231
         39
          0
        199
        100
        255
          0
          0
         62
          0
          0
        255
        102
          4
         71
        255
        111
         82
        196
        236
        210
          0
         36
        218
        120
        124
        255
         63
        109
        151
          0
          0
          0
          0
          0
          0
        245
          0
          0
        230
        189
          0
          0
          0
          0
        126
          0
        230
         22
          0
        255
        225
          0
          0
        115
          0
         41
          0
        119
          0
         80
         92
         22
          0
          0
          0
         78
        255
        170
          0
          0
          6
        104
          0
         81
        212
        116
          0
          0
        194
        255
          0
        247
          0
        203
          0
        159
        255
         77
          0
        164
        255
         72
         25
          0
          0
          0
          0
          0
        185
         65
          0
        209
        198
        214
          0
         10
        132
        100
        142
          0
        206
          0
          0
        123
        255
        163
          0
        177
        185
         47
         34
         56
        151
          0
        156
         16
          0
        255
          4
          0
          0
        105
          0
          0
         16
         89
          0
          0
        255
          0
          0
          0
        232
          0
        202
          0
          0
          0
          0
        161
          0
          0
          0
        181
        255
          0
         14
        213
          0
        255
         19
         60
          0
        139
          0
        255
        116
        128
          2
        127
        255
         70
          0
          0
        193
         60
          0
         98
         62
          0
          0
        104
          0
         28
          0
         36
        122
          0
          0
          0
          0
        255
         51
        170
        133
        148
          0
        108
        151
        212
          0
        180
         19
         21
          0
          0
        255
         89
          0
        229
        203
        208
         36
        108
          0
          0
         46
          0
         89
          0
        246
          0
          0
        251
         35
          0
         99
          0
        255
        214
          0
         32
          0
          0
        173
        146
         92
         23
          0
          0
          0
        128
          0
         73
          0
          0
        255
         84
          0
        255
          0
          0
          0
          0
         23
        255
         40
        191
        255
        238
          5
        255
        234
        198
        126
          0
        214
         27
          0
          0
          0
        204
         49
        198
          0
        157
          0
         29
         18
          0
         23
         44
         74
          0
        179
          0
        149
        123
         27
         59
          0
          0
          0
        178
          0
        100
         44
          0
        255
          0
          0
         39
          0
          0
        105
          0
          0
          0
          0
          0
         47
          0
         89
        128
          0
          0
        136
          0
         42
        111
          0
          0
         66
         68
          0
          0
          0
          0
        159
         93
          6
          0
          0
         15
          0
        160
          0
          0
        226
        253
         52
          0
          0
         49
         47
        255
        166
          0
         59
        255
        112
        164
         13
          0
          0
          0
          0
         21
          0
         97
        191
         76
        185
          0
         24
         43
          0
         44
        212
        112
         36
          0
        130
          0
         95
          0
         47
          0
          0
          0
        224
        254
        124
        161
         78
        107
          0
          0
        255
         13
         79
        133
         96
          0
        255
          0
          0
         20
          0
          0
        155
         25
        175
          0
         76
          0
        132
          0
         20
        255
          0
          0
        232
          0
          0
          0
          0
        103
        255
          0
          0
          0
          0
         10
        109
          0
        255
          0
          0
         21
          0
          0
          0
         64
         92
          0
         54
         77
          0
        190
         91
         31
          0
          0
         65
          0
        151
        239
         74
          0
        229
          0
          0
          0
        147
        173
          0
         99
          0
         21
          0
          0
          0
        202
        129
          0
          0
        169
          0
          0
          0
          0
         46
          0
         46
          0
          0
        202
        108
        255
         22
          0
        255
        135
          0
        156
          0
          0
        186
          0
          0
         96
         83
         48
         42
          0
          0
          0
          0
        131
          0
          0
          0
          0
          0
          2
          0
          0
         22
          0
         49
        255
          0
        216
        255
        117
        103
          0
          0
        189
          3
          0
        243
          0
          0
         38
          0
        220
          0
        125
          0
        172
         76
         15
          0
        112
          0
          0
          0
         20
          0
          0
        217
        255
         28
          0
          0
          0
          0
        255
          0
        101
          0
          0
        255
          0
          0
          0
          0
        255
         55
        213
          0
          0
        239
         77
          0
         98
          0
        218
          0
          0
         12
        184
        255
         90
         55
          0
          0
          0
          0
        255
          0
        140
        158
         20
        243
          0
         28
          0
          0
        109
        127
        182
        255
          0
        147
         76
        124
        213
         71
          0
          0
          0
        133
        113
        176
        200
          4
          0
        255
         39
          0
        255
          0
          0
          8
         40
          0
          0
          0
          0
          0
        166
        190
          7
         97
          0
        221
          0
        186
         49
         27
        115
          0
          0
         55
         18
         68
          0
         42
        114
          0
          0
          0
        108
          0
         37
         19
         55
          0
          0
          0
          0
          0
          0
         85
          0
          0
          0
         56
         94
         81
        132
          0
        255
          0
          0
        112
         46
          0
          4
          0
         84
         74
          0
          0
        134
          0
        124
        109
          0
          0
        138
          0
          0
          0
        229
        115
         74
        205
          0
         35
          0
          0
        111
          0
          0
          0
         77
        253
          0
          0
          0
          0
          0
          0
          8
          0
         91
         87
         30
          0
         21
          0
         26
          0
          0
         21
          0
        111
          0
         76
        103
         85
         33
        104
        188
          9
        248
        255
          0
        255
          0
        237
          0
          0
          0
         83
          0
          0
        255
          0
         43
          0
         99
          0
         47
          0
         30
          0
        255
         39
          0
        172
          0
          0
          0
        221
        195
          0
         81
          0
          0
         41
          0
        220
          0
         61
          0
         60
          0
          0
        104
         12
        174
         78
          0
        255
          0
         26
          0
          0
        255
          0
        124
        150
          0
         84
          0
          0
         16
         26
          0
          0
          0
          4
          0
         32
          0
         66
          0
         80
          0
          0
        255
          0
         31
         55
        136
          0
        115
          0
          0
          0
        108
        163
        255
          0
          0
         98
         99
        209
          0
         12
        223
          0
          0
         30
          0
          0
          0
          0
        140
        255
          0
          0
        255
          1
         46
        124
         11
        184
          0
          0
         20
          0
        156
        124
        167
         95
          0
          0
          0
         74
          0
         89
        196
        255
          0
        115
         95
         71
          0
         74
          0
          0
          0
          0
          0
          0
        159
          0
          0
          0
          0
          0
         55
        255
        180
          0
         20
          0
          0
        229
         82
          0
          0
          0
        230
          0
          0
          0
          0
          0
          0
         21
          0
          0
        101
          0
        255
          0
         15
         56
          0
         20
          0
         74
         37
        223
          0
          9
        164
        255
          0
        123
        152
          0
          0
        172
        198
        124
         53
          9
          0
        255
          0
          0
        192
         56
         69
        255
        155
          0
        125
          0
         58
          0
         27
          0
          0
        215
         41
          0
         62
          0
          0
        127
          0
        178
          0
         15
        255
          0
         20
          0
          0
          0
        245
          0
          0
        195
          0
          0
          0
        113
        195
          0
         25
          0
         68
          0
         79
          0
         94
         93
        180
        255
        164
         48
         37
        237
        213
         97
        255
          0
          0
        137
         19
          0
          0
         40
          0
         36
          0
          0
        255
          0
          0
        105
          0
          0
         43
        137
          0
          0
          0
         31
          0
        255
          0
        158
          0
        164
        145
          0
        255
          0
        100
          0
        255
          0
          0
         56
          0
        255
          0
          0
         68
        133
        202
          0
          0
        202
          0
          0
         55
        255
          0
         67
          0
          0
        220
         59
          0
        179
          0
         77
        182
        255
          0
        133
          0
         64
        255
          5
         51
          0
        255
        255
          0
          0
        115
        107
         45
        129
         56
          0
          0
        255
          0
          0
         13
          0
        147
        112
        136
        122
        211
         26
        104
          0
          0
        135
          0
        177
        255
          0
         73
        255
          0
          0
          0
          0
         57
         37
         10
        255
          0
          0
         17
          0
          0
        203
        102
          0
        208
         27
         19
        255
        212
         71
        238
         54
          0
        205
        249
        105
          0
         10
          0
        220
          0
          0
        216
          0
         26
         79
          0
        255
        121
          0
          0
          0
         74
          0
        173
          0
          0
          0
         77
          0
          0
          0
        218
        255
          0
        160
          0
        157
          0
          0
         48
          0
          0
          0
        255
          0
        104
          0
         10
          0
          0
          0
          0
          0
         58
         67
        166
          0
          0
          0
          2
          0
          0
          4
        255
         43
        102
          0
          0
        235
          0
          0
          0
        255
          0
          0
        241
        248
         45
         47
         60
        255
        153
        127
          0
          0
        255
        110
        252
          0
          0
          0
         10
          0
         25
        173
        255
        179
          0
        182
          0
        213
         72
          0
          0
          0
          0
          0
          9
          0
        217
          0
        190
         32
         38
          0
          0
          0
          0
         57
          0
        200
          0
          0
          0
          0
        219
          0
          0
          0
          0
        106
         20
         72
        255
         29
          0
        255
          0
        223
        124
        186
         14
         49
          0
        205
        133
        156
          0
          0
          0
          0
          0
         48
        181
          0
        126
        255
          0
          0
        196
          0
          0
        151
          0
        201
          0
          0
        129
        150
         10
          0
         83
         42
          0
         77
        169
        250
          0
          0
         61
          0
          0
         61
        154
        255
        254
         17
          0
        166
        161
          0
        130
         19
          0
        131
        246
          0
          0
         28
         78
          0
          0
          0
         18
         53
        229
          0
          0
        255
         68
          0
         26
          0
          0
        168
        230
        115
        227
        139
          0
         56
        205
          0
          0
        166
          2
          0
          0
        250
        217
          0
         62
        255
          0
          0
        255
         40
          0
          0
         60
          0
          0
          0
         67
          0
         93
          0
         25
        255
          0
          7
          0
        255
         34
         26
          0
        255
          0
          0
         94
        155
        152
         19
         15
          0
        227
        151
          0
          0
        107
         12
          0
          0
          0
          0
         83
          0
          0
          0
        180
        114
          0
          0
        143
        136
          0
        106
          0
          0
         51
        188
         32
        186
        255
         34
         55
        206
          0
         79
        121
        128
        124
        190
         96
        176
          0
          0
         72
        227
          0
        135
         28
          0
          0
         47
          0
        179
          0
         86
          0
        187
        134
          0
        100
          1
          0
          0
        196
          0
          0
          0
        255
          0
        178
        144
          0
        180
          0
          0
         43
        231
          0
          0
          0
          0
          0
        116
        144
          0
          0
        158
          0
         16
          0
        255
          0
          0
        255
          0
          0
        255
         67
          0
        218
          0
        117
          0
        130
          0
         62
          0
          0
          0
          0
        123
          0
        173
         96
         20
         29
          0
         83
        132
          0
          0
        113
        124
          0
        170
        157
         47
          0
          0
          0
          0
        255
        141
          0
          0
        180
          0
         79
        254
          0
        231
          0
          0
          0
          0
          0
        146
          0
        255
          0
          0
          0
          0
          0
        179
          0
         15
        247
          0
         68
        255
          0
        103
        255
          0
          0
         63
          0
          0
          0
        255
         31
        103
          0
          0
          0
          0
          0
        187
         45
        255
         61
          0
        184
          0
          0
        237
          0
         85
        235
          0
         96
        164
          4
          0
        251
          0
         43
          0
          0
        255
          0
          0
          9
        244
        122
          0
          0
         12
          0
          0
         34
        110
        188
          0
        255
         69
          0
        157
          0
        211
          0
          0
         84
          5
          0
          0
        234
          8
        174
          0
          0
          0
          0
          0
          0
          0
        153
          0
          0
        255
          0
         92
        161
          0
          0
          0
          0
          0
         73
          0
        255
        255
        255
          0
         55
        103
          0
          0
        255
          0
        198
          0
         49
        218
          0
          0
          0
          0
        255
         15
         13
          6
        191
         29
          0
         10
         89
          0
        255
          0
         74
         58
          0
        105
        255
         10
          0
        154
         63
        255
        211
         64
          0
        152
        111
        255
          0
          0
          0
          0
        157
        174
        182
          0
          0
        108
        173
        114
         28
          0
        255
        143
          0
         99
          0
          9
        183
         15
         94
          0
         32
        230
          0
         18
         45
        145
          0
          0
        115
          0
          0
          0
        174
        121
         71
        255
          0
         32
        121
          0
          0
          0
        229
        176
          0
         62
          0
         89
         43
          0
          0
        107
          0
          0
        134
          0
         79
          0
        114
          0
         68
          0
         76
          0
         37
         31
        176
        255
        205
          0
         84
        213
          0
          0
         45
        138
          0
        246
        255
        239
          0
         68
          0
        255
          0
          0
          0
        225
          0
        165
          0
          0
        137
        139
          0
        125
          0
         59
         48
          0
        190
          0
         11
         46
         22
          0
        255
          0
          0
         19
         67
        146
         51
          0
          0
        255
        122
          0
         13
        230
          6
         43
         99
          0
        111
          0
         14
        114
          0
         86
          5
          0
        195
          0
          0
          0
          0
        119
        232
          0
          0
         95
        240
        160
          0
          0
         21
          0
         81
          0
         50
          0
          0
        111
         77
          0
          0
          0
         40
         67
          0
        126
        240
          0
          0
          0
          0
        162
          0
        120
        176
          0
          0
          0
        213
        204
          0
          0
         16
        255
          0
          0
          0
          0
          0
        128
          0
          0
         55
        153
          0
         64
          0
        116
        168
        255
        176
          0
         20
        112
        172
          0
        255
          0
          0
         94
        151
         26
          0
          0
        110
         89
          0
          0
          0
          0
         10
         74
         29
        200
          0
         91
          0
         89
          0
         62
        148
          0
          0
        255
          0
        215
         80
        115
          0
        151
          0
        130
         81
        101
          0
          0
          0
         90
        190
          0
          0
          0
          0
          0
        127
          0
         67
          0
          0
         93
          0
          0
        237
        255
        255
        135
          0
        255
        127
         40
          0
        255
          0
        190
        146
          0
          4
          0
         42
        234
         90
          5
          0
          0
          0
          0
          0
         45
         87
          0
          0
        109
          0
         24
        139
        255
        206
          0
          0
         56
          0
        130
         60
          0
          0
        169
         21
        139
          0
          0
          0
          0
        229
        255
          0
          0
         35
          0
         52
          0
          0
          0
          0
        103
        132
         37
        255
          0
        236
          0
          0
        255
          0
        146
         96
          0
         90
