         37
          0
        140
        109
          0
         43
        176
         81
        255
         88
         15
         28
          0
          0
          0
        255
          0
        136
         50
          0
          0
          0
          0
         86
         53
        188
          0
          0
        122
         37
          5
        134
        124
          0
         26
        255
         64
          9
          0
        138
        255
          0
         24
         78
          0
          0
        193
        255
          0
          0
          0
        189
          0
          0
          0
          0
          0
          0
          0
          0
         42
          0
          0
         58
        134
          0
        176
          0
         11
          0
          0
          0
        255
          0
         95
        143
          0
        160
        255
        110
        255
          0
          0
          0
          0
          0
         47
        219
         42
        174
        128
          0
         69
          0
         32
         65
         99
          0
         75
          0
          0
          0
        162
          0
          0
         25
        115
        210
          0
          0
        255
        255
        255
          0
          0
          0
          0
          0
         81
        116
          0
        104
          0
          0
        102
        115
          0
         77
         64
          0
         32
          0
        233
         83
          0
        108
         94
         34
          2
        210
          0
          0
         49
        255
          0
          0
          0
        226
         37
          0
          0
         65
        126
        255
        129
        108
         18
          0
        255
         48
          0
          0
         78
          0
          0
          0
        147
          0
          0
          0
        115
        214
          0
          0
        252
          0
          0
        255
         73
        128
          0
          0
        169
          0
         58
        255
          0
        187
         89
        111
          0
         79
         98
          0
         69
          0
          0
         29
        255
          0
         67
          1
          0
        158
          0
        133
        255
        255
          0
         77
          0
          0
          0
          0
        101
        154
         65
        168
          0
          0
         82
        119
          0
        132
         14
          0
          0
          0
         56
          0
          0
          0
          0
          0
          0
        177
          0
        195
          0
          0
        255
          6
        114
         49
          0
          0
          0
         98
         68
          0
          0
         51
          0
          0
          0
         98
        172
         45
        223
        255
          0
          0
          0
          0
          0
         57
          0
        206
          0
          0
          0
          0
        255
          0
          0
        255
          0
          0
         12
        204
         69
         83
         96
        174
         78
        100
          0
          0
          0
          0
         71
        255
          0
          0
          0
          0
        255
          0
        174
         75
        173
        106
        255
        255
          0
          0
          0
        255
        199
          0
          0
          0
          0
        130
          0
          0
         20
          0
          0
         66
         96
        255
        223
        255
          0
        140
          0
        104
          0
          0
          0
         30
          0
         66
        255
        177
          0
        187
          0
          0
          0
          0
          0
          0
         42
        237
         89
        183
          0
          0
          0
          0
          0
         68
          0
        255
         41
        150
        195
          0
        165
         24
        134
        117
          0
          0
          0
          0
          0
          0
          0
        190
          0
          0
          0
        110
          0
        135
          0
        181
          0
          0
          0
          0
         24
          0
         58
        192
        255
          0
          0
         95
          0
          0
         99
          0
          0
         42
        255
          0
          0
        125
          0
          0
        124
          0
         25
        212
          0
         44
          0
        148
          7
        106
         92
          0
         51
         80
          0
          0
          0
          0
        209
         66
         61
        109
          0
         22
          0
          0
          0
        255
          0
        255
          0
          0
          0
          7
          0
          0
        106
          0
          0
          0
         17
         17
         92
        119
         29
        255
          0
          0
          0
          0
          0
        116
        255
          0
          0
          0
         21
          0
        225
        255
        255
         81
          0
          0
         29
          0
          0
         67
          9
          0
          0
          0
         66
          0
          0
          3
          0
          0
          0
          0
        232
          0
        255
          0
          0
          0
          7
          0
        111
          0
          0
          0
          0
        129
         72
          0
          0
          0
        131
          0
          0
         99
        104
        120
          0
         49
          0
         37
        159
        128
          0
        255
          0
        123
          0
         99
        167
         40
        145
          0
          0
         39
          0
          0
          0
          0
          0
         22
         57
         24
          0
          0
         93
          0
         21
         50
         38
          0
          0
         55
          0
          0
          0
          0
        161
          0
          0
          0
         10
          0
          0
        105
        133
          0
        223
        255
          0
        119
          0
          0
          2
          0
          0
          0
          0
         27
          0
          0
          0
          0
        124
         94
          0
          0
        247
          0
          0
         71
         79
         13
          0
          0
        122
         47
        185
         45
        255
        223
          0
          5
          0
          0
          0
          0
          0
        220
          0
        100
          0
         33
         59
          0
          0
        104
         97
          3
          0
          0
        136
          0
          0
         59
          0
          0
        227
          0
          0
        159
        255
        255
        255
          0
          0
        239
          0
          0
         57
          0
         93
         11
         41
        140
        122
          0
          0
         94
          0
         98
          0
        255
          0
         99
          0
        140
         32
          0
        185
          0
         40
          0
        255
        255
          0
         89
        102
          0
          0
          0
          0
          0
          0
         32
          0
          0
         33
          0
          0
        131
          0
          0
          0
        154
          0
        166
          0
         97
         56
          0
          4
         22
          0
         43
          0
          0
          0
        113
          0
          0
          0
          0
          0
         11
        134
          0
          0
         17
         86
         25
          0
        135
         36
          0
          0
          0
          0
         77
          0
          0
        255
         56
          0
        126
          0
         61
        255
        255
          0
         64
          0
         93
          0
          0
          0
          0
          0
        212
         46
          0
         92
          0
          0
         40
          0
        255
         47
          0
        169
          0
          0
          0
          0
          0
          0
          0
         59
          0
          0
          0
          0
        141
        100
          0
        171
          0
          0
          0
          0
        117
         40
        112
        133
        101
         73
         49
        161
         47
          0
        255
         39
          0
         95
         92
          0
         78
         80
          0
          0
         95
          0
          0
        255
         81
          0
        255
          0
          8
          0
         30
         76
          0
         87
          0
        110
         36
         92
        118
          0
         57
          0
        255
          0
          0
          0
          0
          0
          0
          0
          0
          0
         10
        126
          0
        255
        131
          0
        255
          0
         56
          0
         90
          0
          0
          0
          0
         81
          0
          0
          0
          0
        223
        136
          0
          0
          0
          0
          0
         62
          0
         79
         33
          0
        109
        255
        255
          0
          0
         79
          0
          0
          0
          0
          0
          0
          0
          0
         92
         60
          0
          0
         94
          0
        108
        121
          0
         59
          0
         71
        105
        238
          0
         31
          0
          0
        119
          0
        255
          0
          0
          0
          0
          0
          5
          0
         71
          0
        226
          0
          0
         71
        108
          0
         83
         64
        150
          0
        101
          0
          0
          0
         25
          0
         78
          0
          0
         54
          0
        255
        184
          0
          0
          0
          0
          0
          0
        254
        186
         64
        197
          0
          0
         56
         37
         14
          0
         27
          0
        183
        255
        255
         96
          0
          0
         50
          0
          0
        187
          0
        132
          0
        255
          0
        255
          0
          0
          0
          0
          0
          0
          2
        129
          0
          0
         98
          0
          0
        115
          0
          0
         21
          0
          0
         52
          0
          0
          0
          0
          0
          0
          0
          0
        255
        255
          0
        187
          0
        148
          0
         44
          0
         94
          0
          0
        111
          0
        134
        102
          0
          0
          0
          0
          0
          0
        110
          0
          0
          0
         97
          0
          0
         87
        182
          0
          0
          8
        255
          0
        106
          0
          0
          0
          0
          0
          0
          0
         24
         93
          0
         94
         87
         27
         35
         68
         98
        255
         65
        113
          0
          0
        255
         43
        200
          0
          0
          0
          0
          0
          0
         86
          0
        170
          0
          0
          0
        110
        126
          0
         22
          0
         92
         24
          0
          2
          0
          0
          0
        255
          0
          0
         44
        112
        255
          0
          0
        151
          0
          0
        255
          0
          0
          0
          0
          0
         30
          0
          0
          0
         76
         44
          0
         11
         86
          0
        133
         49
          0
          0
          0
          0
        199
          0
          0
        113
        168
          0
          0
        187
        172
          0
          0
          0
          0
        209
          0
          0
          0
          0
          0
          0
          0
         40
          0
         33
        111
          0
        106
         34
        115
          0
          0
          0
        130
          0
          0
         99
        185
         60
        231
        192
          0
          0
        255
          0
         90
          0
         66
          0
          0
        111
          0
          0
          0
          0
          0
          0
         55
          0
          0
         75
        117
          0
        106
        255
         46
          0
          0
         27
          0
          0
          0
          0
          0
         34
        255
        255
          0
          0
          0
          0
          0
         95
         35
          0
         42
          0
          0
        108
        133
          0
          0
        128
         28
        101
          0
         87
          0
         58
          0
          0
        255
          0
          0
        153
          0
          0
          0
        142
          0
        255
          0
         32
          0
          0
         77
         40
          0
         90
        107
        151
         56
          0
          0
          0
          0
          0
          0
          0
          0
        165
          0
          0
        255
          0
          0
         77
          0
          0
        104
        255
          0
         32
          0
        109
          0
          0
          0
          0
          0
          0
         18
         21
         87
        108
          0
          0
          0
          0
          0
          0
        128
        148
          0
        132
        168
          0
          0
          0
        151
          0
          0
          0
        104
          0
          0
          0
        181
          0
          0
         40
          8
         18
        170
          0
         84
         91
          0
         80
         19
        238
         39
        255
          0
         60
          0
          0
        255
          0
         36
          0
         32
          9
        255
        255
          0
         92
         94
          0
          0
          0
          0
        255
         45
          0
        168
          0
        137
          0
        109
         10
        127
        255
         48
        255
          0
          0
         27
          0
        129
          0
        168
          0
          0
         25
        255
          0
          0
          0
          0
          0
          0
         95
          0
        255
        103
        246
          0
          0
         37
          0
          0
         54
         11
        255
        252
          0
          0
          0
          0
          0
        229
          0
          0
          0
          0
          0
          0
        255
          0
        148
          0
        122
          0
          0
          0
          0
          0
         29
         76
          0
        101
          0
          0
         63
         51
         36
        217
        255
          0
        141
          0
          0
        153
          4
        142
        156
          0
          0
          0
          0
          0
        135
          0
         99
          0
          0
          0
          0
          1
          0
          0
          0
         97
          0
          0
        114
        119
          0
         16
         70
          0
          0
          0
          0
          0
          0
          0
        203
          0
         64
        144
        255
          0
          0
          0
        116
          0
         22
        164
          0
          0
        110
          0
          0
         15
          0
          0
        130
          0
          0
         54
        255
          0
        170
        154
          0
        255
          0
          0
         67
          0
        149
          0
          0
          0
         12
          0
        107
          0
         78
         86
          0
          0
        255
          0
          0
        106
          0
         72
        113
          0
          0
          0
          0
          0
          0
          0
         85
        191
          0
         69
         76
          0
         21
        255
          0
          0
          0
          0
         90
        139
          5
          6
        228
          0
         56
          0
          9
         82
          0
          0
          0
          0
          0
          0
          0
         78
          0
          0
          0
        255
          0
          0
          0
        103
          0
          0
          0
          0
          0
          0
         26
         14
          0
          1
          0
         35
          0
         23
        155
          0
         62
        134
         52
         77
          0
          0
        255
          4
         55
          0
          0
        255
         13
          0
          0
        148
         64
        255
        255
          0
        246
          0
          0
          0
          0
          0
          0
         54
          0
        124
          0
         86
         92
          0
         27
          0
          0
          0
        255
          0
        129
          0
          0
        182
          0
         72
          0
          0
         24
          0
          0
          0
        255
         13
         13
        134
          0
          3
          0
        100
         66
          0
          0
        110
         30
          0
         47
          0
          0
          0
          0
          0
         90
          0
          0
          0
          0
          0
          0
          0
         31
        255
        215
          0
          0
          0
         66
        172
          0
          0
          0
          0
        255
          0
        190
          0
          0
         10
         41
          0
        232
         91
        255
          0
        111
         78
          0
        225
         68
          0
          0
         92
          0
          0
        255
          0
          0
          0
          0
          0
          0
        255
          0
          0
          0
          0
          0
          0
          0
         32
         73
        152
          0
          0
          0
         23
          0
         45
          0
          0
         24
         44
          0
          0
          0
        255
        255
        255
        188
          0
          0
          0
          0
        195
        255
          0
          0
          0
          0
          0
          0
         82
        129
          0
          0
          0
          0
          3
        152
         21
        130
         76
          0
         67
          0
        105
         42
        255
          0
        255
          0
          0
          0
        128
          0
          0
         26
         91
          0
         49
          0
        111
          0
          0
        119
          0
        255
         54
          0
          0
          0
          0
          0
        254
          0
          0
          0
          0
          0
          0
        255
          0
          0
          0
        255
          0
         25
          0
          0
         57
        193
          0
        120
        109
          0
         32
        124
          0
         75
          0
          0
         70
         66
          0
         18
        186
        106
          0
          0
         90
         49
          0
          0
          0
          0
          0
        121
        167
         51
          0
        225
          0
        165
         73
         38
         80
         47
          0
         13
        162
        222
          0
        255
          0
          0
          0
         11
         24
          0
          0
         85
        125
        204
          0
        255
          0
        254
         48
          0
          0
          0
          0
          0
         19
          0
         44
          0
         82
          0
          0
         97
          0
        109
        233
          0
        255
        123
          0
          0
         51
         94
          0
          0
        124
          0
        255
          0
          0
          0
        106
          0
         65
          0
        255
          0
          0
          0
          0
         81
          0
          0
          0
         11
          0
          0
          0
        255
        252
        112
          0
          0
          0
         97
         98
          0
          0
         14
        178
        221
          0
         80
         91
        125
          5
          0
          0
          0
          0
          0
         63
          0
          0
          0
          0
         58
          0
          0
          0
        255
          0
         94
          0
         94
          8
          0
          0
         24
          0
          9
          0
        255
        255
          0
          0
          0
          0
         25
        255
          0
          0
          0
          0
          3
          0
         91
          0
          8
         76
        255
         72
        255
          0
         91
          0
         79
          0
          0
          3
         90
        118
          0
        255
        255
          0
          0
         11
        194
          0
          0
        178
        248
          0
          0
          0
          0
          0
          0
          0
        103
         20
          0
         85
          0
          0
         37
          0
          0
          0
         60
          0
        198
         79
          0
        255
        255
          0
          0
         36
          0
         50
          0
        205
          0
        102
          0
          0
          0
          0
          0
          0
         18
          0
        100
        222
          0
          0
         58
          0
          0
         25
          8
         13
        167
         43
         35
        255
        176
          0
          0
         64
         14
          0
         59
        190
          0
          4
          0
          0
          0
        114
          0
         22
         57
          0
         35
          0
          0
         63
          0
          0
        140
         68
         24
          0
          0
          0
          0
         81
          0
          0
         13
         28
          0
        106
        102
        201
          0
        109
          0
          0
        148
          0
          0
         19
        124
