         34
          0
          0
         36
        255
         33
          0
        124
        104
        255
          0
        183
          0
        115
          0
         81
        255
         77
          0
         69
        255
         54
          0
        246
          0
         51
        166
         88
          0
        191
          0
        186
         57
          0
        155
         14
          0
          0
          0
          0
          0
          0
          0
          0
         94
         62
          0
        119
          0
          0
         24
          0
        255
          0
         62
          0
        255
          0
          0
          0
        185
          0
        255
          0
          0
         70
          0
        127
          0
          0
          0
         19
         87
        174
        231
        130
         69
         36
        255
          0
        113
          0
          0
          0
        255
         72
          0
        255
        228
          0
          0
          0
        121
          0
        255
        255
          0
          0
          0
        121
        255
          0
        189
          0
         53
        213
        255
        158
          0
          0
        255
          0
         15
          0
          3
          0
          0
          0
          0
          0
        255
          0
         72
        100
         57
        185
        255
         58
          0
        129
        120
          0
        255
          0
          0
         91
          0
        255
          0
        146
          1
        127
        255
        171
          0
        169
          0
          0
        255
        204
         15
          0
        255
          0
          0
        153
        195
          0
        255
          0
          0
         20
          0
          0
          0
          0
        244
          0
          0
        227
          0
          0
         80
         71
        255
        139
          0
         64
         47
          0
        190
          0
         64
          0
          0
         34
        230
        126
        181
        255
        255
         93
         30
          0
          0
          0
          0
         51
          0
          0
         13
          0
          0
        106
          0
         54
        255
         19
          5
        143
         30
         42
        255
          0
         51
        144
        255
         43
          0
          0
        241
        234
        155
          0
        236
         76
          0
          0
        255
          0
          0
        172
          0
        255
        193
          0
          0
          0
          0
        153
        249
          0
         60
          0
          0
          0
        163
          0
          0
        131
          0
         71
        105
          0
          0
         66
          0
          0
          0
          0
          0
        119
          0
          0
          0
          0
        255
          0
          0
          0
        196
          6
        107
        153
          0
         34
        205
        165
        202
          0
          0
         36
          0
          0
          9
         64
          0
          0
         27
          0
          0
          0
        255
        183
         95
          0
          0
        249
          0
        186
          0
          7
          0
          0
        118
          0
          0
          0
          0
          0
          0
          0
          0
          0
          0
          0
         55
         97
          0
         17
          0
          0
          0
          0
        215
         23
        131
          0
          0
        255
        159
         99
         31
          0
          0
         58
         38
         25
          7
          0
        195
          0
        122
          0
          0
         12
          0
         30
          0
        255
         56
        118
          0
          0
          0
          0
          0
         50
         26
          0
          0
        255
          0
          0
        138
         18
        200
          0
        139
          0
          0
        130
        255
        240
        210
        213
          0
          0
          0
         81
          0
          0
          0
        142
          6
          0
          0
          0
          0
        179
         11
        118
          0
        115
         21
          0
         86
          0
        255
         20
        167
          0
          0
        126
        255
          0
          0
          0
         43
          0
        255
         38
         52
          0
        255
        109
          0
          0
          0
        204
        255
         79
          0
          0
         98
         34
          0
          0
         32
         12
          0
         60
        100
        226
          0
         10
          0
        225
        155
          0
        255
          0
        255
          0
        101
          0
          0
        255
          0
        255
          0
        175
        255
        150
         59
          0
          0
        255
         38
         61
        145
          0
        255
          0
          0
          0
         97
         90
          0
          0
        200
          0
        145
          2
          0
         46
        147
        255
          0
          0
          0
          0
          0
          0
          0
          0
         54
        142
          0
          0
          0
          5
          0
        123
          0
         34
        191
          0
          0
         81
          0
          0
          0
         95
        118
         30
         41
         16
          0
          0
          0
          0
         86
          0
          0
          0
          0
        182
          0
          0
          0
         89
        153
          0
          0
          0
         13
          0
        157
         72
          0
          0
         14
        173
        148
         40
         12
         70
        197
          0
         87
          0
          0
          0
          0
          0
          0
          0
        255
          0
         90
         47
         85
          0
          0
          0
         73
         28
        255
          0
          0
        205
         84
          0
          0
          0
        147
          0
         17
          0
          0
        108
          0
          9
          0
        107
          0
         80
        237
          4
        174
          0
          0
         71
          0
        255
          0
          0
          0
          0
          0
          0
        255
         12
         10
          0
          4
        239
          0
          0
          0
        159
        131
         95
        100
        191
        228
        134
        212
          0
          0
          0
          0
         13
         17
          0
         12
         38
          0
        167
          0
          0
          0
          0
        142
          0
         23
          0
          0
        244
          0
          0
          0
        157
        255
         50
          0
          5
          0
          0
          0
          0
         30
        255
          0
          0
        132
          0
        209
         50
        149
         10
        209
        104
          0
          0
        255
         89
          0
          0
        255
          0
          0
          4
          0
          0
          0
         36
        140
         57
          0
         68
        118
          0
        252
        181
         85
         16
         32
          0
        135
        242
          0
         69
        239
         65
          0
        140
         42
        143
         80
         22
          0
          3
          0
         23
         19
         56
          0
          0
          0
        255
        255
          0
         51
          0
          0
        185
          0
         67
          0
         11
          0
          0
        255
         94
        161
          0
          0
         85
          0
         33
          0
          9
          0
          2
         88
         46
         51
        160
          0
          0
         40
        119
         93
          0
          0
        255
          0
        255
        255
          0
         29
          0
          0
          0
         49
          0
          0
        123
          0
         84
         27
          0
          0
         45
          0
          0
          0
          0
        103
          4
        255
          0
        201
          0
          0
        159
        174
          0
          0
         53
          0
          0
          0
          0
         74
          0
         34
          0
        109
        179
          0
          0
        255
          0
          0
          0
        255
         90
        137
        103
          0
         77
         60
          0
          0
         54
          0
         45
        127
          0
          0
          0
        255
          0
         10
         34
        175
        252
         27
          1
          0
         29
        255
          0
        110
          0
          0
          0
        255
         21
        120
         34
        211
          0
          0
          0
        120
        255
        255
        255
          0
          0
          0
        197
        255
         94
        145
          0
          0
          0
          0
         54
          0
          0
        255
          0
         76
         40
         46
        197
        255
          0
         72
          0
          0
          0
        128
          0
         73
          0
          0
         66
          0
        101
          0
        131
        210
          4
          0
          0
          0
        131
        147
          0
        214
         70
          0
         16
          0
          0
          0
        137
          0
          0
          0
        255
          0
        112
          0
          0
          0
        188
        255
        108
          0
        116
          0
          0
        255
          0
          0
          0
          0
        180
          0
          0
         85
         28
          0
          0
          0
          0
          0
          0
          0
          0
          0
          0
          0
          0
          0
          0
         61
         79
        255
        172
         37
          0
          0
          0
        255
        143
          0
          0
         46
          0
        183
        126
        138
         44
          0
         18
        247
        131
         77
         56
          0
          0
          0
          0
          0
          0
          0
          0
         74
          0
        255
          0
          0
          0
          0
          0
        252
          0
          0
          0
         34
          0
         12
          0
        162
        157
          0
         68
         54
         16
          0
        100
          0
          0
          0
        133
          0
          0
          0
          0
         43
          0
        255
          0
          0
         97
        238
          0
          0
        165
         34
          0
        128
          0
          0
        170
        255
        165
          0
          0
         84
          0
          0
        109
          0
          0
          0
        254
          1
          9
        255
          0
          0
          0
          0
        196
         53
          0
          5
          0
          0
          0
          0
        102
         64
          0
         91
          0
        162
          0
          0
          0
        160
         20
         20
          0
        255
        207
          0
          0
         43
        114
        245
          0
          0
          0
          0
          0
        224
          0
        255
          0
        255
         56
        151
          0
         75
          0
        100
          0
        226
        169
          0
          0
         36
        107
          0
         73
        132
          0
          3
          0
          0
        135
          0
         29
        134
        176
        255
          0
          0
          0
          0
         32
        255
         61
          0
          0
          0
        255
         53
          0
        128
        102
        255
          0
         74
        103
          0
        112
        255
          0
         34
        115
        255
         83
          0
          0
         47
        169
          0
          0
          0
          0
          0
        255
        255
          0
          0
          0
          0
          0
        159
          0
         46
         58
        204
          0
          0
          0
          0
        130
          0
        239
          0
          0
        216
          0
          0
          0
         58
          0
        255
        235
        217
          0
         20
          0
         86
          0
          0
          0
         99
          0
        106
        199
          0
         30
          0
          0
          0
          0
          0
          0
        124
          0
          0
          0
        150
          0
          0
          0
         71
          0
        207
        105
          0
          0
         12
        174
          0
          0
          0
        205
          0
        137
         79
          0
        114
         99
          0
          0
          0
          0
         34
         57
          0
          0
        176
          0
          0
          0
        127
          0
         82
         38
        255
         41
          0
        224
          0
        108
          0
        175
          0
         30
         91
        255
        200
          0
         88
         33
          4
          0
          0
         61
        110
         74
          0
         82
        177
          0
          0
        139
          0
         42
          0
          0
        255
         69
          0
        160
          0
        126
          0
        165
          0
          0
        197
          0
          0
         94
        215
          0
          0
         99
        176
          0
          0
        163
          0
          0
         40
          0
         67
         42
          0
          0
        181
        233
          0
         94
        119
          0
          0
         56
        255
         99
          0
          0
         88
          0
        115
        188
        255
        119
        166
          0
         24
          0
         79
         72
        255
         49
          0
          0
          0
         70
        191
          0
          0
          0
          0
          0
          0
          0
          0
        213
          0
          0
          0
          0
        146
          0
        161
         73
        120
          0
          0
          0
          0
          0
          0
        188
          0
          0
        120
          0
          0
         72
          0
        173
          0
          0
        255
          0
        238
          0
          0
        240
        251
          3
          0
          0
          0
          0
         31
          0
          0
        179
        255
          0
          0
          0
         63
        189
          2
          0
         32
          0
         99
        108
          0
          0
          0
         50
          0
          0
          0
          0
          0
          0
        255
          0
        177
          0
          0
        255
          0
          8
        223
        102
        255
          0
         62
          0
         96
         14
          0
        228
        145
        255
          0
          0
         11
          8
         48
        139
        154
        215
          0
          0
          0
        218
          0
        103
         58
          0
        175
        157
         29
        171
         76
         61
        255
          0
        254
          0
          0
        122
          0
          0
          0
          0
          8
         54
        221
          0
        185
          0
        255
          0
        144
          0
        255
          0
          0
          0
        220
         87
          0
        163
        216
         52
        197
         38
        255
          0
          0
          0
          0
        173
          0
          0
        151
          0
          0
          0
          0
         99
          0
          0
          0
          0
          0
          0
          0
          0
          0
          7
         98
          7
        109
        183
          0
          0
        172
         46
         76
          0
        152
          0
          0
        100
          0
          0
         57
          0
        128
          0
        151
          5
          0
        217
        255
        255
          0
         71
        255
        255
          0
          0
         83
          0
          0
          0
          0
          0
          0
          0
          0
        132
        230
          0
          0
        138
          0
          0
        199
          0
        127
         78
        154
        108
        133
        255
          0
        216
          9
          0
          0
         95
          0
         35
         11
         39
        116
          0
         68
          0
          0
          0
         71
         28
         61
         47
         41
          0
        255
         26
        163
          0
        171
         38
          0
          0
         35
         50
          0
          0
          0
          0
         37
        191
         92
          0
          0
          0
         97
        240
          0
        143
        244
          0
        255
        239
          0
          0
         56
         77
          0
          0
          0
          0
        237
        163
          0
        171
          0
          0
          0
          0
          0
        255
        220
        116
        255
        124
         79
          0
         45
         22
        114
          0
          0
          0
        107
          0
          0
          0
         97
          0
          0
         76
          0
          0
         75
          0
          0
        117
          0
        171
          0
        228
          0
         54
          0
         90
          0
          0
          0
          0
          0
          7
        147
        170
        132
          0
        255
        170
        255
        168
          0
          0
          0
         51
        181
        255
          0
         89
          0
        123
        230
         14
        255
          0
          0
          0
          0
        201
          0
         44
        142
          0
         51
          0
        123
         78
        128
         50
        255
         67
        125
          0
          0
          2
         46
        189
          0
          0
          0
         70
          0
          0
          0
        255
          0
          0
        205
          0
          0
          0
          0
          0
         41
          0
          0
          0
        234
        189
         51
         70
        255
          0
          0
          0
         94
         30
        251
         42
          0
        101
          0
          0
         51
        127
         31
        119
        255
        181
        103
          0
        163
          0
          0
          0
          0
          0
         73
          0
          0
        178
          0
        127
          0
          0
        255
          0
        112
          0
        239
          0
          0
         14
         16
          0
        139
          0
         74
         32
          0
        160
          0
        255
        194
          4
          0
          0
          0
          0
          0
          0
          0
          0
         18
        177
        255
          0
         51
          0
          0
          0
          0
          0
         19
          0
         72
        132
        167
        169
          7
          0
        255
        176
          0
         30
          0
          0
        255
          4
        123
         68
        142
        188
        238
          0
          0
          0
          0
          0
        255
         52
         24
        155
         80
         53
         10
         31
        255
         12
        244
          0
          0
        224
          0
         53
          0
          0
          0
         90
          0
          0
        189
          0
          0
          0
          0
        174
        198
          0
          0
          0
          0
         22
          0
          0
          0
          0
         47
         22
          0
          0
          0
         64
         75
         84
          0
          0
          0
          0
         14
          0
          0
          0
        108
          0
          0
          0
        111
         32
         68
          0
          0
          0
          0
         94
         81
        160
          0
          0
         11
         76
        205
          0
          0
          0
          0
          0
          0
          0
          0
          0
          0
        138
          0
         17
        120
          0
         74
          0
        136
        211
          0
          0
        171
          0
          0
        108
          0
          0
          0
          0
         73
        255
        255
        144
         82
          0
          0
          0
          0
          0
          0
          0
        255
         55
        251
        111
         94
          0
         25
         50
          0
         48
        100
          0
          0
          0
          0
        172
          0
          0
        110
        244
         24
        176
          0
        160
          0
          0
          0
        255
          0
          0
          0
          0
          0
          0
          6
        154
         56
        202
          0
          0
        187
          0
          0
         65
          0
          0
          0
          0
          0
          0
          0
          0
         17
         56
        255
          7
         53
          0
         59
          0
          0
        232
          0
          0
        255
        231
        255
         58
        129
          0
          0
          0
         98
        150
        158
          0
          0
          0
          0
        188
        134
          0
          0
          0
        202
          0
        201
         20
         58
          0
        241
          0
          0
        125
          0
          0
          0
        184
          0
         85
          0
          0
          0
         48
          0
        127
          0
          0
        255
          0
          0
          4
          0
          0
          0
          0
          0
        201
         76
        153
        255
          0
        172
          0
         37
         25
