          0
          0
        255
          0
          0
          0
        208
        255
        106
          0
          0
          0
        112
          0
          0
        145
          0
        193
        108
          0
         93
          4
         88
          0
          0
          0
          0
         20
          0
         49
        255
        151
          0
          0
        255
        120
          0
          0
        239
        191
         81
          0
          0
          0
         57
        119
          0
         12
          0
        145
          0
          0
         90
          8
         31
        255
          0
        215
         18
          0
         17
         36
        255
          0
          0
          0
        255
        104
        142
          0
          0
        207
         30
          0
          0
          0
        144
         23
          1
          0
          0
          0
        173
          0
          0
         13
          0
        255
         69
          0
         73
          0
          0
         83
        139
         39
         46
          0
         78
         50
        206
          0
        202
          0
          0
          4
          0
          0
        126
         21
          0
          0
          0
          0
         43
          0
          0
          0
          0
          0
          0
        223
          0
          0
        115
        111
        255
          0
          0
        158
          0
         40
        183
          0
          0
        255
          0
          0
          0
          0
        156
         36
          0
         16
         14
        105
        114
         27
         87
         24
        115
        255
          0
         68
          0
        114
        204
         76
        255
          0
          0
          0
          0
         34
          0
          0
        125
          0
         47
          0
          0
          0
        168
         22
          0
        108
          0
          0
          0
        165
          0
         36
         28
        174
         90
          0
          0
          0
        228
        120
          0
        151
          0
          0
        183
         96
        204
          0
        197
        230
          1
          0
          0
         71
        114
         72
          0
         52
          0
          0
          0
         51
          0
          9
          0
        255
          0
        255
        255
          0
          0
         72
        236
         21
          0
        136
          0
        169
          0
         76
        118
        191
          0
          0
          0
          0
        149
        127
          0
          0
        255
          0
         36
        144
          0
          0
          0
        255
         92
          0
          0
        110
         14
          0
          1
         54
          0
         65
          0
          0
          0
        189
          0
          0
          0
          0
          0
          0
          0
          0
          0
         80
          0
         83
         65
          0
          0
          0
        117
        255
          0
        255
          0
         33
          0
          0
        255
        155
          0
        133
          0
        125
          0
          0
          0
          0
         93
          0
         27
          0
          0
         85
          0
        144
          0
         42
          0
        146
          0
          0
         44
          0
        255
          0
          0
        105
          0
          0
        147
        163
          0
          0
         49
        178
        255
        177
          0
          0
        140
          0
          0
          0
         83
          0
          0
        188
          0
          0
        119
          0
          0
          0
         25
        255
        255
          0
        153
         56
          0
         91
          0
         60
         46
          0
        255
          0
         80
         30
        152
         13
        170
         62
          0
          0
         79
        116
        143
          0
        255
          0
        234
        193
          0
          0
         81
          0
        110
        153
         36
        102
        236
          0
         49
          0
          0
        128
        255
        196
        242
          0
        186
          0
          0
          0
          0
        124
          0
          0
         10
          0
          0
          0
          0
         57
         18
          0
          0
          0
          0
        122
          0
          0
          0
          0
         55
          0
         10
          0
        195
         49
        125
          0
        215
        180
        174
        239
         19
          0
        163
         79
        255
         15
         55
        137
         87
          0
          0
          0
        135
        255
        116
          0
         89
          0
          0
         51
          0
          0
          0
          0
          0
        136
        255
          0
          0
        255
         80
        136
          0
          0
        146
         29
          0
          0
          0
        181
          0
          0
          0
         87
          0
          0
        148
         18
         19
          0
          0
         65
        219
         48
          0
         92
          0
        183
          0
        151
          0
          0
        166
        118
          0
        130
        104
         70
         14
         35
          0
          0
         45
          0
          0
          0
         46
        255
        217
          0
        255
         51
          0
          0
          0
          0
          0
          0
          0
          0
          0
          0
          6
        255
          0
          0
          0
          0
         36
          0
          0
          0
          0
          0
        156
         59
         79
          0
          0
        215
          0
          0
        255
         61
          0
          0
        255
          0
          0
          0
        150
        155
         60
         17
          0
        160
          0
        255
          0
          0
         87
          0
          0
        120
          0
          0
          0
        102
         42
         72
          0
          0
          0
          0
          0
          0
          7
          0
          0
         14
          0
          0
          0
        104
        212
        189
          0
        255
          0
          0
          0
        157
         89
          0
        217
          0
          0
        205
         35
        138
          4
          0
         29
        255
        153
        130
         72
        117
          0
          0
          0
          0
          0
          0
        255
          0
        177
          0
          0
          0
          0
          0
         84
          0
         43
          0
          0
          0
          0
        209
         86
          0
          0
          0
        136
          0
        152
         12
         12
         90
          0
          0
        158
          0
          0
         99
        212
          0
          0
          0
          0
        255
          0
        255
          0
         83
        131
          0
          0
          0
        255
        158
          0
          0
         95
         98
          0
          0
          0
        255
        195
          0
          0
          0
          0
         16
          0
        109
          0
        142
          0
          0
          0
          0
          0
          0
        114
          0
         75
        114
          0
          0
        255
        244
          0
          0
          0
          0
        133
          0
        177
        230
         62
          0
          0
          0
        255
          0
          0
          0
          0
        183
          0
          0
          0
          0
        172
        255
          0
          0
         78
        113
          0
        135
        255
          0
          0
          0
          0
          0
          0
          5
          0
        248
          0
          0
         16
          0
         63
          0
         73
         82
          0
        147
          0
        148
          0
        149
          0
        123
          0
          0
         36
          0
          0
         91
          0
          0
          0
         83
         26
          0
          2
         58
          0
          0
        100
         87
        146
          0
          0
         30
          0
         48
          0
          0
        239
         95
          0
          0
          0
        255
          0
          0
          0
          0
        151
          0
        255
         42
        104
          0
         88
          0
          0
          0
          0
          0
          0
         42
        171
          0
        247
          0
         28
          0
         13
        207
          0
          0
          0
          0
        151
          0
          0
          0
          0
          0
          0
          0
          0
         78
          0
          0
          0
          0
          0
          0
         93
         47
          0
          0
        221
        129
          0
          0
        109
          0
          0
        107
        255
          0
          0
          0
        155
        111
          0
          0
        145
          0
        128
          0
          0
          0
        181
        141
          0
         81
         84
          0
        134
          0
          0
         87
          0
         65
         59
          0
          0
         19
        255
        177
          8
          0
          0
         97
        108
          0
          0
         74
          0
         69
        230
          0
          0
          0
        159
        139
         20
          0
         40
        255
         67
        190
          0
          0
          0
         72
        255
          0
        112
          0
          0
          0
          0
          0
        218
          0
          0
        255
          0
        139
        157
         52
         46
          0
          0
        251
        205
         93
          0
        116
          0
         68
          0
          0
          0
          0
          0
          0
         95
          0
         85
         46
         21
        164
          0
          0
          0
          0
         76
          0
        146
          0
        144
         50
        151
        169
          0
          0
         70
        145
         21
        114
         56
          0
          0
          0
        122
        113
        222
          0
        255
          0
          0
          0
          0
          0
          0
          0
          0
          0
          0
          0
          0
          0
         68
          0
          0
        179
        255
        255
          0
          0
         16
          0
         90
          0
        192
          0
         25
          0
          0
         46
        222
          0
          0
          0
          0
          0
          0
        117
         19
        139
         87
         10
        157
          0
          0
          0
          0
          0
          0
          0
          0
        186
          0
          0
          0
         90
        255
          0
        255
          0
          0
        130
          0
          0
          0
          0
          0
          0
        210
         40
          0
          0
        170
        199
          0
          0
          0
          0
          0
         75
          0
          0
         24
          0
          0
          0
        116
         90
          0
         40
          0
          0
        197
          0
         90
         11
          0
          0
         16
        139
          0
          0
        222
         71
          0
          0
          0
          0
        101
        109
         29
          0
          0
          0
        127
          0
         88
          0
          0
          0
        255
          0
        255
         82
          0
          0
          0
          0
          0
          0
          0
         41
          0
          0
          0
          0
         76
          0
          0
          0
         47
         93
          0
          0
          0
          0
          0
          0
          0
         71
          0
        188
        159
        255
        113
          0
          0
          0
          0
        111
          0
          0
         84
        143
         77
          0
          0
          0
          0
        255
          0
          0
         86
        103
          0
        212
        255
        202
          0
         27
          0
          0
          0
          0
        177
          0
         87
          0
         36
         14
         96
          0
          0
         78
        255
        174
        185
        195
          0
         62
         30
          0
          0
          0
        122
         46
          4
        187
          8
        255
        215
          0
          3
          0
         20
          0
          0
         47
        161
          0
          0
         40
          0
         34
         56
         94
          0
          0
          0
          0
          0
          8
        122
          0
          0
          0
        130
         83
        118
        184
          0
        254
          0
          0
          0
          0
          0
        255
         54
        255
          0
          0
          0
         54
         84
          0
         13
          0
          0
          0
        217
          0
          0
         48
         83
          0
          0
          0
        120
         91
        217
          0
          0
         43
        214
        108
          0
         37
        122
          0
         59
        121
          0
         84
          0
         28
        157
          0
          0
          0
          0
        158
          0
        115
          0
        226
          0
          0
         77
         20
          0
          0
          0
          0
          0
        242
        132
        153
          0
          0
         34
          0
          0
          0
          0
          0
          0
         13
          0
          0
          0
          0
          0
          0
        224
          0
          6
          0
          0
        255
        144
        161
          0
          0
        101
          0
          0
          0
          0
        177
         96
          0
         58
        145
          0
          0
        255
         38
          0
          0
        223
         11
         68
          0
        255
          0
          0
          0
         19
          0
          0
         86
          0
          0
        104
         80
        210
        180
          0
        229
        196
        108
         57
          0
          0
         96
          0
          9
          0
        118
          0
          0
          0
         12
          0
          0
          0
        148
          0
         88
         57
         71
          0
          0
          0
          0
         44
          0
        156
          0
        255
        249
          0
         10
          0
          0
         29
          8
        255
          0
          0
          0
          9
         29
        196
          0
        113
          0
        255
          0
        243
          3
          0
          0
          0
          0
        153
          0
         76
          0
         67
          0
          0
          0
          0
          0
          0
          0
          0
          0
        211
          0
          0
          0
          0
         81
          0
         90
          0
          6
         64
        162
        236
        152
          0
        171
          0
          0
          0
          0
          0
          0
         73
          0
          0
          0
        194
          0
          0
         93
          0
        255
          0
        255
          0
          0
          0
          0
        255
          0
          0
          0
         94
        197
          0
         16
          0
          0
          0
         78
          0
          0
          5
          0
        213
          0
          0
          7
          0
        166
         26
          0
         63
        255
        101
         95
          0
         67
          0
         99
        162
          0
          0
         34
          0
          0
          0
          3
        199
          0
          0
          0
          0
        122
          9
        104
         22
         48
          0
        255
          0
         62
          0
        104
          0
          0
         74
          0
          0
          0
          0
          0
        225
          0
          0
          0
        255
        148
        100
        100
          0
          0
          0
          0
        104
          0
          9
          0
          0
          0
          0
          0
          0
          0
          0
          0
          0
        255
        227
        211
        234
        114
          0
         86
          0
         19
         38
          6
          0
         51
          0
         74
          7
         55
          0
          0
          0
         80
        180
          0
          0
          0
         58
          0
        230
         18
          0
         79
        106
        255
          0
          0
          0
          0
          0
        115
        255
          0
          0
          0
         90
          0
          0
        202
        132
          0
        133
          0
          0
          0
          0
          0
          0
          0
          0
        205
        166
         39
          0
          0
          0
        255
          0
          0
          0
          0
          0
        132
          0
          0
          0
         28
        255
        168
          0
          0
          0
          0
          0
          0
          0
         58
          0
          0
          0
          0
          0
          2
          0
          0
          0
          0
          0
        187
        199
        249
          0
          0
          0
          0
        255
         75
          0
          0
          0
        184
          0
          0
         93
          0
          0
          0
          0
          0
          0
          0
         65
          0
          6
          0
         83
        115
         47
        114
          0
        170
        207
          0
          0
          0
         73
        110
        180
          0
          0
        136
          0
        166
          0
          0
          0
        181
        163
          0
          0
          0
         90
          0
          0
          0
        255
          0
        124
        138
          0
          0
          0
          9
        184
        255
          0
        102
         86
         83
          0
          0
          0
          0
          0
          0
          0
        112
          0
        186
        162
          0
         14
         38
          0
          0
        156
          0
          0
        212
        242
        181
         26
          0
          0
          0
        244
         20
          0
          0
          0
          0
        175
         30
        150
          0
        151
          0
          0
          0
          0
          0
          0
          0
          0
        108
         45
        120
        116
          0
        255
          0
        114
        152
          0
          0
          0
        183
        233
          0
          0
          0
        200
         97
          0
          0
          0
          0
          0
        107
         19
         53
          0
          0
          0
          0
         53
          0
          4
          0
          0
        148
          0
        243
         77
          0
          0
          0
          0
          0
         58
          0
        221
        105
         24
          0
        255
          0
          0
          0
        179
        103
          0
        229
          0
         91
        104
          0
          0
          0
          0
         36
          0
          0
          0
          0
        116
          0
          0
          0
         44
        255
          0
          0
          0
         35
          0
          0
         62
          0
          0
          0
         92
          4
         77
          0
        146
        199
        101
          0
         67
          0
        165
         81
        255
          0
          0
          0
        177
        143
          0
          0
          0
         48
          0
          0
          0
          0
        255
        119
          0
          0
          0
          0
          0
         16
         96
         38
          0
        175
         95
         18
         90
          0
          0
         33
        255
          0
          0
          0
        108
          0
         63
          0
         32
        148
        107
        255
          0
          0
        219
          0
          0
          0
         19
         33
          0
          0
         30
         15
          0
        138
         88
          0
        104
          0
          0
          0
         72
        191
          5
        177
         94
          0
         30
         85
         78
          0
        216
          0
          0
          0
        188
          0
          0
          0
          0
         77
          0
          0
         79
         44
          0
        111
        150
          0
        149
          0
          0
         55
        111
        211
          0
        159
        186
          0
          0
          0
         38
        255
          0
        203
          0
          0
        160
          0
          0
          0
         28
         17
          0
         60
        132
        194
          0
          0
        170
          0
         10
         11
        145
         46
          0
          0
        255
        175
         81
          0
          2
          0
         27
         14
          0
        104
          0
          0
          0
         27
          0
          0
          0
          0
         91
         32
          2
          0
        220
          0
          0
          0
         32
          4
          0
         39
          0
          0
          0
        236
        170
          0
         38
          0
         22
        255
        255
          0
          0
          0
        195
         74
          0
          0
          0
          0
        255
          0
         37
         40
          0
          0
          0
          0
          0
          0
         84
         19
         20
          0
        156
          0
         20
         14
         42
          0
        115
          0
        186
        193
          0
        107
          0
         56
          0
          0
