        100
         40
          0
         98
        243
         29
         32
         83
          0
        229
         65
          0
          0
          0
          0
        136
         47
          0
          0
          0
          0
         48
          0
         47
         73
          0
        103
          0
          0
         49
          0
        170
          0
         13
          0
         67
        175
          0
         10
          0
          0
          3
         17
          0
         77
          0
          0
          0
         72
         19
         46
         75
         26
          0
          0
          2
          0
        113
          0
         66
          0
          0
          0
        131
        104
          0
          4
        129
        169
          0
          0
        116
         96
         75
         10
          0
          0
          0
          0
          0
         55
        149
         88
         65
         90
          0
          0
          0
          0
         78
        138
        100
        113
          0
          0
        190
          0
         10
          0
          0
        157
          0
          0
          0
          0
          0
          2
          0
          2
          0
          0
          0
          0
        209
         26
        135
         35
          0
        189
          0
          0
          0
          0
         15
          0
          0
          0
        121
         52
        128
          0
          0
          0
          0
          0
         34
          0
         65
          0
          0
          0
          0
          0
          0
          0
          0
          0
        189
          0
          0
          0
        137
          0
          0
        115
          0
         98
        118
          0
        146
          0
          0
          0
          0
        134
          0
        114
         37
          0
          0
         30
          0
          0
          0
        155
          0
          0
        128
          0
        140
        223
          0
          0
          0
         21
          0
         81
         39
          0
        128
        255
        108
          0
          0
         15
        110
        216
          0
          0
          0
          8
        216
          0
          0
          0
         43
          0
          0
          0
         17
         69
          0
        223
         22
          0
          0
          0
         23
         88
         23
          0
          8
        255
         68
          0
          0
          0
          0
         36
         47
          0
          0
         20
         19
         32
         10
        255
          0
          0
        255
         15
         94
          5
        224
        202
          0
          0
         48
          0
        109
        122
         86
         47
          0
        255
        100
          0
          0
          0
          0
        204
          0
          0
          0
          0
          0
          0
          0
          0
         95
        197
        255
        148
          0
          0
        182
          0
          0
        202
         62
          0
         20
        131
          0
          0
         89
        255
        154
         14
        157
          0
         64
          0
          0
        100
        133
          0
        113
         69
          0
          0
          0
         99
        100
          0
        222
          0
          0
        207
          1
          0
          0
          0
         84
        117
          0
          0
         41
          0
        101
         57
          0
          0
        122
         79
          0
         99
        133
          4
        210
         58
         80
          0
          0
        130
          0
          0
        167
          0
        172
        147
          0
          0
          0
         34
          0
        107
         67
          0
        143
        255
         39
          0
        156
          0
          3
        237
          0
         60
        168
          0
          0
          0
         73
        255
          0
         96
          0
          0
         78
          0
        178
        209
          0
          0
        110
          0
        122
          0
         78
          0
          0
          0
         53
          0
         11
          0
          0
        145
          0
         47
          0
         78
          0
          0
          0
          0
          0
         69
          0
          0
        222
          0
         73
          0
          0
        173
        117
          0
        113
          0
          0
         92
         52
        239
        162
          0
        155
          0
        101
          2
          0
         63
          0
          0
          0
          0
          0
          0
          0
          0
          0
          0
        161
          0
        245
          0
         53
          0
          0
          0
         88
        141
          0
          0
        150
        180
         61
          0
         36
        144
         32
        152
          0
          0
          0
         72
          0
         42
          0
        255
          0
          2
        225
          0
         45
         65
          0
          0
          0
          0
          0
          0
         45
        117
          0
          0
         81
        255
        116
          0
         94
          0
         48
         72
         11
          0
         17
          0
          0
          0
          0
        255
          0
        107
          0
          0
        108
          0
          0
        123
          0
        183
          0
          0
         23
         37
          0
          0
         64
        255
         41
