          0
        134
          0
          0
          0
          0
          0
          0
        105
          0
          0
         34
          0
          0
          0
          6
          0
         34
          0
         80
        140
        147
          0
         95
          0
        177
        255
         40
          0
          0
          0
         45
          0
          0
          0
          0
        160
          0
          0
          0
        195
          0
          0
        230
        255
          0
          0
         31
        163
         42
          0
          0
        216
         76
          0
          0
          0
          0
        211
        197
          0
         82
        207
         40
         78
        255
         52
          0
          0
         29
         70
          0
        125
          0
          0
          0
          0
        174
          0
         61
        144
         44
         14
          0
         56
        125
          0
          0
         60
          0
        112
          0
          0
          0
        164
        149
          0
          0
         69
          0
          0
         12
          0
          0
        126
          0
         54
          0
          0
          0
          0
          0
         64
         41
          2
          0
        145
        138
          0
          0
          0
          0
        255
          0
          7
         55
          0
          0
          0
         61
        119
          0
          0
          0
         50
        133
          0
         79
          0
          0
        128
        100
          0
          0
         66
         24
          0
          0
        207
          0
         76
          0
          0
         38
          0
        133
         55
          0
        255
          0
        118
          0
          0
          0
          0
          0
          0
        255
          0
        255
        233
         15
        255
          0
          0
          0
          0
          0
         94
          0
          0
        112
          0
          0
          0
         49
          0
         38
         50
         70
        255
          0
        255
          0
         63
        197
          0
          0
          0
        255
        178
          8
        186
        156
        255
          0
          0
          0
        146
          0
          0
          9
         94
        144
         37
        255
          0
          0
          0
          0
          0
        220
         68
         70
          0
          0
         38
          0
          0
         24
          0
         63
         63
        255
          0
          0
         32
        148
        126
          0
          8
          0
         68
          0
        169
          0
          0
          0
         16
          0
         38
          7
         40
        166
        255
        128
        255
          0
          0
        178
         12
          0
          0
          0
          0
         91
        255
          0
          0
        124
         59
         73
          0
          0
          0
          9
          0
          0
          0
        255
          6
         83
          0
          0
         94
          0
        255
          0
          0
          0
         62
          0
          0
         33
          0
          0
          0
          0
          0
        201
          0
          0
          0
          0
         50
          0
          9
          0
         76
          0
         69
        255
          0
         74
        251
          0
         24
        132
          0
          0
        255
          0
         95
          0
          0
          0
          0
         71
        191
          0
        255
          0
          0
        180
          4
          5
          0
        161
          0
         17
        169
        123
         85
        255
          0
        147
         10
        245
          0
        148
        226
          0
          0
          0
         79
          0
          0
         17
        255
          0
          0
          0
          0
          0
        111
          0
          0
        201
         59
          0
         84
        129
        198
        139
         19
          0
          0
         67
          0
         46
          0
         48
        186
        102
        255
          0
         81
          0
        130
         20
        184
        128
          0
          0
        213
          0
          0
          0
         26
          0
          0
          0
          0
          0
         95
          0
          0
        255
         17
         29
          0
          0
        206
        195
          0
         76
          0
          0
         90
          0
         37
          8
         41
          0
        189
          0
          0
        255
          0
         22
          0
          0
         16
        147
        102
          0
          0
          0
          0
        255
         14
         10
          0
          1
          0
          0
        255
          0
          0
        255
          0
          0
          0
         19
          0
          0
        125
          0
          0
          0
          0
          0
          0
          0
         18
         74
         11
          0
          0
          0
         96
          0
         31
          0
          0
          0
          0
        213
          0
          0
          0
          0
         27
         56
          0
         16
        255
        123
        160
          0
         42
          0
          0
         65
         99
          0
         78
        163
         12
         63
         75
          0
          0
          0
         11
          0
          0
         51
          0
         71
          0
         17
