          0
          0
          0
          0
          0
          0
          0
          0
        255
         91
          0
          1
         69
          0
         48
          0
        167
          0
          0
         61
        187
         38
          0
          0
         23
          0
         80
          0
          0
          0
          0
        156
          0
          0
          1
        122
          0
          0
        204
          0
          0
          0
          0
          0
         29
          0
         10
        214
         77
        253
          0
          0
        164
          0
          0
        190
          0
          0
          0
          0
        156
         59
          0
        143
         59
        113
          0
          0
          0
          0
          0
         49
          0
         29
          0
          0
          0
        129
          0
          0
        136
          0
          0
         97
        114
          0
          0
          0
          9
        152
          0
          0
          0
         82
          0
        149
          0
          0
          0
         52
          0
         86
          0
          0
        212
          0
        156
         17
          0
          0
          0
          0
          0
          0
         37
         17
          0
          0
          0
        164
          0
          0
         11
          0
          0
          0
         69
          0
         54
          0
        111
          0
          0
          0
          0
          0
        255
        207
          0
        101
        133
          0
          0
          0
          0
          0
          0
          0
          0
         17
        109
        198
         49
          0
          0
        133
        147
         79
          0
        161
          0
        169
          0
          0
          0
          0
        116
        255
          0
          0
          0
          0
         94
        106
        115
          0
        188
         65
          0
          0
          0
          0
        139
        106
          0
         98
          0
        108
          0
         53
          5
          0
         50
          0
          0
          0
          0
        255
          0
        171
         88
          0
         25
          0
         96
        100
        112
        255
          0
        165
          0
         62
          0
          0
         29
          0
          0
          0
          0
        217
          0
          0
          0
          0
          0
        230
          0
          1
          0
         45
          0
          0
        207
          0
         67
         27
          0
          0
        129
          0
         62
        255
          0
          0
          0
          0
          0
         47
          0
          0
          7
         15
          0
        122
          0
         23
         11
          0
        160
          0
          0
         43
         91
        121
        255
        165
          0
          0
        112
          0
          0
        255
          0
          0
          0
         49
          0
         49
          0
          0
         89
          0
          0
        122
         99
        122
        255
          0
          0
        115
         70
          7
          0
        137
          0
          4
         40
          0
        159
          0
        161
          0
        142
        140
          0
          0
          0
          0
          0
          0
          0
         20
        103
          0
          0
         46
        173
         60
        255
         12
          0
          0
          0
          0
         94
          0
        163
          0
          0
          0
        153
          1
        134
        117
          0
        128
        142
          0
          0
          0
          0
          0
          0
          0
         58
        193
          0
        169
          0
          0
        173
         66
          0
          0
          0
          0
          0
         84
          0
          0
         94
          0
        110
          0
        107
          0
        175
        130
          0
        143
          0
          0
         76
          0
          0
          0
        107
          0
         43
         61
        104
        190
          0
         28
         38
          0
          0
         71
         13
          0
          0
          2
          0
         95
         35
          0
         48
          5
          0
        255
         20
        214
          0
         16
          0
          0
         11
          0
          0
         42
          0
          0
        110
          0
          0
          0
          3
        255
          0
         26
         67
        255
         65
          0
          0
         71
          0
          0
          0
          0
        149
          0
         31
        189
         51
          0
          0
          9
          0
          0
        108
        110
          0
        209
        187
          0
        255
          0
         97
        190
          0
        157
         75
          0
          0
        192
        255
         45
          0
          0
          0
          0
          0
          0
          0
        109
          0
          0
          0
        111
        117
          0
         96
          0
          0
          5
          0
        197
          0
         11
          0
          0
          0
         23
          0
          0
          0
         23
          0
          0
          0
        101
          0
         46
        175
         91
          0
          0
         19
          0
        157
         53
         84
        192
          0
          0
         42
         17
        135
        196
          0
         18
