        179
          0
        231
          0
         29
        151
         50
          0
         89
          0
          0
          0
        255
          0
          5
          0
          0
         59
          0
        126
          6
          0
          0
        210
          0
          0
          0
          0
          0
        219
        123
          0
          0
          0
        192
          0
          0
         88
         18
          0
         98
          0
          3
        255
        255
          0
          0
          0
        139
        139
          0
          0
          0
         93
        224
        181
         59
          0
        136
        153
        110
          0
         62
          0
          0
          0
         99
         76
         57
          0
         13
          0
          0
          0
          0
          0
         10
        109
          0
         33
         34
          0
          0
        127
          0
        114
        197
          0
         62
          0
          0
        224
          0
        128
          0
          0
          0
        244
        112
          0
          0
          0
         76
         92
         79
          0
          0
        255
          0
        143
         28
         87
          0
         83
          0
         52
         38
          0
          0
          0
         72
          0
        125
        255
        236
          0
          0
          0
          0
          0
        215
          0
          0
        112
          0
          0
         79
          0
          0
         21
        255
          0
          0
         87
        105
         22
          0
          0
          0
          8
          0
          0
         55
        152
          0
        111
        234
         81
         31
          0
          0
          0
         67
          0
         79
        136
          0
         66
         72
          0
          0
        245
          0
         10
          0
          0
         14
          0
          0
          0
         17
        156
        225
         97
         30
          0
          0
        255
          0
          0
        108
          0
        255
          0
        164
          0
          0
         48
          0
         68
          0
          0
        160
          0
        255
        255
          0
         73
          0
        139
          0
          0
          0
          0
         78
          0
         87
          0
         88
          0
         95
          0
         17
          0
          0
         63
          0
          0
         30
        169
          0
         64
          0
        109
          0
          0
        255
        196
          0
          0
          0
        149
          0
          0
          0
        153
        247
          0
         76
          0
         59
         33
         55
          0
          0
          0
        161
        255
          0
          0
          0
          0
         20
         47
         58
          0
        109
         63
        255
         61
          0
        100
        119
          0
         44
        246
          0
        127
          0
          0
         50
          0
          0
        107
          0
         97
         87
          4
        191
        217
        221
        205
          0
         55
         69
          0
          0
         37
          0
        255
        255
          0
          0
          0
          0
          0
         29
          0
         57
        170
          0
         88
          0
        156
          0
          0
          0
          0
          0
        255
          0
          0
          0
         94
          0
         69
        109
          0
          0
          0
          0
        255
          0
          0
          0
          0
          0
          0
         46
          0
         52
          0
          0
        218
         16
          0
          0
        255
          0
        181
         61
         61
          0
        208
          0
         69
          0
          0
         40
          0
          0
          0
        176
        255
          0
        255
          0
          0
         42
          0
          0
          0
          0
          0
          0
          0
          0
          0
          0
          0
        185
          0
        124
          0
          0
          0
        255
        222
          0
         51
          0
          0
         77
          0
          0
        255
        255
          0
          0
          0
          0
        104
          0
          0
         66
        119
          0
          0
          0
          0
          0
          0
        148
          0
          0
        214
          0
        255
          0
          0
         15
         19
         88
         98
         49
          0
         79
        255
          0
          0
          0
          0
          0
          0
          0
         20
         67
          0
          0
        147
          0
        147
          0
        145
          0
        128
          0
        255
         41
        255
          0
         20
          0
          0
          0
         10
         94
         35
          0
          0
          0
          0
          0
         70
          0
          0
          0
          0
         88
         88
          0
          3
         33
        217
         38
         19
        255
         14
          0
          0
        255
          0
          0
          0
          0
        125
          0
          0
         97
         31
          0
        255
          0
        255
          0
          0
         19
         57
          0
          0
         79
        125
          0
          0
        119
          0
          0
          0
          0
          0
         22
          0
          0
        255
          0
         41
          0
         77
          0
          0
         58
          0
        255
        168
          0
          0
          0
          0
          0
          0
          0
         48
          0
        144
          0
         74
         89
        246
          0
          0
          0
          0
        109
         14
          0
          0
        255
        255
          0
         12
          0
          0
          0
          0
        255
        255
          0
          0
         84
         98
          0
         30
          0
          0
         62
        173
         58
          0
          0
          0
        118
          0
          0
          0
          0
         64
          0
        255
        120
          0
          0
          0
         81
          0
         95
          0
          0
          0
          0
        255
         41
          0
          0
        128
          0
          0
         87
          0
          0
        165
          0
          0
         62
          0
        106
          0
          0
          0
         66
        225
        187
          0
          0
        154
          6
         90
          0
         17
         25
        255
          0
         86
        167
         84
         17
        123
         29
          0
        120
          0
          0
          0
          0
          0
         87
          0
          0
        159
         62
          0
          0
        217
         51
          0
          0
          0
         95
          0
          0
          0
          0
        255
          0
          0
         38
        101
         74
         67
          8
          0
          0
        152
          0
          0
         40
         57
         35
        101
        255
          0
         36
          0
          0
        255
        232
          0
         25
        141
          0
         28
          0
         12
        255
        255
        239
          0
          0
          0
          0
          0
          0
          0
         18
          0
          0
          0
         48
        245
          0
          6
         36
          0
          0
          0
         58
          0
        255
          0
          0
          0
          0
          0
          0
          0
        123
          0
          0
          0
          0
          0
          0
        149
          0
          0
         88
        163
        194
        183
         95
          0
         62
          0
          0
          0
         75
         78
        184
         14
        160
          0
         36
          0
          0
          0
          0
         41
         52
          0
          0
        255
          0
          0
          0
          0
          0
          0
         70
          0
          0
          0
          0
          0
          1
         66
        177
          0
         52
         13
        110
        214
          0
          0
          0
        129
         89
          0
         23
          0
        212
        138
          0
          0
          0
          0
          0
          0
          0
        255
          0
        120
         33
        245
         84
        165
          0
          0
          0
          0
         86
        165
        168
        216
          0
          0
          0
         43
         79
          0
         78
         34
          0
          0
          0
        255
          0
          9
        141
          0
         95
        255
         23
         79
          0
          0
        144
          0
          0
         50
          0
          0
         99
         80
        255
        217
         47
        255
        120
        191
          0
          0
         38
          6
        255
        245
          0
          0
          0
         76
         65
          0
         10
          0
         34
          0
          0
         87
        137
        117
         73
          0
          0
          0
          0
         25
        255
          0
        208
        141
          0
        107
         37
          0
         59
          0
        244
        202
        112
          0
          0
         75
          0
         78
        114
          0
          0
          0
          0
        209
          0
          0
          0
          0
         58
          3
         91
        179
          0
        255
          0
        210
          0
          0
         19
          0
          0
          0
          0
        255
          0
          0
          0
          0
         80
         68
         84
          0
        113
        108
          0
        156
          0
        108
         66
          0
         27
        182
          0
        255
        141
          0
          0
        187
          0
          0
          7
         22
          0
         98
          0
        255
          0
          0
         91
          0
          0
         67
        104
          0
         67
          0
          0
          0
          0
          0
          0
          0
        255
          0
          0
          0
         95
          0
        197
        142
          0
         25
          0
         44
          0
        105
          0
          0
          0
        166
          0
          0
          0
        151
          0
          0
         73
          0
        214
        175
        136
          0
        136
          0
        246
          0
          0
         66
          0
          0
        255
          0
         26
          0
          0
          0
          0
          0
          0
          0
        255
        245
          0
         80
          0
          0
         61
        255
         83
        155
          0
          0
          0
          0
        111
          0
          0
          0
          0
          0
          0
        231
         15
          0
          0
        157
         93
         28
         30
        101
        110
          0
          0
          0
        151
          9
          0
        145
          0
          8
          0
        115
          0
          0
          0
         22
         13
         33
          0
         25
         25
         39
        255
          0
        112
        174
          2
         85
          0
          0
          0
          0
         14
          0
          0
          0
          0
         23
          0
          0
         60
          0
          0
          0
        215
        117
         48
        102
          0
        255
        114
          0
          0
         59
        255
          0
        206
          0
          0
         86
          0
          0
         93
          0
        216
          0
          0
          0
        149
          0
        140
         54
          0
          0
          0
          8
          0
          0
         79
          0
          0
          0
        219
         27
          0
          0
          0
          0
          0
         94
          0
          3
          0
          0
          0
        106
          0
          0
        218
        191
          9
          0
          0
        134
          0
          0
          0
          0
          0
          0
         70
          0
         87
        136
        253
          0
          0
        219
          0
          0
          0
          0
          0
          0
        108
         12
          0
          0
          0
         65
        243
          0
         47
          0
          0
         63
          0
          0
          0
         75
          0
          0
          0
          0
        134
          0
        255
          0
          0
        255
         42
        205
          0
        255
          0
        121
        103
          0
          0
          8
          0
          0
          0
          0
          0
        101
         67
          0
          0
         71
         61
          0
          0
          0
          3
        195
          0
          0
        255
        149
          0
        246
        255
          0
         23
          9
          0
          7
          0
          0
         56
          0
          0
        255
          0
          0
         29
          0
          0
        142
          0
          0
         40
         21
          0
          0
         57
          0
         81
        217
        232
          0
          0
        167
          0
         84
        178
        254
         67
        117
          0
          0
         78
          0
          0
          0
          0
        255
          0
         95
         32
          0
          0
        255
         98
        146
          0
          0
         63
          0
          0
          0
        255
          0
         81
          0
        255
          0
         99
          0
         14
        135
          0
          0
          0
          0
        153
        211
        218
          0
         18
          0
          0
          3
          5
         55
          0
          0
          0
        236
         36
          0
          0
          0
          0
        134
          0
          0
          0
          0
          0
          0
         15
          0
          0
         87
         50
          0
          0
          0
        255
          0
        171
          9
         16
        177
          0
         80
         40
          0
          0
        224
         25
         12
          0
          0
          7
        101
          0
         37
          0
          0
          0
          0
          5
        101
          0
          0
         68
          0
          6
         38
          0
          0
          0
          0
          0
         84
          0
          0
        120
         95
          0
        248
        140
          0
         35
        172
         93
        234
        120
        185
        240
          0
          0
          0
          0
         75
          9
          0
         84
          0
          0
          0
          0
          0
          0
         26
          0
        103
          0
          0
         88
          0
         41
          0
          0
          0
          0
          0
          0
          0
         72
          0
        255
          0
         63
          6
          0
         24
         83
          0
         77
          0
          0
          0
        255
          0
         68
         50
        109
          0
          0
          0
          0
        145
          0
          0
         16
          0
        120
          0
          0
          0
        127
          0
        235
        255
          0
         54
          0
         53
         46
          0
          0
          0
          0
        255
        255
          0
          0
          0
         67
          0
          0
          0
         96
          0
          0
        164
          0
          0
          0
        255
        157
         25
         89
          0
        255
          0
        168
        255
          0
          7
          0
          0
          0
        143
        255
        255
        255
          0
          0
          0
         58
          0
         83
        255
         42
         88
        184
        145
         87
          0
          0
          0
          0
        176
         49
          0
          0
          0
        177
          0
          0
          0
         15
         51
         96
         93
        241
          0
          0
        255
          0
          0
          0
         64
         80
          0
         32
         88
          0
          0
         47
          0
          0
        255
        255
          0
         28
          0
        165
          0
         52
        218
          1
        153
         91
         50
         32
          0
        251
        200
        255
        215
          0
          0
          0
         14
          0
        255
          0
         16
         53
          0
          0
          0
         24
          0
          0
        104
         44
         72
          0
          0
          0
        207
          0
        109
        108
          2
          0
         29
          0
          0
          0
          0
         38
          0
         45
          0
         58
          0
          0
          0
        255
         98
         62
          0
        127
          0
          0
          0
        119
        255
        160
          0
          0
          0
          0
          0
          0
         13
          0
          0
          0
        255
          0
          0
        184
          0
        134
          0
          0
          0
          0
          0
        217
        127
        137
          0
         68
          0
        255
          0
        128
        255
         79
        255
        224
        175
          0
          0
          0
         58
          0
          0
          0
        255
          0
          0
          0
         97
        100
         62
          0
          0
          0
          0
         47
         29
          0
          0
          0
         25
         16
          0
          0
        131
        255
          0
          0
        255
          0
        156
        117
         38
          0
         15
        115
        125
          0
          0
          0
          0
          0
        170
          0
          0
          0
         57
        255
        125
         32
        144
          0
          0
         52
          0
          0
         47
          0
          0
          0
          0
          0
          0
         49
         70
         40
          0
          0
        255
          0
        255
          0
         42
          0
          0
          0
          0
          0
        161
        243
          0
          0
        147
          0
          0
        162
          0
          0
          0
        255
          0
          0
        172
          0
         11
          0
          0
          0
          0
          0
         76
          0
          0
          0
          0
          0
          0
          0
          0
        108
          0
        224
          0
          0
         29
          0
          0
         31
          0
          0
          0
          0
         27
         48
         26
         31
        183
          0
         24
         69
         63
          0
          0
          0
        100
          0
         23
         29
         26
          0
          0
        105
        117
        255
          0
          0
          0
         23
        114
          0
          0
          0
         13
        255
          0
          0
        130
          8
          0
          4
          0
          0
          0
        255
        135
        255
          0
         95
          0
        120
        100
          0
          0
          0
        134
        114
        255
         29
          0
        103
         20
          0
          0
         23
          0
        119
         94
          0
         34
         52
        163
          0
         88
          0
          0
         95
          0
        255
          0
         65
          0
          0
        142
          0
          0
         85
         51
        137
        152
          0
        140
        106
          0
          0
          6
          0
        255
        112
          0
          0
        125
         31
         88
          0
          0
          0
          0
          0
        255
          0
          0
        153
         24
          0
          0
        117
          0
         81
          0
         47
          0
          0
         55
          0
          0
         29
          0
          0
         61
        255
        200
          0
        188
          5
        100
          0
         32
          0
        114
          0
        255
          0
          0
         61
         75
         51
        121
          0
          0
          0
        133
        106
        255
          0
        140
          0
          0
          0
         76
          0
        234
        255
        133
        182
        110
         25
         96
          0
          0
          0
          0
         44
          0
          0
        177
         37
          0
          0
         83
         21
          0
         71
         43
        119
        255
         52
          0
          0
          0
          0
          3
          0
        255
          0
        250
          0
        203
         81
         47
          0
          0
          0
          0
          0
          0
          0
        232
          0
         48
         24
         31
         13
          0
          0
          0
        223
        252
         13
         48
          0
          0
          0
          0
          0
        205
        119
          0
        135
         35
         36
          6
         20
          0
          0
          0
          0
        255
          0
        255
        164
         48
          0
         27
         11
          0
        116
          0
        221
          0
          0
        236
          0
          0
          0
        201
          0
        255
        255
          0
          0
          0
         33
         65
          0
         88
          0
          0
          0
          0
          0
        138
          0
         44
          1
          0
         38
          0
         96
          0
        159
          0
         63
        107
          0
          0
          0
          0
         54
        255
