         43
        255
          0
          0
          0
          0
          0
          0
        255
        255
        140
          0
          0
          5
          0
          0
        222
        128
        155
          0
          0
          0
          0
          4
          0
        111
          0
          0
          0
          0
          0
         26
         23
          0
         20
          0
          0
          0
          0
          0
        235
        255
          0
        255
        211
        107
          0
          0
        183
          0
         89
          0
          0
          0
          0
         73
          0
          0
         41
          0
          0
          0
          0
         40
          0
        255
        255
          0
          0
          4
          0
          0
          0
        109
        101
          0
          0
         76
          0
          0
         91
          0
         51
          0
          0
          0
         73
         70
          0
         83
         34
          0
         28
         28
          0
         28
          0
        196
          0
          0
         32
          0
          0
         90
          0
        255
        163
          0
        221
         89
          0
          0
        219
         70
        169
         95
          0
          0
          0
          0
         26
          0
         10
          0
          0
         30
          0
         77
        155
          0
         15
          0
         16
          0
        178
        125
        255
          0
         14
        144
        108
          0
        252
         90
        255
        156
         82
        138
          0
          7
          0
          0
          0
         45
          8
          0
         48
        205
          0
         63
        208
          0
          0
          0
        123
          0
          0
          0
          0
         54
          0
          0
        179
        122
          0
          0
          0
          0
        124
        190
          0
          0
        165
          0
         29
         15
        113
          0
          0
          0
        255
          0
          0
          0
        147
          0
          0
          5
        171
          0
        255
        255
         37
         41
          0
          0
        230
          0
          0
          0
        108
          0
          0
          0
        127
          0
          0
         28
          0
          7
          0
          0
          0
         69
          0
          0
          0
          0
          0
         70
        255
          0
          0
          0
        255
          0
          0
         48
          0
         15
        190
        170
        103
          0
        101
          0
          0
          0
         22
         41
         34
          0
         48
          0
          7
          0
        175
          0
          0
          0
          0
          0
          0
          0
          0
        255
          0
        255
         99
          0
        204
          8
          0
          0
          0
        116
          0
          0
          0
         87
        137
        127
          0
         22
        175
        141
        255
         25
         68
        243
          0
          0
          0
         53
          0
        111
        255
          0
          0
          0
        209
          3
          0
        134
        255
          0
          0
          0
          6
          0
          0
         40
         23
          0
        129
          0
        110
         75
          0
          0
          0
         48
          0
        255
          0
          8
        214
          0
        255
          0
        255
          0
          0
          0
        150
         78
          0
          0
          0
          0
        167
          0
          0
         45
          0
        115
        164
        193
          0
          0
         73
          0
          0
         10
         25
        255
          0
          0
          0
          0
        255
          0
          0
          0
          0
          0
          0
          0
          0
          0
          0
          0
          0
          0
          0
          0
          0
        124
          0
          0
          0
          0
        142
          0
        142
        136
        145
          0
          0
          0
        207
          0
        255
        252
          0
          0
        140
        111
          0
          3
          0
          0
          0
         36
         51
          0
          0
          0
          0
          0
        101
         48
         30
        100
        255
          0
          0
        255
          0
          0
          0
          0
        255
          0
          0
        255
          0
          0
        228
          0
          0
         42
          0
          0
          0
        103
          0
          0
        158
          0
          0
          0
        129
          0
          0
          0
          0
          0
          0
        222
          0
        255
         32
          0
        255
          0
          0
          0
          0
          0
        178
        141
         61
         47
          0
        104
          0
          0
          0
         93
          0
          0
          0
          0
         92
          8
         37
        142
        157
          0
        199
        142
        222
        255
         33
         24
          0
          0
          0
          0
          0
          0
        184
          0
          0
         27
        223
        159
          0
        191
          0
          0
          0
          0
          0
          0
          0
          0
         86
          0
          0
          0
        101
          0
          0
        131
          0
         62
          0
          0
          0
          0
          0
          0
          0
          0
         77
         15
          0
        100
          0
        154
          0
          0
          0
         98
          0
         60
          7
         36
        246
        165
        246
         34
         73
          0
          0
        255
         74
         86
          0
        115
        255
        255
          0
          0
          0
          0
          0
          0
        255
         13
          0
          0
          0
          0
          0
         38
          0
        114
        193
          0
          0
        191
        146
          0
          0
         33
          0
          0
          0
          0
        255
          0
          0
          0
        233
          0
          0
          0
          7
          0
          0
         71
          7
         47
         20
          0
          0
          0
        161
          0
        174
        207
          0
         57
        247
          0
          0
          0
          0
        255
          0
         54
          0
          0
        255
          0
          0
          0
        190
          0
        255
          0
         72
         42
          0
        206
          0
          0
          0
          0
        125
         54
        125
          0
          0
        225
          0
         44
        185
          0
          0
        255
         72
         64
        255
          0
        255
          0
        255
          0
         73
         99
          2
          0
          0
          1
          0
          0
         57
          0
          0
         37
          0
         70
        128
          0
          0
          0
        255
         46
         68
          0
          0
        255
          0
          0
        135
         74
        255
          0
          0
         36
        179
         44
         22
         14
        255
          7
          0
        170
         97
          0
          0
         57
        192
          0
        161
        193
          0
          0
        255
          0
          0
          0
          0
          0
          0
          0
          0
          0
          0
          0
          0
          0
          0
          0
          0
          0
        255
         33
        139
         14
         39
          0
          0
         82
        228
         39
          0
          0
          0
          0
        255
          0
          0
         80
          0
          0
         30
          0
          0
          0
          0
          0
          0
          0
        153
         67
          0
         33
        100
          0
          0
        134
          0
        255
          0
          0
        101
          0
        140
          0
        113
          0
         42
          0
        126
        255
        115
          0
          0
          0
        255
          0
          0
          0
        187
         56
          0
         29
          0
        135
         50
          0
         23
          0
        101
          0
          0
          0
          0
          0
          0
         14
          0
         26
        210
          0
          0
          0
          0
          0
         33
          0
          0
          0
        255
          0
          0
          0
          0
          0
          0
         40
          4
          0
         73
         88
         74
          0
          0
          0
        181
          0
        150
         66
        102
        212
        255
          0
          0
          0
          0
          0
          0
         30
        132
          0
          0
          0
          0
          0
         10
          0
          0
          0
          0
          0
          0
          0
          0
          0
          0
          0
          0
         37
        162
         47
          0
        204
          0
          0
          0
        104
          0
          0
         20
         99
          0
          0
        255
        206
         12
          0
          0
          0
          0
         58
          0
          0
         77
          0
          0
        255
        119
          0
          0
        120
        121
         12
          0
          0
        254
          0
          0
          0
          0
          0
          0
         71
        255
          0
        255
          0
          0
          0
          0
          0
          0
         59
          0
        163
          0
          0
         99
          0
          0
          0
        194
         41
        108
        121
         51
          0
        240
          0
         66
          0
          0
          0
         56
          0
        111
         52
        255
          0
          0
          0
        180
        166
          0
          0
          0
          0
        156
        151
          0
          0
        167
         40
          0
         31
        161
          0
          0
        200
         28
          0
          0
          0
         98
        255
          0
         80
          0
          0
          0
          0
          0
          0
         82
        187
          0
         32
          0
          0
         12
        183
          0
          0
          0
          0
          0
         63
        131
          0
          0
         28
          0
          0
         74
         57
        142
        225
         82
         27
          0
          0
          0
        254
        255
          0
          0
          0
        255
          0
        163
          0
         17
         56
          0
        250
         13
         23
          0
          0
          0
        137
        186
         28
         73
          0
        127
          0
          0
          0
          6
          0
          0
          0
        255
          0
        142
          0
          0
          0
          0
         62
          0
          0
          0
        116
         85
          0
          0
          0
          0
         49
        144
         73
          0
        197
        255
          0
        210
        113
          0
          0
          0
          0
         27
          0
        110
        255
         12
        228
        115
          0
          0
         65
          0
          0
          0
          0
          0
          0
          0
          0
         65
          0
         32
         24
          0
         54
        255
          0
        152
        172
          0
        255
          0
          0
          0
          0
          0
          0
          0
          0
          0
          0
          0
          0
         57
          0
          0
          0
          0
         71
          0
          0
        184
         18
          0
          0
        252
          0
        255
          0
        149
        157
        255
          0
         80
          0
        255
          0
          0
          0
          0
          0
          0
         13
          0
          0
          0
         42
        156
          0
          0
          0
        166
          0
        177
          0
          0
          0
          0
          0
        224
          0
          0
          0
          0
          0
         49
          0
          0
         54
          8
        192
          0
          0
        157
         61
        255
          0
          0
        143
          0
         35
         59
        255
          0
        141
          0
          2
          0
          0
          0
          0
        223
          0
        224
          0
          0
          0
          0
          0
         16
          0
        255
          0
          0
          0
        167
         79
          0
         82
        190
         22
          0
          0
        121
          0
          0
          0
         74
          0
         92
          1
          0
        233
         70
         57
          0
          0
        255
        255
          0
          0
        255
         64
        255
          0
          0
          0
          0
          5
          0
        157
        255
         42
          0
        103
         23
          0
          0
          0
        229
          0
        189
          0
          0
          0
          0
          0
          0
         94
        255
        255
         94
         14
          0
          0
          0
          3
        255
          0
          0
          0
          0
         46
         24
          0
          0
          7
          0
        201
          0
         22
          0
         53
          0
        177
         79
          0
          0
          0
          0
        247
         77
        255
          0
          0
        176
         97
          0
          0
        248
        255
          0
          0
        145
          5
          0
          0
         19
        124
         21
          0
          0
         86
         33
        152
        150
         66
          0
        155
          0
          0
        128
        222
          0
        255
          0
          0
          0
          0
          0
        255
          0
        255
        228
          0
          0
          0
          0
          0
          0
          0
         47
        208
        114
        153
        145
          0
         13
          0
          0
        240
          0
          0
        112
          0
          0
        219
          0
         90
          0
          0
        255
          0
          0
          0
        129
          0
          0
          0
          0
          0
          0
        121
          0
          5
        161
        117
          0
          0
         33
          0
          0
          0
          0
          0
          0
          0
          0
        244
         31
          0
          0
         94
          0
          0
          0
          0
        140
          0
          0
          0
        255
          0
          0
        130
          0
          0
          0
          0
          0
          0
         74
          0
          0
          0
          0
         34
         12
          3
          0
          0
          0
          0
          0
          0
        255
          0
          0
          0
          0
          0
          0
          0
        201
        169
          0
          0
          0
          0
          0
          0
        217
          0
          0
          0
          0
          0
          0
          0
        176
          0
          0
          0
          0
          8
          0
          0
        255
          0
          0
          0
         59
          0
        160
          0
        242
          0
          0
          0
          0
        255
          0
          0
         72
        111
         35
          0
          0
          0
          0
          0
          0
          0
          0
          0
          0
          0
          0
          0
          0
          0
          0
          0
        204
          0
          0
          0
          9
          0
          0
          0
         20
        139
        120
        159
          0
         18
        198
         71
        106
          0
        255
          2
        173
         89
          0
        255
         51
          9
         91
          0
          0
          0
        236
         23
          0
          0
        255
          0
          0
          0
          0
         64
          0
        255
          0
        154
        104
          0
          0
          0
          0
          0
          0
          0
        153
          0
          0
        180
        110
          0
          0
          0
          0
          0
        200
          0
         55
         14
        146
          0
         37
         96
         46
        126
         42
         46
          0
          0
         31
          0
          0
          0
          0
        215
        232
         60
        190
          0
        174
          0
          0
         49
          0
          0
          0
          0
          0
          0
        209
          0
          0
         91
          0
        100
          0
         32
          0
          0
          0
          0
         22
          0
          0
          0
          0
          0
        181
         81
        120
         41
          0
          0
         41
          0
          0
         80
          0
        255
        255
          0
          0
          0
         65
          3
          0
          0
          0
          0
        118
          0
         10
         13
        211
          0
        163
          5
          0
        237
          0
          0
        195
          0
          0
          0
          0
         89
          0
          0
        255
          0
          0
          0
          0
          0
          0
          0
          0
         76
          0
         91
         98
          0
        168
         37
        164
          0
        151
          0
          0
          0
        156
          0
         75
         21
          0
          0
          0
          0
        228
          9
        231
          0
          0
          0
          0
         31
          0
          0
          0
         74
        169
        134
          2
          0
          0
        134
          0
          0
          0
          0
          0
        238
         65
          0
        178
        110
          0
          0
          0
          0
          0
          0
          0
        255
        204
          0
         25
          0
          0
          0
        255
         13
          0
          0
          0
          0
          0
          0
         31
          0
        186
          0
          0
          0
        255
         24
        187
          0
        255
        255
          0
          0
        147
         34
          0
          0
         83
         88
        152
          0
         32
          0
        121
          0
          0
          0
         14
          0
          0
         84
        155
          0
          0
         17
          0
        142
          0
          0
          0
        100
          0
        168
         13
          0
          0
          0
        255
         34
        236
          0
          0
          0
          0
        100
         19
          0
         26
          0
          0
        255
          0
          0
          0
          0
          0
        151
          0
         71
        216
          0
        164
        255
        187
          0
          0
          0
          0
         37
          0
          0
         74
          0
        163
          0
         16
         40
          0
          0
          0
          0
         33
        222
          0
         88
         20
          0
        136
          0
          0
          0
        219
          0
        224
          0
          0
          0
          0
          0
        255
          0
        122
          0
          0
          0
          0
        118
        255
         53
        224
          0
         93
         25
         52
         36
         55
          0
          0
          0
         44
         89
          0
          0
        255
         76
          0
        255
          0
        255
          0
          0
        255
         18
        255
        255
          0
          0
          0
         62
        174
          0
          0
          0
         42
         24
          0
          0
          0
          0
          0
          0
         60
         30
         39
         73
        255
         55
          0
          0
          0
        255
          0
          0
        255
         64
        255
        255
          0
          0
        101
          5
        100
         22
          0
         97
        162
          0
          0
          0
         33
          2
          0
          0
         56
          0
         44
         27
        236
         52
         51
          0
          0
        255
          0
          0
        255
         50
        196
        255
          0
          0
         68
          0
        104
         16
          0
        113
          0
          0
        114
        106
         64
          0
        232
          0
        112
          0
          0
          2
        223
         81
          0
          0
          0
        120
          0
         12
        255
          0
        255
        130
          0
          0
          0
          0
         49
          0
          0
         27
          0
          0
          0
        103
          0
          0
          0
          0
          0
          0
          0
         93
         35
          0
          0
          0
          0
         56
          0
          0
        255
         11
          0
        255
          0
          0
          0
        102
        255
          0
          0
         26
        117
          4
          0
        123
         70
          0
          0
          0
          0
          0
          0
          0
         36
         76
          0
          0
          0
         27
          0
          0
        255
         48
        255
        255
        255
          0
          0
          5
         99
          0
         86
          0
        170
          0
          0
        255
        139
         15
          0
          0
          6
          0
         64
        154
          9
          0
