         22
        255
        167
          0
          0
        212
         21
        202
          0
          0
         76
          0
          0
          0
         49
        165
        190
        155
          0
          0
          0
         66
          0
        253
        244
         36
         89
         18
          0
          0
          0
        234
          0
         81
        153
        115
         85
        255
          0
          0
          0
          0
         17
          0
          0
        158
        184
        117
          0
        212
          0
          1
          0
          0
          0
         31
        135
          0
         51
          0
         21
         92
        142
        196
          0
          0
          0
        144
          0
        255
         11
        255
        207
          0
        104
        255
         12
        212
        224
        168
        255
        180
          0
          0
        255
          0
          0
        108
         39
        234
          0
         52
          0
          0
          0
         58
          0
          0
          0
          0
        188
          0
         44
        170
        250
         39
         71
          0
         48
        156
        143
        154
        255
        133
        103
          0
          0
          0
        206
          0
        147
        182
          0
          0
          0
         11
          9
        230
          0
          0
        255
          8
        107
        213
         76
          0
          0
          0
        110
          0
         12
        196
        168
         59
        255
        186
         25
          0
          0
          0
         28
        230
        114
        255
          0
          0
         73
          0
        147
         88
          0
          0
        209
          0
        103
        175
          0
        255
          0
          0
          0
          0
        123
        239
          0
         94
        255
          0
          0
          0
          0
          0
          0
        255
        194
        188
          0
         11
          0
          0
        148
        207
          0
        122
          0
        106
        154
        255
         54
        255
          0
          0
          0
          0
        135
        233
          0
         41
         23
          0
          0
          0
        205
          0
          0
        145
         29
        255
         31
          0
         60
         42
          0
        246
        144
        223
          0
         19
          0
        183
         29
          0
        128
        161
         77
          0
          0
         85
          0
         95
        111
         11
          0
          0
          0
          0
          0
          8
          0
        255
          0
          0
        104
         92
        104
         77
          0
        170
        239
        112
          0
          0
          0
          0
        255
         31
        134
          0
         99
          0
        136
        113
        255
          0
        228
         94
          0
          0
         46
         94
        206
          0
        255
          0
          0
        189
          0
          0
          0
        248
          0
        147
        130
        255
         79
          0
          0
         62
         84
        255
          0
        116
          0
        176
          0
          0
          0
          0
         88
         27
          0
          0
          0
          0
         85
          0
         87
          0
        133
          0
          0
        111
          0
          0
         52
         49
         23
        140
          0
          0
          0
         89
         15
        110
          0
        165
          0
          0
          0
        118
          0
         43
        150
          0
        129
          0
        152
          0
         65
        100
        185
        152
         83
        226
        255
          0
          0
        117
          0
          0
          0
         26
        126
          0
          0
         82
          0
         84
        255
          0
          0
          0
          0
          0
        117
         28
         88
         10
        184
         55
          0
          0
          7
          0
          0
        237
         55
         63
          0
        103
         53
          0
          0
          0
        108
        255
          0
          0
          0
         11
        211
          0
          0
          0
          0
         96
          0
          0
          0
          0
        255
          0
          0
        162
          0
        120
          0
        240
          0
        102
          0
         74
          0
          0
          0
         66
         18
        185
        163
        183
          0
         48
          0
          0
          0
          0
          0
          1
          0
          0
          0
        255
        255
         42
          0
          0
        164
        211
          0
        235
          0
         57
        107
          9
          0
          0
          0
        153
         36
         76
         61
        110
          0
          0
         18
          0
          0
        149
          0
          0
        246
        255
        210
        255
        218
          0
         19
         17
          0
        211
         69
          0
          0
        115
          0
          0
          0
        179
          0
          0
          0
          0
         97
          0
          0
        152
          0
        193
          0
          0
          0
          0
        165
          0
          0
          0
        255
          0
          0
          0
        203
          0
          0
        206
        169
         69
         91
          0
          0
          0
        255
          0
         44
        253
         60
          0
          0
        102
          0
          0
         65
          0
          0
          0
        207
         85
          0
          0
         56
          0
          0
          0
          0
          0
          0
          0
          0
         11
         65
          0
          0
          0
          0
         70
         36
        213
         40
         51
          0
        192
        255
          0
        193
          0
          0
          0
          0
         34
         96
        255
        132
          0
         10
        165
          0
          0
          0
          0
         19
          0
        162
          0
          0
        180
        200
        162
          0
        251
         64
         10
          0
        144
        255
        178
          0
          0
          0
          0
        207
        198
          0
        255
        255
        153
         54
          0
        202
         84
          0
          0
          0
          0
          0
          0
          5
        210
          0
          0
         90
          0
         86
         34
          0
         50
        255
        220
         27
        114
          7
          0
        210
        155
         48
        255
          0
         60
          0
        138
         76
          0
          0
        222
          0
          0
         68
        211
        123
        254
          0
          0
          0
          0
          0
          0
          0
          0
         90
         16
          0
         25
        198
          0
        148
          5
         91
        255
        255
         22
          0
        116
          0
        183
         15
          0
        255
         77
         10
        255
          0
          0
          0
          0
          0
         76
        150
         51
          0
          0
          0
        149
          0
         20
        188
          0
        221
          0
          0
          0
         53
          0
          0
        131
        199
        253
          0
        255
         58
         33
          0
          0
          0
          0
          0
        219
         79
        215
         58
        194
          0
        110
        255
          0
        139
         40
        177
          0
          0
          0
          0
        255
        250
          0
          0
         38
        188
          0
          0
          0
          0
        124
          0
        255
          0
         99
        189
        217
          0
          0
         77
          0
        255
         10
        185
        138
        141
          0
          0
          0
        121
          0
          0
        255
        185
          0
          0
          0
        216
         77
          0
        219
        173
        103
        129
         89
         37
          0
        196
          0
        130
        101
          0
         83
          0
         85
          0
          0
          0
          0
         54
         98
        134
         35
        112
         59
        255
          0
          0
        187
         49
          0
        135
          0
          0
          0
          0
          0
          0
          0
          0
          0
          0
          0
        158
          0
         36
         59
        255
        221
          0
         88
        221
          0
          0
         17
        116
        255
        103
         66
         33
        185
         46
          0
        135
          0
        191
        142
         41
        255
         25
        255
          0
        151
          0
          0
          0
         88
          0
        152
        255
        186
          0
          0
          0
          0
          0
         93
          0
        233
          0
         77
          0
        132
          0
        111
          0
          0
        126
        120
          0
          0
          0
         96
          0
        199
          0
         49
          0
        135
          0
         23
          0
          0
          0
        167
          0
          0
         67
          0
         18
        255
          0
          3
          0
          0
          0
          0
          0
          0
          0
          0
          0
        164
          0
        255
          0
          0
         27
        195
          0
         41
          0
          0
        255
         20
          0
          0
          7
          2
         56
         90
          0
         95
        255
         98
          0
        133
          0
          0
          0
         46
          0
          0
          0
        134
          0
        255
          0
        198
          0
        119
          0
        161
         84
         49
          0
         14
          0
         72
          0
          0
          0
        227
          0
        255
          0
          0
         65
          0
          0
          0
        120
          0
          0
         28
          0
        189
          0
          0
          0
        121
         40
        254
         98
        125
         27
        145
        255
          0
          0
        146
        255
          0
        212
         92
        175
        255
        213
          0
          0
         82
         89
          0
          0
          0
          0
          0
          0
        135
          9
         57
         79
          0
        130
        115
        159
          0
          0
         27
          0
        104
        182
         15
         49
          0
          0
          0
          0
        171
        153
          0
        102
          0
        158
         14
         29
        204
        205
         56
          0
        217
          0
          0
          0
        120
          0
        152
          0
        137
          0
          8
          0
          0
         52
          0
          0
          0
        119
        130
          0
          0
        255
          0
          0
         33
          0
        130
        142
          0
          0
          0
          0
        198
          0
          0
          0
        217
         76
        111
         23
        166
          0
         84
          0
          0
         38
          0
         46
         15
        126
          1
          0
        255
        242
        154
         75
          0
         11
          0
          0
        161
          0
          1
          0
          0
          0
          0
          0
          0
          0
          0
          0
          0
          0
        176
        255
          0
        102
          0
         44
          0
        141
         24
        185
          0
          0
         59
          0
          0
          0
        214
          0
          0
          0
          0
         35
        139
          0
        206
          0
         28
        102
          0
          0
         15
          4
         38
          0
          0
        181
        115
          0
          0
        160
          0
        218
        255
          0
        123
          7
         15
          0
          0
        117
          0
        255
          0
          0
        102
          0
          0
          0
         98
        103
          0
          0
          0
         42
         25
          0
          0
        198
          0
          0
          0
         93
        112
          0
        205
          0
          0
          0
        176
          0
          0
          0
          0
        255
          0
          0
          1
          0
        237
          0
         48
          6
          0
          0
        239
        120
        111
        255
          0
        183
        160
         84
          0
         75
          0
         71
        255
          0
         65
         38
          0
          0
          0
          0
        254
          0
        149
          0
        255
          0
        255
          0
         23
         22
          0
        138
          0
        127
          0
          0
          0
          0
          0
          0
         76
          0
        174
          0
          0
          0
         74
         53
         43
        127
          0
         13
          0
        255
         76
          0
        154
         86
         12
          0
          6
          0
          0
        133
         14
          0
        166
        180
        156
          0
          0
        255
          0
          0
          0
         70
        127
        255
          0
          0
          0
        151
         50
         16
          0
        255
        152
          0
          0
          0
          0
        245
         17
          0
        221
        152
          0
          0
         91
        255
          4
        184
         41
          0
         69
        103
          0
        228
          0
          0
          0
          0
         55
         42
        191
         50
          0
        198
          0
          0
        119
         73
          0
          0
         73
          0
        179
          0
        109
          0
        135
        126
          0
          0
          0
          0
          0
         84
          0
        215
          0
        255
         67
          0
          0
         66
          0
          0
        202
          0
          0
          0
         49
          0
        255
          0
          0
          6
          0
          0
         91
          0
        106
          0
        190
          0
         31
          0
         39
        162
          0
        124
        255
        255
         16
          0
          0
          0
         93
          0
          0
          0
        141
          0
        255
         15
        255
          0
          0
         50
          0
        114
          0
         19
         80
        255
          0
          5
        190
          0
          0
        219
          5
          0
        133
        255
         30
         43
         51
          0
          0
         85
        189
          0
        155
          0
          0
          0
          0
          0
          0
          0
          0
         51
          0
          0
          0
        255
          0
          0
          0
          0
        119
          0
          0
          0
        141
        234
          0
          0
          0
          0
          0
          0
        135
          0
          0
        232
        255
          0
        191
          0
          0
          0
          0
          0
        101
         53
        101
        255
          0
          0
        180
          0
         31
        156
          0
          0
        239
        255
          0
          0
         22
          0
        255
          0
        158
         47
          1
        104
          0
          0
          0
          0
          0
          0
          0
         44
          0
         16
          0
        255
          0
          0
          0
         10
          0
        174
          0
          0
        255
          0
          0
          0
        190
        209
        166
        121
        143
          0
        115
          0
         99
          0
        105
          0
          0
          0
          0
          0
          0
          0
        192
        249
         92
          0
        110
        255
          0
        211
          0
          0
        255
          0
          0
          0
          0
        212
          0
         48
          0
        255
        116
          0
          0
          0
         48
        233
          0
          0
        187
        102
        173
        211
        160
          0
         23
        159
          0
          0
         64
        181
         34
          0
          0
        255
          0
          0
          0
          0
          0
          0
          0
         30
          2
        100
        230
          0
          0
          0
          0
          0
         86
          0
          8
          0
         98
        255
          0
        168
        107
          0
          0
          0
          0
          0
          0
        216
         97
          0
          0
        145
        255
          0
          0
         14
          0
         15
        117
        119
        206
          0
          0
          0
        229
         87
          9
          0
         69
          0
        132
        210
         80
          0
          0
          0
          0
         75
        255
         97
          0
          0
         49
          0
        168
        122
          0
          0
          0
        101
        255
          0
          0
          0
          0
         11
        255
         84
          0
         68
        121
        255
        224
         76
          0
          0
          0
          0
          0
        146
        255
          0
        112
         52
         24
          0
          0
          0
          0
         67
          0
        167
        241
          0
          0
          0
          0
          0
          0
        132
        134
          0
         76
        255
          0
          0
          0
        177
         31
          0
         46
          0
        255
        114
          0
         16
         45
          0
         95
          0
          0
          0
          0
          0
        154
        120
        247
          0
          0
          0
          0
          0
        225
          0
         62
          0
          0
          0
          0
        187
         46
        149
          0
        255
        255
         55
          0
          0
          0
          0
        203
        128
        212
          0
         49
          0
          0
        141
          0
        218
          0
          0
          0
          0
          0
          0
         68
        255
          0
        227
          0
        211
         14
          0
         41
        128
          0
        189
         70
          0
        125
        149
         98
         75
          0
          0
        130
          0
          0
          0
         92
         71
         11
        133
          0
          0
          0
        220
         25
          0
        144
        233
          0
         60
          0
          0
          0
          0
          0
        255
          3
          0
          0
        150
          0
          0
          0
          0
          0
          0
         19
          0
          0
          0
         11
          0
          0
          0
          0
          0
        108
        255
          0
        158
         25
          0
          0
         93
          0
          0
          0
          0
          0
          0
        183
          0
         64
          0
          0
         15
         98
          0
          0
          0
        255
          0
        101
          0
        248
          0
          0
          0
         95
          0
        178
          0
          0
          0
        116
        176
          0
         13
          0
          0
        126
          0
          0
          0
          0
          0
          0
          2
         79
          0
          0
         55
        170
          0
          0
          0
        255
          0
          0
          0
        173
        255
         27
          0
        185
          2
         12
          0
        255
          0
         23
          0
         19
        110
         32
          0
        137
          0
          0
         46
         53
          0
          0
         25
          0
        208
          0
          0
          0
         12
          0
          0
          0
          0
        190
        225
          0
          0
          0
        185
        208
          0
         84
          0
          0
          0
          0
          0
          0
          0
          0
          0
         28
          0
          0
         60
        211
        208
        224
        116
          0
        131
          0
          0
          0
        255
          0
          0
          0
         56
          0
         50
          0
          0
          0
          0
          0
          0
          0
          0
         32
          0
          0
         93
          9
          0
         20
        137
        233
        255
          0
          0
        255
          0
          0
          0
          0
        255
          0
          0
          0
          0
          0
         75
          0
          0
         94
        255
          0
          0
          0
          0
        230
          0
        228
          0
         51
        248
          0
         77
        156
          0
        199
          0
          0
          0
          0
          0
          0
        255
        203
        133
        115
          0
         91
         59
          0
          0
          0
        255
          0
          0
         65
          0
          0
          0
          0
         73
        117
          0
          0
          0
          0
          0
          0
          0
        137
          0
          0
          0
         73
          0
         53
        149
          0
          0
          0
          0
          0
          0
         13
        255
          0
          0
         48
        133
         67
