        187
          0
          0
          0
          0
        168
          0
        255
         36
          0
          0
         96
          0
          0
        255
        255
        212
          0
        138
          0
          0
         21
         19
         93
        137
        189
          0
          0
        163
          0
         40
        255
         48
          0
          9
          0
          0
          0
        106
          0
          0
          0
        177
          0
          0
          0
          0
        151
        255
         27
          0
         97
          0
          0
          0
          0
          0
          0
          0
        233
          0
         95
        223
          0
        208
          0
        164
          0
         74
         88
        123
        247
          0
          0
        111
        166
         18
          0
        122
         73
        255
         88
          0
        176
        255
          0
        255
        187
        130
          0
         91
        202
          0
        202
        255
        255
        255
          0
        214
        124
          0
        115
          0
          0
          0
          0
         14
          0
          0
        107
          0
        255
        255
          0
        233
         99
          0
          0
        129
        115
        127
          0
         21
          0
          0
        179
        106
          0
        255
         50
        255
          0
          0
        122
        162
          0
          0
          0
        157
          0
          0
          0
          0
         43
          0
        208
        105
        105
          0
          0
          0
         45
        149
          0
          0
          0
          0
         35
          0
          0
        218
          0
        246
          0
          0
         87
          3
          0
          0
          0
          0
         86
        253
        118
          0
          0
          0
         88
          0
          0
          0
          9
         78
        115
          0
          0
          0
        208
          0
          0
        255
          0
          0
          0
        255
         39
          0
        189
          0
          0
          0
          0
          0
          0
          0
        113
          0
          0
          0
         89
         51
        188
        255
          0
        211
         93
        208
          0
        166
        255
        255
          0
        255
          0
        255
          0
          0
          0
        119
        101
         56
          5
         36
          0
        107
          0
          0
        182
          0
          0
        255
        137
         35
          0
          0
          0
          0
          0
        225
          0
         40
         32
        255
         44
         20
        147
         49
         39
          0
          0
          0
        100
          0
        128
         19
         67
          0
        102
        255
        114
          0
          0
        255
        166
         85
          0
        255
          0
        255
          0
          0
        247
          0
          0
          0
        107
        255
        255
          0
         90
          0
          0
        136
          0
        154
        255
         70
          0
          0
          0
          0
          0
        255
        255
         97
          0
        101
        160
          0
          0
        121
          0
          0
          0
          0
          0
         21
          0
          0
          0
          0
         55
          0
         50
          0
         34
        116
          0
        102
          0
          0
        201
        255
          0
          0
        255
          0
         80
          0
        147
        255
         82
        255
          0
          0
        244
        164
          0
          0
          0
          0
          0
        255
          0
          0
         65
          0
          4
        170
        255
        154
        128
          0
          0
         87
          0
          0
        255
          0
          0
          0
          7
        200
          0
          0
         39
          0
        255
         29
          0
          0
          0
        255
        255
        216
        115
          0
          0
          0
          0
        138
         22
         83
          0
         32
          0
          0
         74
          0
          0
        255
          0
        228
         85
        236
         65
          0
          0
          0
         18
        137
          0
          0
          0
          0
        255
          0
          0
        255
         49
        109
          0
        171
          0
          0
          0
          0
         13
        255
         17
          0
          0
        172
          0
          0
         95
          0
        117
         77
          0
          0
          0
          0
          0
          0
         34
          0
        255
        158
          0
        233
         32
          0
        103
         80
          0
          0
        255
         34
         32
          0
          0
          0
        197
          0
          0
          0
          0
         41
        113
          0
          0
          0
          5
          0
          0
        143
          0
          0
          0
          0
          0
        147
          0
         93
          0
          0
          0
          0
        255
         38
          0
         45
          4
        255
          0
         99
        138
         54
          0
         86
        110
          0
        135
          0
          0
         28
          0
        192
          0
        255
          0
         42
         60
        173
        149
        167
         60
          0
         12
         10
          0
          0
          0
          0
         92
          0
        255
          0
         10
          0
        180
          0
          0
         64
        168
        116
          0
          0
          0
        205
          0
          0
          0
          0
        146
         16
          0
          0
          0
          0
          0
         39
          0
          0
        194
          0
          0
          0
        255
        127
        196
          0
        154
        255
          0
        174
        155
        246
        103
         41
        158
          0
        111
        255
          0
          0
         17
        255
          0
          0
         45
         23
          0
        179
          0
          0
          0
          0
          0
          0
          0
        255
          0
        255
          0
        156
          0
         49
        156
          0
        242
          0
          0
        255
        198
          0
          0
          0
          0
          0
          0
          9
          0
         50
         56
         55
        255
         34
          0
          0
          0
          0
          0
        255
        207
          0
         80
        249
          0
        255
         11
          0
         60
        111
        144
          0
          0
        255
          0
         10
         74
        255
          0
          0
        188
          0
          0
        192
        255
          9
          0
        116
         62
          0
          0
          0
          0
         40
        158
        196
          0
         65
        135
          0
          0
          0
         87
          0
          0
        255
          0
        213
          5
          0
          0
         57
          0
        163
          0
        128
          0
          0
          0
          0
          7
        255
          0
        251
          3
          0
          0
        255
          0
         49
          0
        250
         19
         66
          0
         89
          0
        255
          0
         56
          5
          0
          0
          0
          3
         82
          0
        199
        255
         27
          0
          0
          0
        255
          0
        220
          0
         18
        105
        255
          0
          0
         51
          0
         19
         42
        255
          0
          0
        255
        255
        255
          0
         58
        226
        103
          0
         15
         60
        229
          0
          0
         88
          0
         48
         58
          0
         93
          0
          0
          0
        113
          0
          0
          0
          0
          0
          0
          0
          0
        184
        225
          0
        228
          0
          0
        238
        195
         32
          0
          0
          3
          0
          0
          0
        125
        112
        255
        255
        255
          0
         32
          0
          0
         64
        255
        143
          0
          0
        171
        120
        168
         35
          0
          0
          0
        168
          0
          0
          0
          0
        112
        234
         58
        111
          6
          0
          0
         26
          0
        110
          0
        207
          0
        138
          0
          0
          0
          0
          0
        186
          0
          0
          0
         95
          0
        255
          0
         95
          0
          0
          0
          0
        135
        190
        131
          0
          0
          0
         27
          0
        255
        124
          0
        137
         38
         78
          0
         18
          0
        137
          0
        162
          0
         58
        237
         79
          0
          0
        141
          0
        104
          0
          0
        192
        169
        141
        116
          0
          0
          0
          0
         76
        255
        120
          0
          0
          0
          0
        255
          0
        255
          0
         47
          0
          0
          0
        172
          0
        249
          0
          0
          3
        255
         59
        138
          0
          0
          0
        101
        255
        104
         20
          0
         28
        255
        255
          0
        210
          0
        124
        255
          0
        122
          0
        160
          0
          0
        140
          0
          0
        255
          0
        244
         97
         17
        239
          0
        143
         13
         13
        206
        255
        128
          0
          0
         95
        255
        255
        110
          0
          0
          0
        217
         33
          0
         77
        244
         96
          0
          0
          0
         29
          0
        255
        146
          0
          0
          0
        115
         67
         85
          0
          0
          0
          0
          0
        255
          0
          0
        255
        255
          0
         36
          0
        255
          0
          0
         39
         63
         20
          0
          0
        255
         26
        255
          0
        255
        151
          0
          0
         29
          0
         82
        137
          0
         10
         66
        226
        255
         83
        255
          0
        255
        227
         54
         21
         27
          0
          0
        255
        189
          0
          0
          0
          0
          0
        150
          0
          0
          0
          0
          0
          0
          0
          0
          0
         18
         79
          0
        163
          0
        160
          0
          0
          0
        169
          0
          0
          0
         98
        255
          0
          0
          0
          0
          0
        255
          0
          0
          0
        177
          0
          0
          0
          0
         76
         39
          0
        126
          0
          0
         92
        255
        135
        255
        255
        255
          0
        100
          0
        125
          0
         26
         36
         43
          5
          0
          0
          0
        120
          0
         32
         31
         20
        255
          0
        177
        125
        137
          0
        202
          0
          0
          0
        146
         82
        255
        255
        199
          0
          0
        190
          0
         78
          4
          0
          0
        113
        171
          0
          0
          0
          0
          0
        255
         96
          0
         74
          0
          0
        169
          0
        153
        106
          0
          0
        255
          0
          0
        255
          0
        255
          0
          0
          0
         46
          0
        216
          0
         21
        229
          0
         69
          0
        239
          0
          0
        118
        125
         22
        180
          0
          0
          0
         91
         83
          0
          0
          0
        102
          0
          0
          0
        214
          0
          0
        255
          0
        244
          0
        245
          0
          0
          0
        169
          0
          0
        255
          0
        168
        255
          0
          0
          0
         90
        246
        194
          0
          6
          0
          0
        101
        255
          0
          0
          0
          0
        140
         86
          0
        105
          0
          0
         87
         78
          0
        171
          0
        255
        255
         23
        163
        159
          0
          0
        185
         54
          0
        171
          0
          0
        226
          0
         33
          0
        255
          0
        150
         23
          0
         12
          6
          0
          0
          0
         45
        150
         41
        130
          0
          0
         68
        255
        125
          0
          0
         14
         85
        111
        255
         16
        255
          0
         66
        255
         95
          0
         59
        255
          0
          0
          0
         78
          0
          0
          0
          0
          0
        176
          0
        149
          0
        183
         26
          0
         79
        255
        178
        186
        104
          0
          0
          0
          0
          0
         15
          0
        164
        255
        255
          0
          0
          9
         24
          0
          0
          0
        147
        240
          0
         53
          0
        134
          0
          0
        255
          0
        156
          0
         24
          0
         15
         85
        255
         80
          0
          0
         14
          0
        122
        255
        255
        255
         59
          0
          0
          0
        121
          0
          0
         95
          0
         15
          0
        196
          0
          0
          0
         82
          0
        255
        225
          0
          0
        129
          0
        124
        255
          0
          0
          0
        173
        255
        125
        255
          0
          0
        114
          0
         72
          0
          0
          0
          0
          0
          0
         49
        119
        153
        255
        233
          0
          0
        144
          0
          0
          0
          0
         63
        143
         16
          0
          0
          0
        255
          0
        255
          0
        154
         56
          0
          0
          1
          0
        103
        130
          0
          0
          0
        109
        255
        255
         98
          0
          0
          0
        151
        172
         22
          0
        143
          0
         62
          0
          0
        158
        255
        255
          2
          0
         60
          0
          0
          0
        255
         27
         67
        148
        196
          0
          0
          0
        255
        255
          0
         99
        253
          0
          0
          0
        113
        206
        173
          0
        147
         27
        201
         86
        255
         20
         58
         72
          0
         99
         34
          0
          0
          0
          0
        154
          0
          0
         96
        124
          0
          0
          0
         77
        255
          0
         29
          0
         14
          0
          0
          0
        122
          0
        179
          0
         47
        255
          0
          0
          0
          0
        124
          0
        124
          0
        188
        100
         86
         80
          0
         85
          0
        243
        135
          0
          0
        183
         62
          0
        158
        245
          0
          0
          0
          0
          0
        151
          0
        152
        129
          0
        255
          0
          0
        114
          0
          0
          9
          0
          0
          0
          5
          0
          0
          0
        255
        154
          0
          0
        166
         95
          0
          0
         23
         21
          0
        233
        255
          0
        255
        255
          0
          0
          0
          0
          0
          0
        255
          0
          0
          0
          0
          0
        227
        159
          0
          0
          0
        167
          0
          0
          0
          0
        115
          0
          0
          0
        132
         86
         78
          0
          0
        255
         82
          0
        225
        135
          0
        159
         31
        214
          0
        112
         17
          0
        212
         77
          0
        255
        255
         46
          0
          0
          0
          0
          0
          0
        182
          0
          0
          0
          0
        154
          0
        255
        166
         25
          0
         97
          0
          0
          0
          0
          0
          0
         32
          0
          0
          0
        107
          0
        246
         17
          0
         64
          0
         94
        137
          0
        135
          0
          0
          0
         39
        138
        255
        190
        255
          0
          0
         68
        119
          0
          0
          0
          0
        183
          0
        111
        126
          0
        255
          0
        185
         76
          0
          0
        187
         52
          0
          0
        187
          0
        133
          0
        255
         99
          0
        255
        255
          0
        108
          0
        255
         70
          0
        207
          0
        255
        173
        103
        255
         90
          0
        255
        153
          6
          0
          0
          0
         65
          0
          0
        176
        255
          0
          0
          0
         20
        255
        255
         56
         62
          0
          0
         50
          0
          0
          0
          0
        255
        139
          0
         14
         15
          0
        255
          0
          0
          0
          0
          0
         52
          0
        145
        138
          0
          0
          0
          0
         47
          0
        255
         41
          0
          0
          0
         79
          0
        138
         13
          0
        199
          0
          0
         16
         28
        255
        255
          0
          0
         50
          0
         30
          0
          0
          0
          3
          0
          0
          0
          0
         71
          0
        255
          0
         45
          0
          0
         27
        115
          0
        149
          0
          0
          0
          0
         91
          0
        255
        255
          5
         99
         12
        118
          0
          0
         99
         47
          0
          0
         40
          0
          0
        172
        255
          0
         30
          0
          0
          0
          0
          0
          0
        167
          0
          0
          0
          0
          0
         26
          0
        255
          0
          0
        255
          0
          0
         92
          0
          0
        207
          0
          0
          0
          9
        106
        255
        121
        223
         18
          0
          0
          0
         74
        255
          0
          0
          0
          0
          0
          0
          0
        216
          0
          0
          0
          0
         22
          0
          0
         71
          0
        164
        255
          0
          0
          0
        169
          0
          0
        255
        255
        201
          0
          0
         78
        136
          0
         54
          0
          0
          0
          0
        155
          0
        255
         29
          0
        255
          0
          0
          0
        170
          0
        158
          0
         20
          0
          0
        152
          0
          0
        222
          0
         21
         82
          0
        138
        180
         86
         27
          0
         21
          0
          0
          0
          0
        255
          0
          0
        255
          0
          0
          0
          0
          0
        236
        255
          0
         40
          0
         96
          0
        255
        255
          0
          0
         25
          0
          0
        255
          0
        214
        190
          0
        255
          0
        105
          0
          0
          0
          0
        255
          0
        187
         22
        166
          0
        125
        168
         34
          0
         53
         14
          0
        255
          0
         81
         76
          0
          0
         90
        255
          0
        108
        166
          0
        212
         82
         58
        122
          0
          0
          0
        255
          0
          0
         51
          0
         77
          0
        255
          0
          0
          0
         32
          0
         35
        255
        222
          0
         79
          0
        133
        181
          0
        122
         19
        152
          0
          0
          0
        132
         56
        252
          0
          0
          0
        126
          7
          0
          0
          0
        255
         16
          0
          0
          0
        255
          0
          0
          0
         25
         54
          0
          0
          0
          0
        223
          0
          0
          0
          0
          0
          0
        255
