          0
          0
         87
        255
          0
        209
          0
          3
        106
        104
          0
        195
          0
        209
        123
          0
          0
        244
        165
         15
          0
          0
          0
         44
          0
        255
        140
          7
        197
        144
          0
          0
          0
          0
          0
        255
          0
          0
         74
        117
          0
        255
          0
        207
          0
          0
          0
          0
          0
        239
          0
        146
          0
          0
        108
        116
          9
        255
          0
        255
        125
          9
          0
          0
          0
        197
         33
        255
          0
        226
          0
        120
          0
          0
         70
          0
        111
         41
          0
         70
          0
          0
          0
          6
        109
          0
         72
         83
          0
          0
          0
        114
          0
          0
          0
        207
          0
        255
          0
        255
          0
          0
          0
          0
          0
          0
          0
          0
        255
          0
          0
        160
          0
        236
          0
          0
         65
          0
          0
         15
        203
        255
          0
        255
        166
          0
          0
        255
        255
         83
          0
        255
         27
          0
          0
          0
          0
          0
        122
          0
         70
          0
          0
          0
          0
        194
          0
          0
         63
          0
          0
         80
        106
        255
          0
          0
        106
         14
          0
          0
        159
          0
         16
        255
          0
          5
          0
          0
          0
        255
          0
          0
        184
          0
          0
        100
          0
        144
         98
          0
        110
          0
          0
         74
        160
        255
        195
        255
          0
         87
          0
          0
        212
          0
          0
          0
          0
         24
          0
          0
          0
          0
          0
          0
        120
          0
          0
          0
          0
          0
         17
         73
          0
          0
          0
         36
        185
          0
          0
          0
          0
        178
          0
          0
        177
        255
        131
        206
          0
          0
          0
          0
          0
        134
         30
         32
          5
          0
        178
          0
         75
        252
          0
          0
          0
          0
          0
         91
          0
          0
          0
         31
          0
          0
          0
         20
          0
          0
          0
        127
          0
          0
         15
          0
        255
         84
         61
          0
        211
          0
        170
          0
        162
         78
        195
          0
          0
          0
          0
          0
        138
          0
          0
        106
          0
        140
          0
         41
          0
          0
        172
        255
          0
          0
          0
          0
        255
        255
          0
        127
          0
        220
        255
          0
         61
        194
          1
          0
          0
         38
          0
          0
          0
        255
          0
        255
          0
         98
        127
          0
        175
          0
          0
        255
          0
         63
          0
          0
          0
        107
          0
        247
        249
        255
          0
          0
          0
         11
         22
        180
        102
          0
        138
          0
          0
        160
         40
        255
          0
          0
         60
          0
        255
          0
        207
        255
        255
          0
          0
        133
          0
        255
          0
        164
          0
        255
          0
          0
          0
        186
         15
          0
          0
         96
        158
          0
          0
         15
          0
          0
        204
          0
        126
          0
         85
          0
          0
        255
          0
        192
         16
          0
        255
        255
          0
          0
         72
          0
         79
          0
         81
        255
          0
          0
          0
        138
        149
          0
         57
          0
        220
        255
          0
        132
          0
          0
          0
          0
         63
        255
        255
          0
          0
          0
        172
        122
         10
          0
          0
        153
          0
          0
          0
        160
          0
         59
          0
          0
         89
          0
         70
        255
        206
        255
          0
        143
        132
          0
          0
         52
         56
        255
         66
          0
          0
          0
          0
        255
          0
        108
        255
        246
        100
          0
          0
         63
        255
          0
          0
          0
         88
          0
        171
        255
         78
        255
          0
         89
         55
          0
        121
          0
        170
          0
          0
        255
          0
        113
          0
          0
         14
          0
        100
          0
        248
          0
        165
          0
          0
          0
          0
        255
          0
          0
         17
          0
        244
          0
          0
          0
         73
          0
        225
          0
         46
        255
          0
          0
         69
         35
        142
         95
         10
          0
          0
         69
         36
         52
          0
         44
        174
          0
          0
          0
          0
        119
        118
         14
          0
          0
         74
          0
          0
         75
        181
        140
          0
        255
          0
         97
          0
          0
        254
        255
          0
          0
        255
          0
          0
          0
         52
         95
          0
         86
          0
          0
        117
        124
          0
        255
        128
        255
         83
          0
          0
          0
          0
          0
          0
          0
          0
          0
         25
          0
        255
        108
          0
          0
        152
          0
          0
          0
         70
        244
        236
        149
          0
          0
         93
          0
          0
          0
        116
        255
          0
          4
         11
        203
          0
        255
         39
          0
        106
          0
          0
          0
        113
        229
          0
          0
          0
         93
          4
          0
          0
          0
          0
          0
         23
          0
          0
          0
         64
        255
        255
        255
          0
          0
          0
          0
          0
          0
        143
        163
        255
         44
          5
          0
        255
        100
          0
        128
          0
        119
          0
         74
          0
        163
          0
         17
          8
          0
        112
        152
        153
        255
          0
        255
          0
          0
          0
        246
          0
          0
          0
        255
        255
          0
         53
         83
          0
         80
        145
        167
          0
        255
         13
         69
          0
        175
        219
         48
          0
          0
         85
        106
          0
          0
          0
        255
        255
          0
         18
          0
        200
          0
          0
        255
        163
          0
         15
          0
          0
          0
          0
          0
        255
          0
          0
          0
          0
          0
          0
         38
          0
          0
        127
          0
          0
          0
        137
        255
          0
          0
        100
        101
        168
         53
          0
        255
          0
          0
          0
          0
          0
          0
          0
         78
         60
          0
          0
         73
          0
        135
        146
          0
          0
          0
          0
          0
         27
        255
          0
          0
         55
         54
         12
          0
          0
          0
          0
          0
          0
          0
         65
          0
        255
        141
          0
          0
          0
          0
        255
          0
         89
        191
        235
          0
          0
          0
          0
          0
        133
        255
        142
          0
          0
          0
          0
         66
          0
          0
          0
        107
         53
        255
          0
          0
         30
        163
         34
        224
        255
          0
         43
         43
          0
         83
          0
         57
         48
          0
          0
        112
        203
        199
        143
        255
        255
        110
          0
        169
        132
          0
         85
        169
          0
          0
          0
          0
        252
        238
         25
        168
        255
        155
         98
         84
          0
        238
        255
          0
          0
          0
         97
          0
        158
        255
        255
          0
          6
        105
          0
         53
        255
        207
          0
        255
          0
        255
         44
          0
          0
          0
          0
        101
          0
          0
          0
         84
          0
         96
          0
          0
          0
          0
          0
          0
          0
        255
         90
        255
        102
        141
          0
        173
          0
          0
          0
          0
          0
          0
          0
          0
        131
        214
          0
        129
          0
          0
        214
        145
          2
          0
        142
          0
          0
        112
        151
          0
          0
        207
        255
        255
          0
          0
          0
         58
          0
        133
          0
        187
          0
          0
          0
          0
        162
          7
          0
        213
          0
        235
        203
        150
          0
          0
        110
          0
          0
          0
        118
        127
          0
        255
          0
        255
         72
         41
          0
        255
          0
        255
        138
        255
          0
        119
          0
        121
          0
        255
          0
         77
        255
        210
        181
          0
          1
        107
          0
          0
          0
          0
        112
         69
          0
        255
          0
        255
        222
         79
          0
          0
        255
          0
          0
         77
          0
         35
          0
         90
          0
          0
          0
        121
         74
          0
        251
         10
          0
        169
        255
          0
         23
         91
          0
          0
         41
        217
          0
          0
        255
         28
          0
          0
        140
          0
          0
          0
          0
        255
          0
          0
        255
        255
         64
        161
          0
          0
        255
          0
          2
        104
        255
          0
          0
        255
          0
          0
         79
          0
          0
          0
          0
          0
          0
          0
        189
          0
          0
          0
          0
          0
          0
          0
        255
        255
          0
         88
        255
          0
        255
          0
         24
         21
          0
          0
          0
         77
          0
          0
          0
        255
        128
        255
        106
          0
         35
          0
        236
          0
        111
          0
          0
        255
         23
          0
        173
         46
         47
          0
          0
        255
          0
          0
         51
        128
          0
          0
          0
         28
          0
        116
          0
         28
        160
        255
        255
        175
         22
          0
        112
        146
          0
        255
          0
        198
          0
          1
        255
        219
          0
          0
          0
          0
          0
         71
         72
          0
          0
         22
          0
          0
        148
          0
        206
        255
          0
        155
        255
        149
        255
          0
          0
          0
          9
        255
          0
        255
          0
          0
        255
        229
         58
        232
        255
        255
        110
         96
          0
          0
          0
          0
          0
          0
        115
          0
          0
        255
          0
        210
          0
        222
        176
          0
          0
        255
          0
        255
          0
          0
          0
         98
        255
          0
          0
          0
          0
        186
          0
          0
          0
          0
         83
          0
          0
          5
          0
         15
          0
          0
        255
        136
        133
        182
        132
        156
          0
         96
          0
        255
          0
        234
          0
        132
        255
         80
         36
          0
          0
          0
         80
          0
          0
        120
         19
          0
          0
        145
         22
          0
         74
        255
        255
          0
         25
        153
         25
          0
          0
        255
         52
        123
         53
          0
          0
        139
          0
          0
          0
          0
         80
          0
          0
          0
        135
        116
          0
          0
          0
         31
          0
          0
          0
          0
        255
          0
          0
          0
         68
          0
          0
          0
          0
        255
          0
        254
         68
          2
        255
          0
          9
          0
        192
        116
         86
          0
         14
         80
          0
          0
          0
          0
          0
          0
          0
          0
          2
        225
          0
          0
          0
        140
        255
          0
          0
        255
          0
          0
         19
          0
        255
        255
          0
          0
          0
         71
        244
          0
          0
        161
        202
        151
          0
          0
          9
          0
        122
        255
        255
        255
        255
        199
          0
         90
          0
          0
          0
        208
          0
        255
          6
          0
        109
          0
          0
          0
          0
         99
        110
          0
          0
        139
        203
         74
        101
          0
          0
          0
          0
        156
        255
        255
          0
          0
          0
          0
        220
        206
          0
        141
        108
          0
          0
          0
        130
          0
          0
        172
          0
          0
          0
          0
        173
          0
         26
          0
          6
          0
          0
          0
        190
        255
          0
        255
          0
        196
          0
          0
        255
          0
         69
        189
        123
          0
          0
          0
         70
        132
        124
        223
        151
        172
          0
          0
        100
        185
        200
          0
          0
          0
         24
          0
          0
        255
          0
        255
        193
          0
          0
          0
        207
          0
          0
        206
          0
        172
          0
          0
        255
        157
         89
          0
          0
        255
          0
          0
          0
         78
        227
          0
         17
          0
        112
          0
          0
        255
        241
          0
          0
          0
          0
          0
          0
          0
          0
          0
          6
          0
          0
          0
        255
        108
          0
         19
          0
          0
         27
          1
          0
          0
         90
          0
          0
          0
        104
          0
         30
          0
         68
          0
        255
         76
          0
          0
        198
        255
          0
         33
          0
        249
         43
        131
        175
          0
         80
          0
         67
         11
        250
          0
          0
        167
          0
         67
         80
         21
          0
          0
         58
        255
        255
          0
        255
          0
        201
          0
          0
          0
        144
        255
          0
          0
         64
          0
          0
        210
          0
          0
          0
        255
          0
          0
        112
         94
          0
          0
          0
          0
          0
          0
        169
          0
        202
        255
        119
          0
          0
        130
         71
        239
          0
        255
          0
          0
          0
        126
        255
        166
         80
          0
        255
          0
        134
         36
        101
         11
        215
          0
          0
         38
         42
        128
          0
        255
          0
        191
        255
         63
          0
          0
        112
          0
          0
        255
          0
          0
          0
        154
        255
          0
        115
        235
        210
          0
        185
          0
        148
        160
         89
          0
          0
        106
          0
          0
          0
          0
          0
          0
          0
        113
          0
          0
         72
        255
         86
        255
          0
         30
          0
          0
          0
        255
          0
        234
          0
          0
        132
         80
        113
          0
          0
          0
          0
          0
         98
          0
          0
          0
         28
        255
        210
        184
        189
          0
        184
          0
         30
          0
          0
         85
          0
          0
          0
        255
          0
          0
          0
        110
         46
          0
          0
        118
        223
         32
          0
          0
         63
          0
          0
        255
        160
        234
          0
          0
          0
          0
        215
        255
          9
          0
          0
        176
          0
          0
        128
        152
          0
          0
          0
        255
         42
          0
         65
        132
        106
          0
         66
        149
        122
          0
         13
        255
          0
        159
          0
        242
          0
        113
          0
        255
          0
        225
          0
        255
          0
          0
        115
          4
         43
        124
          0
          0
          0
        151
          0
          0
        164
          0
          0
         21
         20
          0
          0
          0
          0
        255
        146
         73
         14
          0
        238
          0
        152
        181
          0
         61
          0
          0
         24
          0
        102
         43
         71
        255
          0
          0
          0
        192
          0
        107
          0
          0
        143
        126
          0
        255
        255
          0
          0
          0
          0
          0
        148
          0
          0
          0
          0
          0
         65
        111
          0
          0
          6
         27
        255
         39
        208
          0
         15
          0
        112
          0
        102
          0
        144
          0
          0
        200
          0
         60
        201
         89
          0
        232
          0
        201
          0
          0
          0
          0
          0
         66
          0
          0
          0
         38
          0
        255
          0
          0
         73
        103
        106
          0
          0
          0
          0
          0
         44
         92
          0
        136
        255
         41
          7
        174
          0
        255
         52
          0
          0
          0
          0
         57
          0
          0
        106
        120
        125
        255
          0
          0
         59
        210
          0
          0
          0
        132
        112
         66
          0
        145
          0
        255
        255
         36
          6
        216
          0
         18
          0
          0
          0
          0
          0
         36
        255
          0
          0
         33
        255
        255
          0
          0
          0
         18
        174
          0
          0
        235
          9
         76
        107
          0
          0
          0
        255
          0
          0
          0
          0
         83
          0
          0
          0
          0
          0
         26
          0
          0
          0
        118
        255
          0
        253
          0
         99
        106
          0
          0
          0
          0
          0
        144
        134
         23
          0
          0
        255
        122
          0
          0
          0
        255
          0
          0
         12
          0
          0
          0
        218
          0
          0
          6
          0
        255
        255
         37
         11
        169
          0
          0
         50
          0
         16
          0
          0
        255
          0
        100
         36
         95
          0
          0
          0
        255
          0
          0
          0
          0
          0
         47
          0
          0
          0
         56
         95
         77
          0
          0
          1
         27
          0
         29
         62
          0
          0
          0
          0
          0
          0
          0
          0
         94
          0
          0
          0
        255
        237
          0
          0
          0
          0
          0
         77
          0
          0
        236
         89
          0
          0
          0
         48
        122
        173
          0
          0
          0
        105
          0
        164
        255
          0
         88
          0
        125
        145
        197
