         33
         37
        112
         78
          0
          0
        111
          0
          0
        255
          0
          0
          0
          0
          0
         20
          0
          0
        105
          0
         11
         51
        165
          0
        120
          0
          0
          0
        255
         58
        171
        115
          0
          0
          0
          0
        255
        208
        105
         45
          0
          0
         86
          0
          0
          0
          0
          0
          0
         28
          0
          0
        242
          0
         21
          0
         49
          0
         40
          0
        255
         48
         97
          0
        120
          0
          0
        164
          0
         26
         91
          0
          0
          0
        251
          0
          0
          0
        149
          0
        135
          0
          0
          0
          0
         72
         74
        183
         50
          0
        142
          0
        255
          1
          0
        188
        113
        147
          0
        135
          0
          0
         43
          0
          0
         59
        179
        116
          0
         10
          0
          0
         27
          0
          0
          0
         61
          0
         16
        255
          0
          0
          0
          0
        255
         88
          0
         97
          0
          0
        138
          0
          0
         79
         29
          0
         25
         39
          0
          0
          0
         10
          0
          0
          0
          0
         96
        253
        255
          0
        127
          0
          0
        255
        111
          0
          0
        152
          0
         55
          0
        132
        142
          0
          0
        255
        126
          0
         32
        255
          0
          0
          0
          6
          0
          0
          0
          0
          0
          0
        255
          0
          0
          0
          0
          0
        170
          0
        255
         69
          0
        132
          0
          0
          0
          0
          0
        255
        135
          0
          0
        171
          0
          0
          0
         55
          0
          0
          0
          0
        143
          0
          0
          0
        120
         85
         28
        192
          0
          0
        255
         79
        171
          0
         44
          0
        122
          0
        255
        255
         25
          0
          0
          0
          0
          0
          0
        108
        137
          0
          0
        253
          0
          0
          0
         66
          0
          0
          0
          0
        165
        220
        255
         97
          0
        178
        241
          0
          0
        109
        255
          1
         30
          0
        220
          0
          0
         24
          0
          0
        166
          0
          0
          0
         28
          0
          0
        111
          0
          0
          0
        255
          0
          0
        255
         70
        214
         95
          0
          0
         92
         93
          0
        255
         16
          0
        255
        222
          0
         90
        232
          0
          0
          0
          0
        255
        138
        110
          0
         13
          0
        213
          0
          0
         85
          0
          0
        113
         99
        138
          0
          0
        122
        173
          0
          0
          0
          0
        238
        246
        255
         12
         49
          0
         68
          0
        255
         41
        138
        180
         49
          0
          0
          0
          0
          0
          0
          0
          0
          0
        156
        129
        131
         24
          0
        155
        255
        255
          0
          0
        231
        255
        121
         53
          0
         10
          0
          0
          0
         56
          0
        121
        255
          0
          0
        255
        162
          0
          0
          0
          0
        115
          0
         19
         26
         27
          0
          0
          0
        255
         32
          0
        205
          0
          0
        113
          0
          0
          0
          0
          0
        111
        141
         72
          0
         22
          0
        255
         92
        100
        196
        255
          0
         73
          0
        128
          0
          6
          0
          0
        255
          0
         95
          0
          0
        165
        255
          0
          0
         99
          0
        114
         79
        115
         10
         67
          0
          0
          0
        223
         35
         12
         66
        255
          0
         93
        248
          0
        153
          0
         24
          0
          0
        255
          0
          0
         34
          0
          0
         76
          0
         55
         50
          0
          0
          0
        157
        207
        166
          0
          0
          4
         51
        138
         82
        255
        180
          0
         48
        145
         40
          0
          0
        145
        223
        179
        121
        173
         23
          0
          0
          0
          0
          0
        142
         77
          0
        140
         42
        224
        255
         11
        221
         27
          0
          0
          0
          0
          0
        154
        117
          3
         53
          0
          0
         41
          0
        255
         25
          0
        226
        255
        255
         73
          0
        125
        143
        205
          0
          0
         43
          0
          0
         21
        117
          0
          0
        255
          0
          0
        255
        129
          0
          0
        140
          0
          0
          0
          0
        255
          0
          0
          0
         24
          0
         51
          0
        165
        232
         93
          0
        184
          0
          0
          0
          0
          0
        255
        148
         96
          0
          0
          0
          0
          0
          0
          0
          0
          0
          0
          0
        255
          0
        197
          0
          0
          0
          0
         24
        115
        184
         59
          0
        198
        119
        234
        255
          0
          0
        190
          0
          0
          0
        255
          0
         57
          0
         87
          0
         17
          2
          0
          0
        240
          6
         12
        105
          0
          0
         65
         53
        168
         32
          0
          0
        137
          0
        197
          0
          0
        139
          0
          0
        255
        158
          0
          0
        160
        125
         84
         40
          0
          4
        190
        255
          0
          6
        176
        203
        188
        255
          0
         46
        170
          0
        105
        172
          0
         95
        188
          0
          0
          0
        105
        103
          0
          0
        255
          0
        149
          0
         56
        115
          0
          0
          0
          0
        255
          0
          0
        255
        109
        255
          0
          0
          0
         11
        126
          0
         99
          0
        213
          0
          0
          0
        236
          0
          0
        165
        255
          0
          0
        157
         86
          0
          0
          0
          0
          0
         11
          0
          0
        255
          0
          0
         84
          0
          0
         63
        172
        171
         78
         81
         97
          0
          0
          0
          0
          0
        124
         87
        255
         93
          0
         91
        121
         91
         48
          0
         84
          0
        255
          0
        142
        131
          0
        255
          1
          0
          0
        212
         43
          0
        131
         69
        225
          0
          0
        252
        226
         54
          0
          0
        122
          0
         93
        237
          0
        126
          0
          0
        185
          0
          0
          0
        177
        255
          0
        255
          0
          0
        160
         18
        167
          0
          0
        101
          0
          0
          0
        160
          0
        161
          0
          0
          0
          0
          0
          0
          0
          0
          0
          0
        207
          0
          0
        170
          0
         52
        255
          0
         82
        142
        119
          0
        169
          0
        181
         54
        140
        255
        101
          0
        137
          0
          0
         70
        255
          0
          0
        232
          0
          0
         62
          0
          0
          0
          0
          0
         10
          0
          0
          0
          0
          0
        101
        124
          0
          0
        186
         85
        198
         60
         13
          0
        255
         57
        220
          0
          0
          0
         55
        240
        182
          0
          0
          0
         44
          0
        255
          0
          0
          8
          0
          0
          0
         66
          0
        132
          0
        245
         59
         79
          0
          0
         32
          0
         77
         64
        204
         96
          0
        255
        153
        245
          0
         56
          0
         88
        194
        255
        255
          0
         60
        121
        255
        255
          4
          0
          0
        123
          0
          0
          0
        114
          0
        255
          0
          0
        255
          0
          0
          0
        255
         78
          0
        190
         91
          0
          8
          0
          0
        255
        221
          0
         16
        197
          0
        255
          0
        242
          0
          0
        188
        243
          0
          0
          0
          0
          0
          0
        252
          0
          8
        177
          0
          0
          0
        171
         21
          0
          0
        101
         19
          0
        255
          0
          0
        108
        255
          0
          0
         45
        165
         18
        255
        171
          0
         75
         44
          0
          0
          3
          0
         70
        255
         34
        255
          0
         90
         24
         39
          0
         73
          0
         79
        255
          0
         22
         43
         33
          0
          0
          0
        100
          0
          0
        255
         68
        211
        106
        248
        255
          3
          0
          0
          0
          0
        189
        255
          0
         16
        178
          0
          5
         10
          0
         76
          0
          0
         32
        144
          0
         67
        255
          0
          0
        157
         60
          0
          0
        247
        100
          0
          0
         39
          0
          0
        112
          0
          0
          0
          2
          0
        240
          0
          0
          0
         21
          0
         64
        109
         59
          0
          0
          0
          0
         37
          4
        147
        103
          0
        197
        160
         62
          0
          0
         86
          0
          0
          0
          0
        187
        255
          0
          0
        114
          0
          9
          0
         20
          0
          0
          0
         10
          0
          0
          0
          0
          0
          0
        144
          0
          0
          0
          0
         66
          0
          0
          0
          0
          0
        154
        169
         35
          0
          0
          0
        205
         35
          0
          0
         43
          0
        255
        255
          0
         25
        255
        255
          0
          0
        116
          0
        198
          0
        187
          0
         60
         83
        255
         21
          0
         64
         54
          0
          0
          0
         34
         41
        164
         86
          0
         11
          0
        197
          0
          0
          0
        165
        255
         42
          0
          0
         96
         70
         35
          0
          0
          0
         97
        255
        155
          0
          0
         41
        126
         96
         99
          0
        110
        158
        197
        115
          0
          0
          0
          0
          0
          0
         59
         65
          0
          0
          0
         66
        226
        132
          0
          0
          0
          0
          0
          0
          0
          0
          0
        227
         86
         17
          0
          0
          0
         29
          0
        128
          0
          0
          0
         23
          2
        255
          0
         61
        255
         12
          0
          0
        109
          0
          0
        143
          0
        153
        145
        172
        255
          0
          0
        255
         65
         29
          0
          1
          0
        105
          0
          0
        238
         43
          0
         51
        255
        255
          9
        104
         62
          0
          0
         62
         56
          1
        221
          0
        148
        118
          0
          0
          0
         76
          0
          0
          0
         25
         39
          0
          0
        109
          0
          0
          0
          0
          0
          0
          0
          0
         96
          0
         97
         32
        255
         46
          0
          0
        150
         34
          0
          0
         78
        214
         47
         57
          0
        171
         92
          0
          2
        255
         31
        161
        131
         90
        134
          0
          0
        212
        200
          0
         34
          0
          0
        200
          0
         70
          0
        163
         44
          0
        255
          8
        141
          0
          0
          0
        201
          0
          0
          0
        105
          0
          0
         16
         94
         26
          0
          0
          0
         17
          0
          0
          0
        190
          0
          0
          0
          0
          0
        141
          0
          0
         74
         18
          0
          0
          0
          0
          0
        255
        126
        239
         32
          0
          0
         60
        165
          0
          0
         68
          0
          0
        241
          0
        168
          0
          0
          0
          0
        120
         81
          0
          0
          3
        213
        192
         38
        205
          0
         39
        168
          0
        114
          0
        198
          0
        233
        149
          0
         39
          0
          0
         33
        188
          0
        255
         98
        149
        255
         45
         79
          0
          0
         37
        190
          0
          0
        246
         18
        191
          0
          0
          0
        255
          0
        136
          0
          0
          0
         36
          0
        170
          0
        136
         35
          0
        255
          0
          0
        182
        226
         43
        119
          0
        255
          0
        200
         93
          0
        255
         67
          0
        161
          0
          0
          0
         97
        255
        161
          0
        255
         67
        232
         21
          0
          0
          0
         36
          0
        255
          0
         71
        162
        123
          0
          6
        208
          0
        217
         28
          0
        153
        150
        141
          0
          0
        149
        220
          0
          0
        159
          0
        169
          0
        136
         98
          0
          0
          0
         70
        255
        254
        164
          7
         48
         11
          0
          0
          0
         18
          0
          0
         69
        226
        151
        247
          0
         63
        254
          0
          0
        101
         82
          0
        255
          0
          0
         90
          0
          0
          0
         33
          0
        255
         64
          0
          0
          0
          0
          0
          0
        175
          0
          0
          0
          0
          0
          0
          0
         80
          0
        214
         43
          0
         12
          0
        191
          0
        205
         82
        103
          0
          0
          0
        255
        255
          0
          0
        196
        232
          0
        122
          0
          0
        233
          0
        247
         55
        131
        198
        102
          0
          0
          0
         72
          4
          0
          0
          0
          0
          0
          0
          0
          0
          0
          0
          0
          0
         61
        125
        248
        193
         70
         52
        255
        125
          0
          0
          0
        255
         91
          0
         20
          0
          0
          0
          0
          0
        167
          0
        102
        120
        248
        108
          0
        175
          0
          0
        255
          0
        163
         61
          0
        154
        121
          0
          0
         81
          0
         16
          0
        129
         64
          0
         67
          0
          0
        255
        136
          0
          0
          0
        255
          0
          0
        170
          0
        192
          0
          0
        210
        255
          0
          0
          0
         40
          0
         11
        215
        149
          0
        247
        195
          0
          0
          7
          0
          0
         41
          0
          0
        174
          0
          0
         86
        118
        113
          0
         35
        133
         80
          0
        255
        255
          0
          0
        163
          0
          0
         42
        255
        174
        103
          0
          0
          0
         20
        171
        160
          0
         28
          0
          0
          0
          0
          0
        146
         27
        156
          0
          4
          0
          0
          0
        255
        255
          0
         12
        220
          0
          0
         47
          0
        142
          0
        186
          0
        234
        147
          0
        160
          0
          0
        131
        134
        255
          0
        255
          0
         94
        136
        113
          0
          1
          0
        198
        255
        255
          0
         80
        197
         29
        255
          0
        122
          0
        109
        204
          0
          0
        123
          0
          0
          0
          0
          0
          0
        197
          0
         70
          0
         18
          0
          0
          0
        195
         81
          0
        134
        255
          0
         66
         23
          0
        212
         50
          0
        158
        200
          0
          0
         83
         81
         82
          4
         74
          0
         53
          0
         18
          0
        255
          0
          0
          0
         41
        127
          0
         84
          0
        115
        255
         88
          0
        195
          0
          0
          0
        126
        165
         57
          0
         46
          0
         97
          0
          0
          0
        216
        152
         63
         33
        157
        255
        255
          0
        120
          0
         20
          0
          0
          0
          0
          0
        130
         70
        148
          0
          0
         29
        113
          0
          0
          0
          0
          0
          0
         28
        255
         25
        162
          0
          0
          0
        119
        255
          0
          0
          0
          0
          0
         97
          0
          0
        255
          0
        150
        208
        154
          0
          0
          0
        223
         91
          0
          0
        158
          0
          0
         19
          0
          0
        205
          0
          0
        140
          0
         85
          0
         28
          0
          0
         89
          0
          0
          0
          0
          0
        132
          0
          0
          0
          0
        105
        154
         71
         16
         33
          0
         98
         34
        115
        230
          0
        255
        255
         63
          0
         99
        205
          0
          0
          0
          0
        129
         41
          0
        101
        255
         73
          0
        189
          0
          0
        255
         58
        110
         31
         19
        239
          0
          0
          0
          0
        222
          5
          0
        123
        101
        161
        110
        171
          0
          0
         37
          0
         11
          0
          0
          0
          0
        185
        120
          0
          0
          0
        248
          0
          0
          4
          0
          0
         87
          0
          0
        255
          0
          0
          0
         92
         94
         15
         39
        117
          0
          0
         50
          0
          0
          0
        132
        188
        255
        255
        137
        179
        204
        125
        235
         68
         93
          0
          0
        255
        255
          0
          0
          0
          0
          0
          0
          0
          0
          0
          0
          0
          0
          0
         41
          0
