         85
          0
          2
        255
          1
          0
          0
          0
          0
          0
          0
          0
          0
        127
          0
          0
         44
         21
         98
          0
          0
          0
          0
          0
        160
         65
        255
         35
          0
         73
        153
        110
        119
          0
          0
        128
          0
          0
          0
         12
          0
         89
        255
          0
         37
         29
          0
        158
        123
         68
         22
          0
        203
        123
        180
          0
        255
          0
          0
         83
          0
         77
         70
        197
          0
         38
          0
        179
          0
         84
        129
          0
         33
          0
        255
          0
          0
          0
          0
         38
          2
          0
          0
         10
          0
        116
         82
          0
        255
          0
          0
          0
         37
        125
          0
          0
         86
          0
          0
        187
          0
          0
          0
          0
         74
          0
          0
          0
          0
        103
          0
        142
        114
          0
        109
        255
        123
        125
          0
         84
        255
          0
          0
         70
          0
         80
        157
         18
        100
         51
         44
        193
        186
         84
        136
          0
          0
          0
          0
         98
        101
          0
          0
         91
          0
          0
         44
        195
          0
        185
         42
          0
        168
          0
          0
          0
          0
         21
         33
         29
         74
          0
        201
          4
         25
          0
          0
         62
          0
          0
          0
          0
         69
          0
          0
          0
          1
          0
          0
          0
        135
         74
          0
          0
          0
         19
          0
         50
          0
         37
        172
          0
        110
          0
        164
         37
          0
          0
         84
          0
          0
          0
          0
        102
          0
          0
         61
         83
          0
         49
         96
        255
        146
         44
          0
          0
        150
          0
         27
         66
         42
         73
        176
          0
        125
          0
         14
        180
          0
         50
        157
         75
         31
         64
        107
         14
          0
        141
         34
        122
         20
         34
        121
         13
        149
         13
          0
          0
          0
          0
        255
          0
         50
          0
          0
        158
          0
          0
        170
        106
          3
          0
        181
          0
          0
          0
        252
          0
          0
          0
          0
        133
          0
          0
         35
        255
         21
          0
        233
        102
        255
          0
        202
         21
          0
         67
          2
        163
         60
          0
          0
        255
         40
          0
         94
          0
          0
          0
          0
          0
         19
         38
         39
         94
         11
          0
         92
          0
         68
        175
          0
          0
        255
          6
          0
          6
        123
         44
        171
          0
        143
          0
          0
         74
          0
          0
          0
          0
          0
          0
        142
          0
         82
         66
         82
        149
         51
          1
         70
          0
        128
         54
          0
          0
          0
         24
          0
         33
          0
         69
         99
          0
          0
         32
         36
        237
          0
          0
         66
         60
          0
          0
         90
         81
         44
        125
         90
         46
         17
          0
          0
        132
        141
         72
          0
          0
          0
         29
          0
        115
          0
         34
        202
          0
          1
          0
        255
         44
          0
          0
         99
        109
          0
          0
        245
          0
          0
          0
          0
        177
         78
          0
         76
          0
         79
        175
          0
          0
          0
          0
        255
        157
        105
         69
         85
         38
        121
         16
         98
        254
          0
         45
         41
         51
          0
          3
          0
          0
        100
          0
          0
        172
          8
          0
          0
        255
        180
        145
          0
          0
          0
          0
          0
         75
         82
          0
        184
          0
        153
          0
          0
         28
        186
          0
        189
          0
          0
         67
          0
          5
          0
          0
          0
          0
          0
          0
          0
          0
          0
         43
          0
         28
          0
          0
        200
        130
        130
         42
        171
          0
         47
          0
        111
        255
          0
          0
         34
         64
          0
         70
          0
          0
          0
        135
         40
          0
         37
          0
         63
        255
          0
         91
          0
          0
          0
          5
        255
          0
          0
        128
          0
          0
