          0
        148
          0
          0
        167
        158
          0
          0
        253
          0
         29
          0
          0
          0
          0
          0
         27
         72
        150
          0
         32
          0
        129
        134
        255
          0
          0
        219
        181
          0
         14
          0
          0
          0
        151
          0
        255
        101
          0
          0
        193
        183
         79
        191
          0
          0
         16
          0
          0
          0
        210
        255
          0
          0
        199
        110
        138
         37
          0
        152
          0
          0
        139
        129
          0
          0
          0
          0
        203
        188
          0
        124
        226
          0
          0
          0
          0
          0
         26
        255
          0
         64
        171
        199
          0
        230
         69
          0
         74
          0
          2
         68
          0
          0
        120
          0
          0
        227
        157
        190
        255
          0
          0
          0
        245
          0
          0
          0
          0
          0
          0
          0
          8
          0
        127
         65
        201
          0
        255
          0
          0
          0
          0
        124
         37
        169
        172
        108
          0
        194
          0
        240
        255
          0
          0
         68
          0
          0
          0
          0
         33
          0
        160
          0
          0
         12
        167
        109
          0
          0
        146
        182
        182
          0
          0
        117
        151
          0
          6
         93
          0
          0
          0
          0
        255
        184
        132
          0
          0
          0
         31
         57
          0
         64
          0
        255
          0
         44
        251
        241
          1
          0
          0
          0
        206
          0
          0
        178
          0
        149
          0
         51
          0
        122
         71
          0
          0
          0
        255
          0
          0
          0
         36
          0
         63
          0
          0
          0
          0
        105
        191
        182
          0
        255
         71
         51
          0
          0
          0
        164
          0
          0
         19
          0
         40
        255
        123
        143
        255
          0
          0
         53
        184
          0
          0
          0
          0
        255
          0
        255
          0
          0
         14
          0
          0
          0
          0
          0
        255
        113
          0
          0
          0
          0
        147
          0
        246
         31
         20
          0
          0
        184
          0
          0
         72
         36
          0
         15
          0
        255
          0
          6
        126
         47
          0
          0
        126
        190
        213
          0
        255
          0
         74
         95
        187
          0
          0
          0
          0
         18
          0
          0
          0
          0
          0
          0
         86
        110
          0
          0
          0
        255
          0
        231
          0
         99
          0
          0
          0
          0
        168
          0
          0
          0
        124
         12
         93
         23
          0
          0
         95
          0
          0
        159
          0
         40
          0
        113
          0
          0
          0
        204
          0
          0
         69
        238
          0
          0
          0
        229
          0
         52
          0
          0
          0
        197
         61
        234
         50
        201
          0
         51
          0
        162
        168
        211
          0
        103
        255
          0
         81
          0
          0
          0
         63
          0
         82
          0
          0
          0
        255
          0
          0
        110
          0
          0
          0
        127
        136
          0
          5
          0
          0
          0
          0
          0
          0
        216
          0
        178
          0
         96
          0
         58
          0
        180
          0
        124
          0
          0
          0
          0
          0
          0
          0
          0
        200
        249
        255
        115
         57
        216
        136
          0
          0
          0
          0
        242
          0
          0
          0
        124
          0
          0
          0
         81
          0
          0
          0
         72
          0
          0
        109
          0
          0
          0
          0
          0
          0
         85
        154
        145
        128
          0
         55
        233
          0
          0
         53
         42
        121
          0
          0
        118
        255
          0
        255
          0
         45
          0
          0
        182
         95
          0
          0
          0
          0
          0
        162
        255
        107
        165
        184
        172
         18
          0
        152
         83
          8
         64
        177
        217
          0
          0
          0
          0
          0
         74
        255
          0
          0
         37
          0
          0
          0
          0
          0
          0
        252
          5
        197
          0
          0
        156
          0
          0
          0
        147
         38
          7
         35
          0
        255
        101
          0
        125
          0
         81
          0
          0
          0
          0
         38
         31
          0
          0
          0
         23
        114
          0
        255
          0
        106
        255
          0
          0
        255
          0
        161
        107
        166
          0
        158
          0
         45
          0
          0
          0
          0
          0
          0
        232
        244
          0
          7
          0
          0
          0
        121
        255
         41
          0
          0
          0
          0
          0
        114
          0
        255
         24
        100
          0
        207
         11
        255
          0
          0
          0
        141
        250
          0
         23
          0
         58
          0
          0
         96
          3
          0
          0
          0
          0
          0
          0
          0
          0
        199
          0
          0
        220
        250
          0
        136
          0
          0
        173
        230
          0
          0
          0
         96
          0
        255
         80
          0
         72
          0
          0
         15
          0
          0
          0
          0
        150
          0
         10
          0
          0
         90
         54
          0
         25
        255
        195
          0
          0
        133
         32
          0
        135
        235
          0
        169
         87
          0
        154
          0
          0
        121
         25
        102
          0
          0
        255
          0
          0
          0
         71
          0
        124
        206
          0
         81
          0
          0
        134
          0
        226
          0
          0
          0
          5
          0
          0
          0
          0
          0
          0
          0
          0
        255
          0
        106
         40
          0
         25
          0
          0
         97
          0
          0
        241
          0
          0
          0
        143
        175
        120
         21
        166
         34
         86
          0
         34
         81
          0
          0
          0
          0
        177
          0
         24
          0
          5
          0
          0
          0
         40
          0
          0
          0
          0
          0
         50
          0
        212
        105
          0
        255
        104
        130
        216
          0
          0
          8
         29
        224
        255
          0
          0
          0
          0
        255
          0
          0
          0
          7
        150
          0
          0
        130
          0
          0
          0
        214
        233
          0
          0
          0
          0
          0
          0
          0
        126
          0
          0
          0
         36
          0
         21
          0
        128
        255
        173
          0
          0
         36
        101
          0
          0
         57
          0
          0
          0
         42
          0
        255
        188
         50
          0
          0
        203
         65
          0
         22
        202
         75
         53
          0
          0
         61
          0
          0
         41
          0
          0
        113
          0
          0
        157
         42
          0
          0
        255
         47
        102
          0
         23
          0
          0
        180
          0
          0
        214
        255
        198
        154
          0
        117
          0
          0
         38
          0
          0
          5
          0
          0
        143
        104
          0
          0
          0
          0
        218
          0
         57
          0
          0
         89
          0
          0
          0
        124
          0
         70
          0
        205
          0
          0
          0
        115
          0
          0
          0
          0
          0
          0
          1
        255
         32
          0
         90
         30
          0
         14
          0
          0
         91
          0
          0
          0
          0
        255
         58
          0
          0
        166
          0
        255
          0
        121
        218
        157
         18
          0
         45
         36
         32
          0
          0
          0
        185
          0
          0
        214
          0
          0
         57
         55
        234
          0
          0
          0
        101
          0
          0
          0
          0
          0
         82
        255
        131
          0
        217
         81
          0
          0
          0
        155
          0
          0
          0
          0
        117
          0
        220
        255
          0
          0
        106
          0
        255
          0
          0
          0
          0
          0
          0
          0
          0
        113
          0
        255
          0
          0
        187
        187
          0
         97
          0
        113
        255
          0
         86
          0
        189
          0
          0
          0
         18
          0
          0
         34
        255
          0
          0
          0
        106
          0
          0
          0
          0
        132
          0
        126
          0
          0
        216
         81
          0
          0
          0
          0
        230
          0
          0
          0
          0
        255
          0
         77
         80
          0
         34
          0
          0
          0
          0
          0
        109
          0
          0
          0
        255
          0
          0
          0
          0
          0
        163
         73
          0
          0
          0
        200
          0
          0
         81
          0
        124
          0
        135
          0
          0
          0
        157
         64
          0
          0
          0
          0
          0
          0
          5
          0
          0
          0
        109
        255
          0
        107
          0
          0
         54
        241
          0
        149
          0
          0
          0
         19
        189
        255
        126
         93
          0
          0
         58
          0
          0
          0
          0
          0
          0
          0
          0
          0
          0
          0
          0
          0
        153
          0
          0
          0
        175
        162
          0
          0
          3
          0
        206
          0
         40
          0
          0
          0
          0
          0
          0
          0
         47
          0
          0
          0
          0
          0
          7
        191
          0
          0
          0
        245
          0
          0
         19
         80
        212
          0
         83
          0
          0
          0
        161
          0
        140
          0
         67
          0
          0
          0
          0
          0
         57
          0
          0
         79
          0
        255
         50
          0
          0
        212
         42
        255
          0
          0
        191
        126
         50
        203
          0
        225
          0
        171
          9
          0
        146
          0
          0
          0
          0
         59
          0
         50
          5
        184
        255
          0
          0
          0
          2
          0
          0
         84
          0
         81
         25
          0
          0
         41
          0
          0
          0
        182
         50
        153
          0
          0
        157
        255
         65
        120
          0
          7
          0
          3
        255
          0
          0
          0
          0
          0
        154
          0
          0
        124
          0
         62
          0
          0
        211
         86
        166
        165
          0
          0
          0
          0
         58
          0
         67
          0
         39
        127
          0
         31
          0
         36
          0
         94
          0
         36
          6
          0
          0
        197
          0
         64
         76
        255
          0
         85
          0
        198
          0
          0
         97
        127
          0
          0
         50
          0
          0
        255
        116
        232
          0
          0
          0
          0
        255
        107
        223
        195
          0
        255
          0
          0
          0
        255
          0
          0
         68
          0
        100
         57
          6
          0
          0
         73
          0
         14
         35
          0
        121
          0
         87
          0
         36
          8
         41
          0
        255
         23
          9
         98
          0
        255
          0
        103
         66
          0
        111
        214
          0
          0
          0
        121
        117
        114
          0
        122
          0
          0
          0
          0
         59
          0
         86
        255
          0
          0
          0
          0
          0
          0
          0
          0
        100
          0
        241
        169
          0
        249
          0
          0
          0
          0
         47
         50
         31
          0
          0
         14
          6
          0
          0
          0
         14
        121
          0
          0
         23
         80
          0
          0
          0
          0
          0
        173
          0
          0
        201
          0
          0
        167
        201
          0
        199
          1
          0
        198
          0
        255
          0
          0
          0
          0
          0
        210
        121
          0
          0
         83
          0
          0
          0
         58
        255
          4
          0
          0
          0
        255
        205
          0
          0
          0
          0
          0
        196
          0
        201
        146
          0
         49
          0
         56
          0
          0
          0
          0
        197
          0
        152
          0
          0
          0
          0
          0
        255
          0
        237
         11
          0
          0
        246
          0
          0
          0
        118
         73
          0
          0
          0
        158
          0
          0
          0
          0
          0
         41
        254
          0
         15
        255
          0
          0
          0
          0
          0
          0
        255
          0
        230
          0
         27
          0
          0
          0
        205
          0
          0
        255
        202
          0
        174
          0
          0
          0
          0
        194
         92
          0
        183
        211
         91
        255
          0
          0
          0
          0
          0
         27
        255
        140
        218
         58
          0
          0
          0
        141
          0
         95
        225
          0
          0
         82
         10
         22
          0
          0
          0
         31
          0
          0
          0
         53
        203
        255
         30
        255
          0
        157
         18
          0
          0
          0
        242
        176
          0
        255
        255
          0
        255
        255
          0
          0
          0
         20
         51
         30
         10
          0
          0
          0
          0
          0
         53
          0
          0
        255
         36
          0
          0
          0
        190
          0
          0
          0
          0
          0
          0
          0
          0
         20
          0
        104
         77
        218
        185
          0
        179
          0
          0
        237
          0
         35
        137
        111
         79
        124
         56
        255
          0
        160
          0
         31
          0
          0
        255
          0
        134
          0
          0
          0
          0
          0
        255
        205
         50
          0
          0
         16
         27
        146
         16
          0
          0
          0
          0
        165
        169
        255
         30
          0
        104
        255
         51
          0
          0
          0
        255
          0
        255
        107
         62
          0
        246
          0
          0
        121
          0
        255
        165
          0
          0
         61
          0
          0
          0
         15
        255
          0
        123
        171
        177
         75
          0
          0
          1
          6
          0
          0
          0
          0
        255
          0
         72
          0
        131
        207
          0
          0
          0
        255
        182
          0
          0
          0
          0
          0
          0
          0
        227
          0
         30
        103
        214
         10
          0
          0
          0
          0
         90
          0
        255
         54
        130
          0
          0
          0
        146
          0
          0
         45
         76
        255
          0
        109
         56
          0
          0
          0
          0
          0
          0
        117
        222
          0
        180
        255
          0
        255
         90
         80
          0
          0
        185
          0
          0
         16
         20
          0
          0
          0
        255
        213
          0
          0
        200
          0
        214
         21
          0
          0
        160
          5
          0
        105
          0
         35
         59
          0
          0
          0
         26
          0
          0
         28
          0
        127
          0
         49
         82
          0
          0
         67
          0
        142
        221
          0
          0
          0
          6
        211
          0
          4
         22
        172
          0
         26
          0
          0
        196
        227
          0
          0
          0
          0
          0
          0
        255
          0
          0
          0
          0
        255
          0
          0
        255
        255
          0
          0
         24
          0
         43
         71
        186
          0
          0
          0
          0
         20
          0
          0
          0
          0
          0
          0
         87
         63
        226
          0
        165
          0
        246
         71
         58
          0
         35
        120
         45
         17
          6
          0
          0
        175
          0
          0
         39
         94
         92
         81
         48
         44
          0
         11
        140
        255
          0
        255
          0
         63
          0
          0
          0
          0
         55
         34
        124
          0
        176
          0
          0
        145
          0
        133
        161
        128
         98
          0
          0
          0
        130
        207
          0
         53
          0
          0
         87
        108
         60
        255
          0
        114
         26
          0
          0
          0
         48
          0
          9
          0
        130
        208
          0
         36
        198
          0
         71
         56
        102
        219
          0
        111
         49
         96
          0
         37
          0
         88
        139
        255
        150
        255
          0
         39
        232
          0
          0
        191
         20
        188
          0
        255
         66
          0
          0
          0
        136
          0
          0
          0
         73
        175
        102
          0
          0
          0
         26
         14
          0
        139
        184
          0
          0
        255
          0
        115
         42
          0
          0
          0
        108
          0
          0
          0
          0
          0
          0
          0
        150
          0
          0
        168
        122
          0
          7
          0
        109
         70
          0
         19
        187
          0
          0
        255
         21
          0
          0
          0
          0
         60
          0
          0
          0
          0
         14
          0
          0
          0
          0
        178
         24
          0
        113
        120
         96
          0
          2
          0
         62
        186
          0
        102
          0
          0
        174
        255
        158
        255
        202
        123
        185
          0
        255
          0
          0
         64
          2
          0
         88
        107
          0
         12
        110
          0
          0
         26
         37
          0
          0
        197
        173
        219
          0
         86
          0
        255
        196
        170
         12
        237
          0
         58
        178
          0
          0
        162
          0
          0
        118
        255
          0
        160
        200
          0
          0
        255
          0
          0
        222
         24
        128
          0
          0
