         32
        101
        145
         47
          0
        201
          0
         97
          0
          0
          0
          0
        174
          0
          0
         22
          0
          0
          0
        255
        216
        215
         38
         50
        255
          0
          0
         72
        160
         72
          0
          0
          0
         88
        193
         55
          0
          0
          0
          0
         56
        255
        255
          0
          0
          0
          0
          0
          3
        124
        138
          0
        144
        103
         54
         98
         59
          0
          0
         54
          0
          0
          0
          0
          0
          0
        132
          0
          0
          0
          0
          0
          0
          0
          0
          0
         41
          0
        255
          0
          0
          0
         66
        255
         55
        238
          0
         42
          0
          0
          0
          0
         84
          0
         32
          0
         61
        207
          0
        101
          0
          0
          0
        195
          0
        255
          0
        167
          0
          0
        255
          0
          0
          0
         20
          0
        219
        126
          0
          0
          0
        167
        255
          0
          0
          0
         86
          0
         84
         70
        172
          0
         53
         10
          0
         82
          0
          0
          0
          0
          0
          0
          0
          0
          0
          0
          0
          0
        255
        140
          0
          0
        187
          0
          0
          0
          0
        190
          0
          0
          0
         31
         76
         40
          0
         25
          0
         78
          0
         70
          0
         23
          0
          0
          0
          0
        193
          0
         84
          0
        138
         86
          0
          0
          0
        178
          0
          0
        151
        212
          0
          0
         61
        203
        246
          0
          0
         34
          0
         16
          0
          0
          0
          0
          0
         33
          0
          0
          0
          0
         68
        255
        255
        209
          0
          0
          0
          0
          0
         60
          0
          0
          0
          0
         43
        109
          0
        105
          0
          0
         12
          0
          0
         20
        255
          0
        155
          0
        255
          0
          0
        255
        123
          0
         28
        154
          0
          0
          0
          0
          0
          0
          0
          0
          0
          0
         66
        182
          0
          3
          0
         41
          0
        153
        255
          0
          0
          0
          0
          0
          0
        219
          0
        197
        108
        255
          0
          0
          0
         95
        255
         29
        192
          0
          0
          7
         14
          3
         88
         99
        186
        111
          0
          0
          0
          0
          0
          0
        255
        134
        113
         86
        241
        170
          0
          0
         75
          0
          0
        209
          0
          0
         98
          7
          0
         47
          0
          0
        114
          0
          0
        144
        255
         48
        255
         63
        228
          0
          0
          0
        255
          0
         67
        182
          0
        255
        210
        255
        102
          0
          0
        241
          0
         35
          0
          0
          0
          0
          0
          6
          0
          0
         91
        167
         52
         83
          0
         26
          0
         90
          0
          0
          0
          0
        115
         42
        255
        255
         86
          0
         10
         56
          0
          0
          0
         69
          0
        111
          0
          0
        147
          0
        106
          0
         51
        165
          0
          0
          0
          0
        245
          0
        255
          0
          0
          0
        100
         22
        255
        250
        162
        255
          0
        121
          0
          0
          0
        105
        255
         34
        255
         29
        236
          0
         21
          0
         53
          0
        109
          0
         71
         15
          0
          0
        112
        255
          0
        130
        250
          0
          0
          0
          0
        144
          0
          0
          0
          0
          0
          0
        222
         49
         87
          0
          0
          0
          0
          0
         57
          0
          0
         63
          0
          0
        255
         54
          0
         84
        104
          0
          0
        111
         67
         75
        181
          0
        112
          0
          0
        160
         37
          0
          0
          0
        115
         32
          0
          0
          0
          6
         36
          0
          0
        108
          0
         95
          0
          0
          0
          0
          0
          0
          0
        182
        255
          0
        187
        255
          0
          0
          0
          0
         22
          0
          0
          0
        255
          0
          6
          0
         91
          0
         84
          0
         11
         34
          0
          0
          0
          0
          0
          0
          0
          0
          0
        175
          0
        153
          0
         81
        119
          0
         78
          0
          4
          0
        134
          0
        242
         28
         40
          0
          0
          0
         25
         75
        255
          0
          0
          0
          0
          0
          0
          0
         90
         21
          0
         86
        255
        111
          0
        255
        138
          0
          0
        255
         49
          0
          0
          0
          0
          0
        255
          0
          0
          0
         91
        175
        243
         64
        154
          0
          0
          0
          0
          0
        255
          0
        151
         68
        255
        217
          0
          0
          0
          0
          0
          0
          1
        121
          0
          5
          0
          0
          0
          0
          0
          0
          0
          0
        255
         97
          0
          0
          0
         14
          0
          0
          0
        143
          0
          0
          0
        182
        221
          0
         20
          0
          2
          0
         10
        168
          0
          0
        255
          0
          0
          0
          0
          0
          0
        106
          0
         80
          0
          0
        255
         41
          0
          0
          0
        181
          0
         87
        255
         25
        190
          0
          0
        160
          0
          0
          0
        126
          0
          0
          0
         61
          0
          0
          0
         49
          0
        204
        137
          0
         60
        154
          0
          0
          0
         49
        255
        115
          0
          0
        255
        180
          0
         38
          0
          0
          0
          0
          0
        107
        109
         75
          0
         39
         78
          0
          0
          0
         71
          0
          0
         52
          2
         81
        236
         99
          0
        202
          9
          0
        193
        171
          0
        145
        113
        168
          0
         19
        255
          0
         55
         27
          0
         55
          0
          0
          0
         26
         86
          0
         34
          0
          0
          0
          0
         47
         33
          0
          0
          0
          0
          0
          0
        120
        255
          0
          0
          0
          0
          0
          0
          0
         70
        118
          0
          0
        255
          0
        168
        115
          0
          0
         34
          0
          0
          0
          0
          0
         60
        136
        255
          0
          0
          0
          0
         92
        255
        255
          0
          0
        129
          0
         55
          0
          0
        165
          0
         42
          0
          0
        184
          0
         83
          0
         59
          0
        156
          0
         82
          0
          0
          0
          0
        255
          0
        103
        206
          0
          0
         91
        210
        255
          0
          0
          0
        202
          0
        135
          2
         18
          0
         37
          0
         71
         31
          0
         34
        221
          0
          0
        255
          0
          0
          0
          0
         29
         99
         45
          0
        137
          0
          0
          0
         72
         27
        255
          0
          0
          0
          0
         99
          0
        185
         77
          0
          0
          5
          0
          0
          0
        255
          0
         57
         55
         65
          0
        135
        255
         57
          0
        234
          0
          0
        225
          0
        133
         27
        142
          0
          0
          0
          0
          0
          3
        255
         73
          0
         31
          0
          0
          0
          0
        210
         79
          0
         41
        182
          0
         30
         91
        156
          0
          0
        176
        255
         54
          0
        114
          0
          0
          0
          9
          0
        189
          0
          0
          0
          0
          0
          0
          0
          0
          0
          0
        226
          0
          0
         71
        108
          0
          0
          0
         71
          0
          0
         31
        255
          0
        210
         41
          4
          0
          0
          0
         23
         98
          0
          0
          0
         53
          0
          0
         33
          0
          0
         10
          0
         81
          0
          0
        234
          0
          0
          0
        255
          0
          0
          0
        255
          0
        142
         20
          0
          0
        255
        246
          0
         41
        176
         27
          0
          0
          0
        179
         24
          0
         34
          0
        255
          0
          0
         87
         57
          0
          0
          0
          0
          0
          0
         88
        107
         86
          0
          0
          0
          0
          0
          0
          0
          0
          0
          0
        255
          0
         56
          0
          0
          0
         60
          0
          0
          0
          0
          0
          0
          7
          0
          0
          0
          0
        165
          0
          0
        222
          0
        126
         64
          0
        158
         37
          0
          0
        255
          0
        255
          0
         31
         23
         22
          0
          0
          0
        255
          0
        255
        146
        196
          0
          0
        240
         32
          0
         63
        107
        255
          0
        182
          0
          0
          0
          0
          0
          0
          0
          0
          0
          0
          0
          0
          0
         36
          0
         13
          0
          0
         34
        143
         27
          0
          0
          0
          0
        156
          0
        164
          0
          0
          0
        117
         13
          0
          0
          0
          0
          0
          0
          0
         45
          0
          0
          0
          0
         32
          0
          0
          0
          0
          0
          0
          0
          0
         75
          0
        255
        253
          0
          0
        114
          0
         23
        230
          0
          1
          0
          0
        183
          0
         57
         68
          0
          0
          0
         56
          0
          0
          0
          0
          0
          0
         78
         10
         91
        255
         82
          0
         43
          0
          0
          0
        132
        255
          0
        161
          0
        109
          0
          0
          0
          0
         90
          0
          0
        255
         23
          0
          4
          0
          0
        101
          0
          0
          0
         95
          0
          0
          0
          0
          0
        255
          0
          0
         71
          0
        255
         75
          0
        114
          0
          0
          0
          0
        185
          0
          0
          0
         48
          0
          0
          0
         56
         45
         53
          0
          0
          0
        199
          0
         81
         65
        255
          0
        140
        243
        179
         56
        211
        194
          0
          0
          0
          0
          0
          0
        150
          0
          0
          0
         14
          0
         63
         82
          0
          0
          0
          0
          0
          0
         81
          0
          0
         40
          0
         73
        142
          0
         77
          0
          0
        221
          0
          0
          0
          0
          0
         28
         98
          0
          0
          0
         58
         64
        106
         89
         43
         18
        151
         68
          0
          0
          0
        144
         36
          0
          0
          0
          0
        116
        150
          0
        255
          0
          0
         93
        110
          0
          0
         23
          0
        185
          0
          0
         48
         29
          0
         24
          0
          0
          0
        255
        125
        221
          0
          0
          0
          0
        115
          0
        154
          0
        110
        255
        132
          0
          0
         96
          0
          0
        154
         41
          0
          0
          0
        204
          0
        255
          0
          0
          0
          0
          0
          0
          0
         24
          0
        118
          1
          0
         51
          0
          0
        163
        182
        255
        182
        138
          0
         81
         67
          0
          0
          0
        147
          0
         79
        255
         12
          0
          0
          0
          0
         35
          0
          0
          0
          0
          0
          0
          0
          0
        231
          0
          0
          0
        171
          0
          0
        194
          0
          8
        141
          0
          0
          0
         66
          0
         21
        255
          8
          0
          0
          0
          0
          0
          0
          0
         95
          0
        118
        255
         43
          0
          0
        145
        144
         82
        179
        255
          0
         19
          0
         32
          0
          0
        246
          0
          0
        242
          0
          0
          0
        240
          0
          0
         37
          0
          0
        199
          0
        106
          0
          0
          0
        255
        157
        228
          0
          0
         59
        255
         63
         98
          0
         25
          0
          0
          0
          0
        156
          0
         13
          0
          0
          0
          0
          0
          0
         15
          0
         95
         14
          0
         37
        255
          0
          0
        133
          0
         59
          0
          0
        255
          0
          0
          0
         58
         97
          0
          0
          8
        154
          0
         10
          0
          0
          0
          0
         18
          0
          0
        167
        255
          0
          0
         61
          0
          0
          0
          0
        141
          0
         30
        117
          0
         39
          0
          0
         14
          0
          0
         19
          0
        141
          0
          0
        255
          0
          0
          0
         58
          0
         24
         70
         43
         40
          0
          0
          0
         92
          0
          0
          0
          6
          0
          0
          0
        246
          0
         80
         70
         81
          0
          0
          0
         14
        121
         44
          0
          0
         11
          0
          0
         15
          0
          0
        241
        116
          0
        223
          0
          0
          0
          7
          0
        150
         78
          0
        255
        120
        201
          0
        111
          0
          0
          0
          0
        185
          0
         49
          0
          0
          7
          0
          0
          0
          0
          0
          0
        112
          0
          0
        191
         94
          0
        255
          0
          0
         74
         68
        255
         85
        179
          0
          0
          0
          0
          0
          0
         71
          0
         39
          0
          0
          0
         29
         85
          0
          0
         56
          0
          0
          0
         77
          0
         21
        255
        193
        244
          0
        104
          0
          0
          0
        215
         13
         47
          0
          0
          0
          0
        150
          0
        149
          0
          0
          0
          0
          0
          0
         97
          0
          0
          0
          0
          0
          0
         44
         64
         58
        158
          0
        239
        106
        255
          0
        167
          0
         93
          0
         23
         88
          0
          0
          0
         61
        255
          0
          0
         25
          0
         29
          0
          0
          0
          0
         52
         64
          0
          0
        255
         25
        255
          0
          0
          0
        255
          8
        211
        255
         81
          0
        137
          0
          0
          1
        114
         53
          0
          0
          0
          0
         25
         22
         84
          0
          0
          0
          0
          0
          0
          0
          0
        251
        255
          0
          0
          0
          0
        130
        126
          0
        107
          0
         63
          0
          0
          0
          0
          0
        255
          0
          0
          4
         21
         18
         96
        202
         15
          0
        255
         15
         99
          0
        227
          0
        102
        106
          0
        114
         68
          0
        232
          0
          0
          0
          0
         32
          0
          0
          0
          0
          0
          0
          0
          0
         30
         54
         16
         82
        255
          0
          0
          0
          0
          0
          0
          0
          0
          5
        153
          0
          0
        190
          0
         56
          0
        102
          0
          0
          0
        169
         41
         77
         87
          8
          0
          0
         53
         37
         32
          0
        209
        104
          0
          0
        108
          0
        132
         32
          0
          0
          0
        144
          0
          0
          0
         19
        105
         45
          0
          0
         78
          0
          0
         52
          0
         30
          0
          0
         52
          0
          0
          0
        224
        100
          0
          0
        149
          0
         16
        167
          0
          0
        178
          0
        255
          0
          0
          0
        140
        255
          0
          0
          0
          0
        146
         50
          0
         73
          0
          0
         97
          0
         90
         15
         50
         98
          0
        116
        223
          0
          0
        197
          0
         71
          0
          0
        255
          0
          0
          0
        123
          0
          0
          0
          0
        121
          0
         74
          0
         57
          0
          0
        112
          0
          0
          0
        150
          0
          0
          0
         86
          0
          0
        142
          0
         56
        198
        149
          0
          0
          0
          0
        113
        118
        255
          0
         77
        141
         23
         87
          0
          0
          0
          0
          0
          0
          0
          0
        140
        119
         12
          0
        143
          0
         85
          0
          0
          0
         75
        187
          0
        217
          0
          0
         82
         47
          0
          0
         47
         82
         66
         84
          0
         42
          0
         18
        126
          0
          0
        205
        255
        108
          0
         74
        211
          0
          0
          0
         81
          0
          0
        176
          0
        212
          0
          0
         30
         12
          0
          0
         18
        111
          0
         88
          0
         73
          0
          0
          0
          0
          0
          0
          0
          0
          0
         64
          0
          0
          0
          0
          0
          0
          0
          0
          0
         58
         24
          0
         83
          4
          0
          0
          0
         88
          0
          4
        255
          0
         14
          0
         85
          6
