        114
        189
          0
          0
         38
         71
          0
          0
          0
          2
        222
        152
         67
          0
        134
          0
          0
          0
        112
         23
        185
          0
          0
         51
         88
        174
         52
         79
          0
        153
         61
         20
        133
          0
          0
          0
          0
        163
          0
          0
          0
        146
          0
          0
          0
        104
          0
         20
          0
         51
        207
         36
        247
          0
         31
         20
         72
          0
          0
        122
          0
         39
          0
          0
        205
         40
          0
          0
          0
         23
        182
          0
          0
        139
         77
         89
        114
         76
          0
          0
        213
          0
         65
          0
          0
         84
          0
          0
          0
        102
        255
          0
        129
          0
        166
          0
        148
          0
          0
          0
          0
         30
         15
          0
        162
        143
          0
         30
          0
          0
          0
          0
        165
          0
         38
          0
         34
          8
          0
         21
          0
         84
         42
          0
        132
        138
        216
          0
          0
          0
         64
          0
          0
          0
        148
          0
        126
          0
         50
         28
         29
        107
          0
        158
         65
         75
          0
          0
          0
         52
         67
          0
          0
         35
          0
        117
         23
        126
        255
         39
          0
          0
         25
        225
          0
          0
        201
        176
          0
          0
        134
          0
        108
         95
         29
        118
         84
          0
        200
          0
          0
         60
         43
         73
          0
          0
        104
         93
          0
         51
        213
         54
        150
          0
          0
        228
         37
          0
         76
          0
         29
        110
        255
         43
          0
         98
          0
        120
        164
        156
          0
          0
        130
         15
          0
         60
          0
          0
          1
          9
          0
         41
          0
          0
        208
          0
          5
          0
          0
          3
        127
          0
        142
          0
         62
         45
          0
         92
          0
         25
          0
          0
         65
         47
          0
          0
          0
         86
         70
          0
        128
          0
          0
        125
        255
          0
          0
          0
          0
          0
        175
        165
        131
         82
          0
          0
        144
          0
          0
         95
          3
          0
        171
        255
        190
          0
         70
         59
         29
          0
          0
         82
        255
        121
          0
          0
        255
          0
         59
          0
          0
          0
         82
        151
        191
          0
          0
          0
        212
          0
          0
         98
        255
        159
          0
        182
          0
          0
          0
         64
         55
          0
          0
        151
        255
          0
          0
         21
        179
          9
          0
          0
         19
          0
        244
          0
         18
        255
         19
          0
          0
          0
        126
         67
          0
        175
        255
          0
          0
         28
          0
         72
          0
          0
          0
          0
          0
          5
         92
        113
         43
         75
        110
          0
         59
          8
          0
          0
          0
          0
         41
         20
        255
         86
         91
          0
          0
        103
          0
          0
        114
          0
          0
          0
          0
          0
         95
          0
        255
          0
         54
         12
        255
          0
          0
        185
          0
          0
        133
          0
          0
          0
          0
         45
        122
          0
          0
          0
          0
          0
        180
          0
        130
          0
          0
          0
         70
          0
        125
          0
          0
         72
        131
          0
        206
          0
          0
          0
         51
        183
          0
          0
         81
        209
          0
         61
         91
          0
        119
          0
         58
        247
        121
          0
        112
          0
        122
         64
          0
         55
          0
          0
        255
         40
          0
          0
          0
          0
        152
          0
         34
         38
         59
        122
         77
        204
         11
         73
         46
          0
          0
          0
          0
          0
        109
        158
          0
          0
         52
          0
          0
         82
          0
          0
        255
         34
          0
        110
        255
          0
         31
          0
          0
        159
          0
          0
         78
        194
         14
         50
         95
         27
          0
          0
          0
          0
         47
          0
         66
          0
        180
         85
         60
         85
          0
          0
          0
          0
        139
          0
        255
          0
