        255
          0
          0
         29
          0
          0
          0
          0
         19
          0
          2
          0
        211
        107
          0
        255
          0
          0
          0
        100
          0
          0
          0
        118
         23
          0
          0
          0
          0
         18
         69
          0
        255
        255
          0
         52
          0
          0
          0
          0
         75
        193
          0
          0
        159
          0
         34
        255
          0
          0
          0
          0
          0
         72
        186
        161
          0
          0
         28
          0
          0
         14
          0
          0
          0
          0
          0
         28
        151
          0
          0
          0
          0
        158
          0
          0
        168
         56
         14
          0
        111
          0
          0
        133
          0
         66
          0
        128
          0
        255
          0
        255
          0
         14
          0
          0
          0
          0
         72
          0
          0
         28
          0
          0
          0
          0
          0
          0
          0
        109
        255
        143
          0
          0
        212
        185
          0
          0
        131
        151
          0
        255
         67
          0
        207
          0
          0
          0
          0
        255
          7
          0
          0
         25
          0
          0
         32
         92
          0
          0
         66
          0
          0
          0
         97
         92
        136
          0
          0
          0
          0
        195
          0
          0
          0
        148
        157
         64
          0
          0
        255
        124
          0
          0
         38
          0
          0
          0
         77
         57
          0
          0
        255
          0
         59
          0
          0
          0
          0
        213
          0
         90
         42
          0
          0
          0
          0
          0
          0
          0
          0
          0
          0
          0
        119
          0
          0
          0
          0
          0
        117
          0
          0
          0
          0
         21
         65
        141
        105
          0
          0
        179
          0
         94
          0
          0
         94
          0
          0
          0
          0
          0
          0
          0
          0
        245
          0
          0
          0
         15
         81
        255
          0
        123
          0
          0
          0
        107
          0
         10
         18
         74
         52
        168
          0
        102
        143
        182
         29
          0
         12
        212
          0
          9
         72
         59
          0
          0
         17
         14
        144
          1
          0
          0
         25
          0
         71
         28
          0
         64
          0
         76
         36
          7
        150
        230
          0
          0
         66
        232
         64
        181
         97
          0
          0
          0
        101
          0
        255
        255
          0
         26
          9
          0
          0
          0
          0
        124
        255
          7
        102
         67
          0
        255
         56
          0
          0
          0
          0
          0
          0
        139
         46
        255
         45
        255
         80
          0
         38
         63
          0
        255
        182
          0
          0
          0
          0
          0
          0
        158
        255
          0
        220
          0
          0
        255
          0
         28
          0
        205
          0
        112
          0
          0
         54
         76
          0
        255
          0
          0
          0
         55
          0
        255
         37
          0
        125
          0
          0
        114
          0
          0
          0
          0
          6
          5
          0
          0
        113
         23
        142
          0
          0
        147
         20
          0
          0
          0
        120
          0
        143
         64
         90
         16
          0
        255
          0
          0
          0
          0
          0
          0
          0
        190
        255
          0
          0
         89
          0
          0
         75
        131
        105
        118
          0
        118
          0
         62
          0
          0
        179
        213
        220
         33
          0
         91
          0
        255
          0
          0
          0
          0
          0
        116
        117
          0
        137
          0
          0
          0
        207
          0
          0
          0
        202
        100
          0
        124
        162
          0
          0
        227
         36
          0
          0
          1
          0
        146
          0
          0
          0
          0
          0
          0
          0
        255
        113
        172
        255
          0
        255
          0
          0
          0
         18
         77
        187
          0
          0
          0
          0
          8
         22
        238
          0
         11
          0
          0
          0
        100
          0
        217
          0
          0
         39
          0
         98
         16
        117
          0
          0
          0
          0
        102
        154
          0
          0
        130
         65
          0
          0
        125
          0
          0
         89
        170
          0
          0
          0
         49
         61
          0
         94
          0
         91
          4
          0
          4
          0
        255
         46
          0
         16
          0
          0
         32
          0
        255
        107
          0
        205
          0
          0
         87
          0
          0
          0
          0
          0
        235
          0
          0
          0
          0
          0
        255
        134
         64
        142
         24
          0
         96
         64
        154
          0
          0
        126
        107
        119
          0
         29
         27
          0
          0
         43
         88
          0
         12
          0
         74
          0
        113
          0
         75
          0
        107
          0
        255
          0
          0
         12
          0
          0
         68
         74
          0
        255
          0
        255
          0
          0
        255
         48
         57
        144
        196
         17
         86
          0
         79
         30
          0
          0
        184
        131
         33
          0
        144
          0
          0
          0
          0
        106
          0
         67
        134
          0
         46
        255
          1
        239
          0
          0
          0
        110
         57
        156
        125
          0
          0
          5
          0
         84
        255
          0
          0
        211
         36
          0
        159
        255
          0
          0
          1
         15
         21
          0
        255
          0
          0
        255
         12
        149
         78
          0
          0
         81
         89
        164
        152
          0
         92
         72
          0
          0
        247
          0
        127
          0
          0
          0
        117
          0
          0
          0
          0
        103
         17
          0
          0
          0
        142
        255
          0
          0
          0
          0
          0
         82
          0
          0
          0
          0
          0
         19
          0
          0
         25
         27
         47
        123
          0
         33
        160
         78
          0
        192
          0
        108
          0
          0
        220
         69
        110
          0
          9
        252
          0
          0
          0
         20
          6
        171
          0
         42
          0
        191
          0
          1
          0
          0
          0
          0
          0
          0
          0
          0
         49
          0
         56
         27
         22
         74
        149
         34
          5
        255
         36
          0
          3
         82
          0
          0
          0
         31
          0
          0
          0
          0
          7
         12
          0
          0
          0
         88
         48
         74
          0
        255
          0
          0
          0
        110
          0
         10
        197
         63
          0
         70
          0
        194
         47
          0
          0
         42
          0
        126
          0
          0
         86
          0
          0
          0
          0
         61
        255
          0
         71
          0
          4
        255
         52
          0
          0
          0
          0
          0
        253
         90
        130
          0
          0
          0
          0
        142
          0
          0
         85
          0
          0
          0
          0
        186
         51
          0
         29
          0
          0
          0
          0
          0
          0
        255
        255
          0
          0
         96
          0
          0
          0
         97
          0
        255
         23
          0
          0
          0
        231
         54
          0
        134
          0
          0
          0
        145
          0
          0
         73
          0
          0
        220
          0
        100
        130
        173
          0
          0
          0
         95
          0
          0
          0
         96
          0
          0
          0
        118
          0
         67
          3
          0
         38
         39
        192
          0
          0
          0
         46
          7
         25
          0
        255
        118
         49
          0
         94
          0
          0
        162
         19
          0
          0
          0
          0
        112
        129
          0
         31
        249
        118
        147
        255
         75
         37
        194
        242
          0
        112
          0
          0
          0
        111
          0
        134
          0
         53
         63
        110
          0
          0
         33
          0
          0
          0
          0
          0
         93
          0
        255
          7
          0
        112
        116
        119
        108
         63
        197
          0
          0
          0
          0
          0
          0
          0
         34
         66
          0
          0
         43
        152
          0
        255
        182
          0
          0
          7
          0
          0
          0
        165
        255
          7
          0
          0
          0
        255
         99
        104
         89
          0
         20
         57
        168
          0
          0
         43
          0
        126
         84
         68
          0
         94
         12
          0
          0
          0
         73
          0
        127
        255
          0
          0
        255
          0
        255
         88
        252
          0
          0
          0
        127
          0
          0
          0
        176
          0
          0
         25
          7
         17
          0
          3
        108
          0
        255
          0
          0
          0
         63
         15
         56
          0
         63
          0
         57
          0
        255
          2
          0
         77
          0
          0
        185
          0
          0
         79
          0
          0
          0
        255
         86
          0
        213
         37
          0
          0
          0
        210
          0
          0
        130
          0
          0
          0
          0
        129
          7
         38
        186
          0
          0
          0
         58
          0
          0
        220
          0
        138
          0
          0
          0
        255
          0
        191
          0
          0
          0
          0
        176
          0
          0
          0
         78
          0
          0
          0
          0
         71
          0
          0
          0
          0
          0
          0
         46
        115
         72
        166
          0
          0
         54
          0
          0
          0
          0
          0
         86
         63
          0
        169
          0
          0
          0
          0
          0
          0
          0
          0
          0
          0
          0
          0
          0
          0
          1
        255
         64
         22
         84
          0
          0
          0
        155
        165
         72
          0
         59
         73
          0
          0
          0
         91
          0
        255
          0
          0
         38
          0
          0
        226
         75
          0
          0
          0
        180
          0
         80
          0
         21
          0
          0
        179
          0
        111
          0
        151
         40
          0
          0
          0
         87
         65
         24
          0
         46
        255
          0
          0
          0
          8
          0
        251
         45
          0
          0
          4
        255
          0
        208
          0
        113
         77
          0
          0
          0
        125
          0
        153
         62
        255
          0
          0
        136
         39
         49
         41
        255
        255
          0
          0
          0
         13
          0
        255
         88
          0
        255
         36
        255
          0
         76
          0
         19
          0
          0
        154
          0
         70
          0
          0
         75
        255
          0
        107
        125
          0
          0
          0
          0
        255
          0
         37
         71
         23
         63
         83
         66
          0
          0
         33
        255
         39
          0
          0
          0
          0
        155
          0
          0
        102
          0
          0
         21
        193
         33
         85
          0
          0
         74
          0
        255
          0
        133
          0
         44
          0
         37
        118
          0
          0
        106
          0
        242
          0
          0
        255
         44
          0
        163
          0
          0
         66
        109
          0
          6
        178
          0
          0
        212
          0
          0
        139
        255
          0
          0
          0
          0
          0
          0
         66
          0
          0
          0
         34
          0
          0
        255
          0
         40
          0
        152
        145
         35
          0
          0
          4
         46
          0
        155
          0
        186
         75
          0
         85
        149
          0
          0
          0
          0
          4
          0
        255
          0
        119
        255
         28
          0
         60
          0
        255
         50
        137
        176
          4
          0
         75
          0
          0
         95
          0
        137
         81
         18
          0
          4
        169
          0
        233
          0
         14
          0
          0
        161
        255
          0
          0
          0
          3
          0
          0
          0
        255
         72
        106
          0
        107
          0
          0
          0
         41
         39
          2
          0
          0
          0
          0
          0
         75
          0
        255
        172
          0
          0
          0
          0
        255
        101
          0
          0
          0
        108
          0
          0
        255
         93
         88
          0
        228
         18
         18
        189
          0
          0
        190
         37
        171
        156
         65
         61
         54
          0
        255
          0
          0
        135
          0
          0
        206
          0
          1
          0
          0
        125
         55
         46
        255
         22
        117
          0
          0
         29
          0
          0
         48
         72
          0
        159
        252
        133
         60
          0
         82
          0
        255
         71
          0
          0
          0
          0
        130
          0
        153
        251
          0
         47
          0
         79
          0
         60
         26
          0
          0
          0
          0
          0
          0
          3
        106
          6
         36
          0
         38
          0
        147
         73
        255
         79
          0
         18
          0
        131
        196
          0
        144
          0
         37
        233
        113
        216
          0
          0
          0
         91
          0
          0
         92
        121
          0
          0
        185
         17
         12
          0
          0
         79
          0
        255
          0
         25
          0
         83
          0
         17
        192
         52
        131
          0
          0
        255
         60
        214
         67
         75
        136
          0
        226
          0
          0
         75
          0
         30
        135
         55
        168
          0
         14
        102
          0
        252
          0
          0
          0
          0
          0
        127
          0
         85
        119
          0
          0
        142
         60
          0
          0
         87
         84
        187
        187
          0
          0
          0
         86
          5
          0
          0
        220
        172
         25
          0
        134
          0
          0
          0
          0
        122
          0
          0
          0
          0
          0
          0
          0
          0
          0
          0
          0
         78
          0
        149
          0
          0
         92
          0
          0
         50
          0
         38
          0
         85
          0
         30
        141
         28
        255
          0
          0
         59
          0
          0
          0
          0
        155
          0
          0
          0
          0
          0
         43
         24
          0
        145
         19
          5
        103
          0
         76
         51
         44
          0
          0
        224
          0
          0
          0
         47
          0
        191
          0
          0
          0
          0
          0
        111
        171
          0
          0
          0
         24
        117
          0
         37
         35
        159
          0
         14
          0
         95
          4
         30
          0
          0
          0
          0
          3
         49
        117
        175
          0
          0
          0
         56
         15
          0
        255
         39
         85
          0
          5
        208
          0
        131
        255
         69
          0
          0
          8
         25
        109
          0
         42
         86
        255
          0
          0
          0
         20
         76
          0
          0
        255
         40
          0
          0
         17
        108
          0
          0
        169
          0
          0
        255
          0
        116
          0
        114
          0
          0
        221
          0
          0
          0
         26
          0
          0
          0
          0
        194
         60
          0
         39
          0
        255
         84
          0
         99
          0
          0
        222
          0
          0
          0
         32
         49
          0
          0
          0
          0
          0
        117
          0
         22
         85
        138
         75
          0
          0
          0
          0
        180
         54
          0
          0
          0
          0
          0
          0
          0
          1
         19
        125
         79
          0
        119
          0
          0
         77
          0
          0
         90
         52
          0
         64
         41
         63
          0
        131
          0
        255
          0
        255
          0
         47
          0
          0
          3
        255
         87
          0
          0
          0
          0
         11
          0
          0
          0
          0
          0
          0
          0
          0
         84
         39
         15
        200
          0
        138
          0
          0
          0
          0
         78
        219
          0
          0
         24
        140
          0
        255
          0
          0
         16
          0
          0
          0
          0
          0
          0
          0
          0
          0
        204
          0
         79
          0
          0
        214
          0
        141
         26
          0
         98
          0
        171
         91
          0
          0
          0
         80
          0
        255
          0
          0
         91
          0
          0
          0
        109
          0
         40
          0
          0
          0
          0
          0
         93
          0
          0
        176
          0
         69
          0
          0
          0
          0
        106
        231
          0
          0
          9
          0
          0
        255
          0
         33
          0
          0
          0
          0
         39
          0
          0
          0
        255
          0
          0
        255
          0
          0
          0
         61
          0
        105
          0
        171
          0
          0
          0
        116
          0
          0
         43
          0
          0
          0
          0
          0
          0
          0
          0
         32
         92
          4
          0
          0
          0
         83
          0
          0
        103
          0
          5
         39
          0
          0
          0
        101
          0
        100
          0
        255
          0
          0
          0
         73
          0
        255
         82
          0
          0
         26
          0
          0
         98
        143
        147
         22
        255
          0
          0
          0
          0
         55
        110
         96
          0
          0
          0
        233
          0
        162
          0
        255
          0
          0
         38
          0
        218
          0
        127
         65
         60
         29
          0
          0
         71
        106
          0
          0
          0
         10
        121
          0
          0
        127
        145
         87
          0
         52
         92
          0
          0
          0
          9
        150
        194
         12
          0
         64
