         66
          0
          0
        178
          0
          0
          0
          0
          0
        102
         17
          0
          0
          0
         11
         29
         83
         86
          0
         63
          0
        197
          0
        109
          0
         91
        210
          0
          0
          0
         48
          0
        127
          0
        255
          0
        231
          0
          0
         77
         54
          0
         28
          0
          0
          0
          9
          0
          0
         38
          0
          0
          6
         31
          0
          0
        155
          0
        224
          0
         62
          0
          0
          0
         92
          0
        131
         35
         25
          0
          0
          0
          0
         12
          0
          0
          0
          0
          0
          0
          8
          0
          0
        106
          0
        255
        169
        172
        163
         11
        118
         72
        110
          0
          0
          0
         11
          0
          4
          0
        255
          0
          0
         74
        123
        106
          0
         44
          0
          0
        131
          0
         85
         88
          0
        105
          0
        164
        129
        132
         48
          0
          0
          0
         82
          0
        161
         98
          0
          0
         76
          0
        185
         13
          0
         24
          0
        110
          0
          0
        170
          0
          0
        181
          0
          0
        241
         92
        232
        246
          9
        123
          0
          0
          0
          0
          0
         76
          0
          0
        143
          0
          0
         12
          0
          0
        222
          0
         23
         63
          0
          0
          0
          0
        126
          0
          0
         25
        255
        126
          0
        170
          4
        200
        114
          0
        180
        188
          0
          0
        185
         95
         68
          0
          0
        103
        255
          0
          0
        139
         97
         70
          0
         31
          0
          0
          0
          0
          0
         34
          0
         66
          0
          0
        255
          0
        115
          0
        216
        163
          0
          0
        107
          0
        216
         91
          0
          0
        182
          0
        191
          0
         41
          0
          0
          0
         70
          0
          0
          0
          0
         48
        162
          0
          0
          0
          0
        116
          0
        178
          0
          0
         47
         89
         67
          0
        162
          0
          0
        180
          6
          0
        176
          0
          0
          0
        255
          0
          0
        225
          0
         70
          0
          0
        152
        126
          0
          0
        255
          0
          0
         80
          0
        129
          0
          0
          0
          0
        147
          0
        255
          0
          0
        239
        196
         23
          0
         76
          0
         81
        129
          0
         31
         26
        117
          0
          0
          0
          0
         83
          0
          0
        120
        176
        255
          0
         91
          0
         92
        184
          0
        152
        255
         85
          0
        215
          0
          0
          0
          0
         34
         66
         41
        191
          0
         84
          0
          0
          0
         43
          0
          0
          0
          0
          0
          0
          0
          0
          0
        239
          0
          0
        209
          0
          0
         20
         82
        129
          0
          0
          0
         68
        255
          0
         42
         62
          0
        153
        126
          0
        112
        107
          0
          0
          0
          0
          0
          0
          0
        101
        114
         98
          0
          0
          0
          0
          0
        177
          0
         88
          0
          0
          0
          0
          0
          0
          0
        240
          0
          0
         95
          0
          0
          0
          0
        255
         77
          0
          0
          0
          0
         58
        138
          0
        140
        255
          0
        172
        255
         42
          0
          0
          8
          0
        151
         93
        234
          0
          0
        236
          0
          0
        125
        103
        194
          0
        159
        217
          0
          0
         22
          0
          0
          0
         95
          0
          0
        255
          0
          0
          0
          6
          0
         67
         13
          0
         62
        123
        215
          0
          0
         73
         11
          0
          0
          0
          0
          0
        141
          0
          0
        167
          0
        255
          0
          0
          0
          0
          0
         83
        188
          0
         56
          0
        174
        171
          0
          0
          0
         83
         46
          0
        185
          0
          0
          0
          0
        108
          0
        111
        173
          0
          0
        137
          0
          0
          0
        169
          0
         60
          0
        255
          0
          0
        197
        174
          0
         88
          0
          0
          6
         14
        255
         57
          0
          0
          0
         18
          0
          0
        249
         16
        126
        255
        255
          0
         59
        106
        237
          0
          0
        148
          0
          0
          0
          9
        255
          0
        227
        164
          1
          0
          0
        126
         91
          0
          0
          0
        184
          0
         43
          0
          0
         31
          0
         59
          0
         19
         57
        255
          0
         57
         29
        223
        178
        255
        231
          0
        255
         53
          0
        255
          0
          0
          0
          0
         42
        101
          0
         21
          0
          0
          0
        249
          0
         56
        147
          0
         92
         72
          0
          0
          0
        120
         58
        180
          0
        255
          0
          0
        184
        103
         92
         11
          0
          3
         47
         42
          0
          0
          0
        168
          0
         84
          0
          0
          0
          0
        203
         73
          0
        100
          0
          0
          0
          0
          0
        245
        158
        255
        146
         15
          0
          0
          0
          0
          0
          0
         49
          0
        255
         19
         13
        207
          0
          0
         71
          0
        204
          0
         36
        255
          0
        135
         72
        255
          0
          0
          0
        255
        129
        255
        173
          0
        214
         16
          0
         22
          0
          0
        155
          0
          0
          0
          0
         95
          7
          0
        106
          0
          0
          0
        154
        129
          0
         60
          0
          0
          0
         99
         40
          0
          0
        200
          0
        124
          0
          0
          0
        112
          0
          0
         66
          0
        123
         70
          0
          0
          0
          0
        108
        255
          0
          0
        217
          0
          0
          0
         18
          0
          7
         57
          0
          0
          0
        190
        160
         71
        148
          0
        151
        255
         68
          0
          0
          0
        253
          0
          0
          0
          0
         30
          0
          0
          0
          0
        185
          0
        255
          0
          0
          0
          0
          0
          0
         38
          0
        255
         96
         46
          0
        111
          0
        255
          0
          0
          5
          0
          0
         86
          0
          0
          0
          1
          7
          0
        255
         58
        150
        255
          0
         33
          0
        247
          0
         80
          0
        119
          0
        255
          0
          0
        255
          0
        255
        116
          0
        103
        108
        139
        255
          0
          2
         43
          0
          0
         50
        153
          0
          0
          0
          0
          0
          0
        171
        113
          0
         32
          0
        255
          0
        255
          0
        100
          0
         79
          0
          0
          0
          0
          0
          0
          0
          9
          0
          0
          0
          0
          0
        255
          0
        127
         59
          0
          0
         18
          0
          0
          0
          0
          0
        201
          0
        255
          0
         81
          0
        149
          0
        216
          0
         28
         16
          0
          0
         34
          0
         47
         51
          0
          0
          0
          0
         42
        122
          0
          0
        182
        157
          0
          0
        161
          0
        223
        169
        255
          0
          0
          0
          0
         21
        219
          0
          0
        140
        125
        103
          0
          0
         73
          0
         67
          0
          0
        213
          0
         31
          0
          0
         89
         92
          0
          0
        139
         46
        171
        130
        255
        142
          0
          0
          0
        109
        128
          0
         65
          0
          0
        255
          0
         30
          0
         79
        146
          0
        189
          0
          0
        212
         88
          0
         46
         68
        255
         57
          0
          0
        219
          0
        255
        178
        116
          0
          0
          0
        255
        205
          0
          0
          0
          0
          0
        180
        173
          0
         29
          2
          0
        153
        117
        225
         65
        187
          0
        117
          0
         23
         99
        132
          0
         79
        255
        180
          0
          0
          0
         26
         52
        211
        217
         97
         78
          0
         50
          0
          6
        185
         33
         63
          0
         10
          0
          0
        232
          0
          0
        157
          0
        255
          0
         73
         91
          0
          0
        153
          0
        255
        145
          0
          0
         51
        237
          0
         32
        133
          0
          0
          0
         48
         22
        128
          0
        255
        101
        199
          0
          0
         83
          0
        107
        110
          0
          5
         45
          0
          0
        158
         68
          0
          0
        255
          0
          0
         69
          0
         57
        209
          0
        112
         38
          0
         34
         37
          0
         17
         71
          0
        209
          0
         96
        119
        141
          0
         97
          0
        174
          0
        255
          0
        111
          0
          0
          0
          0
        182
          0
          0
         35
          0
         11
          0
         47
          0
          0
        133
          0
          0
          0
         93
        255
          0
         19
          0
        178
          0
          0
          0
         96
          0
          0
          0
          0
          0
         56
         25
        244
          0
        183
          0
          0
        106
          0
         77
         67
          0
          0
        105
        143
          0
         78
        153
         27
         73
         33
        158
          0
          0
          0
          0
        241
        145
          0
          0
         68
          0
          0
          0
         97
          0
          2
         45
          0
          0
          8
          0
         28
         36
          0
          0
          0
          0
          0
         58
          0
        255
         55
          0
          0
         72
        121
         42
          0
          0
          0
        197
         45
          0
          0
        153
          0
         51
        112
         47
          6
         67
          0
          6
        126
        150
          0
          0
          0
          0
          0
        217
          0
          0
         86
          0
          0
         60
          0
          0
        108
         30
        255
          0
        199
         79
         34
          0
          0
        176
          0
          0
          0
         71
          0
         36
          0
          6
         39
          0
        242
          0
          0
        156
          0
         30
        154
          0
        255
          0
          0
          0
        232
          0
        255
          0
         26
          0
          0
          0
          2
          0
          0
          0
         90
         76
          4
          0
          0
          0
         38
          0
         31
        153
          0
          0
          0
        255
         28
        122
          0
        255
        140
         79
        116
          0
        255
          0
          0
          0
          0
          0
         20
        228
        225
         37
         53
         30
          0
         91
        188
          0
          0
          0
          0
        221
         71
        220
        126
          0
         16
          0
        255
          0
          0
         22
         80
          0
        217
        208
         46
        255
          6
         32
          0
          0
        116
          0
         21
         24
          0
         38
         43
        162
          0
          0
         18
        255
         54
          0
        255
          0
        205
          0
          0
          0
         86
          0
        240
          0
        255
        198
        228
        245
          0
         91
        131
          0
         17
          0
          5
          0
          0
          0
          4
         27
          0
        152
        255
          0
          0
          0
          0
          0
         83
        129
         23
        152
          0
          0
        152
        187
          0
        180
          0
        100
          0
        247
        255
          0
        169
          0
          3
          0
          0
          0
          0
          0
          0
        151
         55
          0
         48
        165
          0
         37
         51
          0
          0
          0
          0
        101
        206
          0
          0
          0
          0
          0
          1
          0
          0
        193
          0
         54
         30
        255
          0
          0
          3
          0
          0
          0
          0
          0
        140
         81
        128
          0
         55
          0
        255
         97
          0
         20
          0
          0
          0
          0
        214
          0
          0
          0
        188
        227
        223
         12
          0
          0
         83
        136
         68
          0
          0
          0
         44
          0
          0
          0
        144
          0
          0
          0
          0
          0
        192
          0
        226
          0
        255
          0
          0
          0
        110
          0
        158
          0
        116
          0
          0
        255
         21
          0
        127
          0
          0
        120
          0
        233
          0
        147
        145
          0
          0
          0
          0
          0
         32
         32
        171
         58
        255
          0
        143
        255
        160
          0
        244
          0
          0
          0
        108
          0
         79
         88
          0
          0
          0
         96
          0
          0
          0
        117
         40
        165
          0
          0
          0
          0
          0
        135
         52
          0
          0
         41
         57
        124
        152
        155
        157
        118
        208
          0
         71
          0
          0
          0
        202
          0
          0
        116
        179
        255
         87
          0
        255
          0
          0
          0
         97
        121
          0
         27
         71
          0
          3
          0
          0
          0
        105
          0
        105
          0
         65
        127
         15
        108
          0
        109
        191
          0
          0
        151
        215
        247
          0
          0
         99
          0
          0
          0
          0
          1
          0
         18
        255
        134
          0
          0
         25
        178
         20
        255
          0
        166
         70
          0
         19
        163
         11
          0
          0
         40
          0
          0
          0
          0
         17
          0
         80
          0
         22
        147
          0
         29
          0
          0
        156
          0
          0
         82
        143
          0
          0
          0
          0
          0
          0
          0
          4
          0
         87
        202
         29
          0
          6
          0
          0
          2
         80
          0
        255
        255
          0
          0
          0
          0
          0
          0
         64
        159
          0
         67
          0
          0
          0
          0
          0
          0
          0
          0
          0
          0
         38
         47
        112
          0
          0
        102
        196
          0
          0
        183
        191
        156
        148
          0
          0
          0
         15
          0
          0
          0
          0
          0
        147
          0
          0
         87
         97
          0
        156
          0
          0
        182
          0
          0
         87
          0
          0
        148
          0
        195
          0
          0
         90
          0
         67
          0
         42
          0
          0
          0
          0
          0
          0
          0
          0
          0
         89
          0
        147
        163
        236
          0
          0
        231
          0
        116
        166
        108
          0
        112
          0
        255
          0
        185
          0
          2
         20
          0
        186
          0
         95
          0
          0
          0
          0
          0
         68
          0
          0
          0
         90
          0
          0
        163
        131
          0
         83
          0
          0
        186
         82
        145
          0
         51
          0
         25
        166
        255
          0
          0
          0
          0
        121
          0
         41
         13
          0
          0
        155
         97
         24
          0
        130
        149
        228
          0
          0
          0
         24
          0
        219
          0
         61
         15
        169
          0
         17
          0
        159
          0
          0
          0
        132
          0
          0
         52
        216
          0
        255
          0
        111
          0
         57
        255
        255
        204
        242
        152
         83
          0
         81
          0
        187
        169
        122
         68
        193
          0
         73
        189
        101
          0
        183
          8
        255
          0
          0
        131
          0
        149
          0
        183
        208
          0
         71
        222
        224
        141
        176
          0
        100
          0
          0
         27
        219
         85
         87
         39
        191
          0
          0
        171
        165
        255
          0
          0
          0
          0
         64
        106
          0
          0
          0
        127
         90
          0
          0
          0
         87
         45
          0
          0
        121
         74
         89
          0
         94
          0
          0
         50
          0
          0
         30
          0
        210
          0
        179
          0
         85
          0
          0
         27
          0
          0
          0
          0
         99
          0
          0
          0
        232
          0
          0
          0
          0
          0
          0
          0
        143
          0
          0
         97
          0
          0
          0
          0
          0
          0
          0
          0
          0
          0
         14
         97
          0
          0
        255
          0
        171
          6
          0
        255
        225
        177
          0
          0
         90
        201
         82
         57
        100
        188
        102
         24
        180
          0
          0
          0
        169
          0
          0
        168
        255
        208
         22
          0
          4
          0
        255
        149
         64
          0
         30
        180
        252
         36
        203
          0
          0
          2
          0
          0
          0
         87
         88
         65
          0
          0
         62
        204
        140
          0
          0
          0
         48
          0
          0
        101
          0
          0
          0
        201
          0
         82
         36
        165
        145
          0
         20
          0
          0
         49
          0
          0
        113
         79
          0
         61
         97
          0
         84
        197
          0
         85
          0
          0
          0
          0
         27
          0
         31
        134
          0
