         78
        231
          8
        139
         95
        138
         90
        127
         51
        183
        185
         41
        235
         25
         44
         38
         80
         60
         70
        228
        194
         36
        210
        135
         45
         11
        178
        180
         51
        240
         15
         74
          0
         34
         73
        119
         66
        165
          2
        119
         65
        216
        167
        253
        102
        229
        195
         13
         63
        140
         29
         85
         14
          2
        131
        232
         74
        104
         15
        163
         77
         95
        133
        165
         96
        108
        212
          3
        175
         74
         18
         75
         90
         80
         91
        211
        112
         47
         98
        199
          9
         68
         11
         48
        212
        188
         27
         57
        249
        112
        222
         58
        124
        252
        165
        232
         53
        218
        220
         55
        233
        195
        145
        218
         64
        242
         50
        244
        149
          5
         61
         81
        144
        126
        133
        131
        189
        169
        149
        190
          0
        233
        157
        194
        146
        150
          2
         44
        109
        138
        173
        170
        154
        225
        161
        119
        111
        145
        108
         91
        165
        170
        245
        103
        123
        155
        153
        134
         78
         99
        167
          4
         12
          7
         26
        101
        206
        220
        237
        124
         55
         60
        250
         14
        197
        254
         39
         99
        171
        189
        133
        158
         67
        170
         82
        116
         73
        212
        137
         65
        179
         70
        220
         39
        195
         69
         29
        132
         98
         70
        246
          1
         58
        235
         47
         69
        246
        170
        184
        213
        158
         56
         41
        113
        227
          8
         81
        154
        159
        238
         91
         74
        101
         55
        130
        202
         98
         32
         18
         20
         68
         76
         51
        194
         11
        231
        243
        188
        195
         76
        102
         16
        112
        223
        220
        184
        155
        185
        163
        137
        208
        188
        145
         97
         45
        238
         92
        201
        183
        232
        188
        199
        239
        140
         13
        194
        232
        222
        117
        240
        217
        188
         16
        229
        210
        153
         53
        125
         52
        135
         82
         96
        165
        142
         24
        155
        215
         54
        240
          3
        102
        135
        184
        123
        191
        190
        140
        176
         39
        150
         95
        186
        240
        254
         45
         30
         53
         35
         81
        243
         33
        151
         25
         90
         44
        155
        244
        196
         71
         18
         93
        201
         76
         77
        199
        205
         43
         36
         16
        188
        139
         29
        180
         27
        247
         90
        225
        207
        235
        114
        228
         68
        153
        135
        170
        100
        155
        184
        151
        228
         29
        204
         41
         71
        181
         18
        102
        123
        121
        247
        226
        198
        199
         26
        221
        165
        242
        235
         20
        103
         61
        241
         86
        239
        104
        103
          6
        194
        173
        188
        190
        223
        146
         78
         29
        123
        120
         70
         62
         68
        154
          5
         63
        178
        156
        214
        150
         67
        218
        128
         63
         98
         51
        229
        248
         41
        243
        142
        146
         70
          9
         81
        156
          7
        232
        159
        183
         42
         28
        212
        229
        197
        112
         60
         42
        145
        152
          9
         91
         99
         23
        160
        247
         85
         73
         69
        179
         36
        223
          9
        128
         43
        159
        249
         66
        233
         38
        250
         15
        212
         78
        219
        129
        202
         75
         68
        209
         21
        124
        241
         95
        144
         18
         65
        213
         15
         85
        225
        184
         68
        249
         19
        216
        140
         94
         67
         59
         96
        176
        185
        115
        141
        133
        124
         60
        216
        108
        100
        158
        218
         90
        122
        237
         47
         22
         86
         14
        217
        186
        192
        249
        165
         75
         37
        106
         28
        136
         51
        108
          5
        169
         63
         45
          9
         95
          6
        174
        154
         41
        133
        212
         50
         61
        143
        113
         94
        231
         82
        181
        118
         47
        175
        124
        111
        246
        162
        100
         56
         11
        254
        174
        185
         18
         90
         32
          0
        151
         67
        154
        240
        127
          2
         60
        134
        225
         13
        180
         63
         65
         62
        229
         62
        169
        114
        192
        229
         28
        132
         72
        171
         44
         44
        109
         56
        206
         75
        255
        231
         39
          5
        128
        152
        216
         69
         23
         15
        153
         39
         15
          4
         62
        101
         81
         48
        112
        144
        254
        203
        167
        149
        114
         55
        159
        216
          8
        149
         66
        145
         50
        166
        190
         59
        218
         83
        162
         25
         49
          9
         32
         57
         31
         47
         13
         19
        251
        162
         56
         68
        201
         78
        156
         58
         18
         97
         70
        165
        102
         78
         43
        140
         18
        141
         19
        174
        252
        182
        126
         85
        112
        148
          5
        159
         32
        178
        101
        190
          7
        249
         56
        108
        152
        197
         72
        135
        165
        171
        222
        252
        150
         96
         27
          3
        122
         35
        121
        167
         23
        143
        121
        215
         57
        206
        235
         46
        152
        188
        190
         20
        227
         71
         89
        115
         15
        139
        145
         81
        206
         27
        192
        178
        110
         94
        201
        151
         85
        179
         46
        195
          9
         66
        213
         93
        177
         74
         85
        170
         76
         63
        163
        124
        122
         73
         51
         24
         21
        162
         49
        125
         62
         19
         36
        103
         88
        107
        198
         20
        232
        123
        236
        239
        224
        124
        254
        227
        101
        104
        159
        235
        214
        124
        165
        210
        226
         28
        107
        185
        177
         43
        185
        237
        110
          1
        225
         10
        177
        165
        205
         53
        101
         93
        200
        100
        236
         32
         69
         75
         53
          4
        159
         33
        191
         68
        231
        105
        148
        186
        158
         13
         46
         84
         35
        115
         11
        102
        192
         92
         14
         90
        182
         95
        122
         79
         95
        132
        138
         39
        115
        142
         73
          8
         26
          2
         64
         26
        159
          5
        124
        168
        105
         76
         54
        208
        130
        172
         39
        155
        224
        207
        154
        133
        103
         66
        177
        126
        171
        251
        116
        245
        108
        225
        194
        179
        120
        220
        114
         27
        123
         59
         70
         11
        110
        107
        135
        171
        176
          0
        185
        227
         33
          6
        136
        159
        218
         81
        150
        140
          0
        135
        135
        151
        204
        141
         30
        223
        154
        124
         63
        170
        211
        248
         70
          9
        130
        207
        175
         21
         40
        134
        142
        225
         69
        153
         59
          6
         53
          4
        176
        205
         60
        137
         95
         57
        178
        222
        205
         50
        136
        138
        165
        180
        150
        180
         52
        192
        239
        248
         66
        114
        123
         63
        254
        132
        215
        172
        198
         59
        173
         52
        131
        255
         42
         72
        238
        192
        101
        221
         90
        158
        150
        225
         68
        193
         11
        142
         47
        106
        232
        236
          2
        227
        111
        156
         12
         53
        105
        234
        115
        120
         24
         51
        117
        117
         62
         58
         93
        144
        151
        163
        253
        136
         89
        205
         88
         57
        164
        194
         74
        188
         85
        138
         44
         73
        100
        160
        208
         73
         59
        185
         75
        150
        226
          9
        102
        150
        237
        219
         16
        173
        213
          4
         42
        142
        213
        255
        193
         20
        192
         47
        193
         36
         54
         20
         50
         22
         68
         72
        241
         84
        120
        155
         96
          4
          3
         21
         31
        167
         67
        132
         93
         59
        152
         31
        185
        133
        191
        176
        195
        157
        197
         91
        226
         80
        210
        170
        120
         28
        130
         58
         98
        146
        155
        107
         84
        243
          4
         36
        111
        197
        204
        176
         21
         39
         44
        152
        152
         61
        249
        136
         51
         21
        228
         94
        127
        246
        165
         38
        114
         71
        215
        247
        134
         38
         86
        173
        214
        190
        130
        246
        160
         83
         75
        210
         30
        221
        170
         42
        124
        195
        171
         66
        219
        217
        243
        210
        238
         40
          1
        255
         31
        255
         44
        123
        177
        238
          2
        197
         75
         26
        209
        131
         15
        240
        212
        110
        226
         79
         63
         57
        196
        178
         21
         78
        173
        225
        150
        232
        242
        155
        101
        125
         45
         95
        203
        137
         19
        241
         69
         53
         25
        212
        167
         63
         92
        140
        212
         41
        156
        240
         58
        229
        248
         40
        243
        204
        193
        241
        226
         43
         59
        136
        186
        189
         95
        112
        198
         62
        253
         31
        184
         90
         96
        230
          8
         55
        246
         15
        102
        254
        124
        110
        252
        120
         15
        233
        188
        225
        206
        106
        210
         21
         65
         64
        202
        198
        163
        165
         54
         93
         76
        249
        119
         71
         88
        206
        211
          9
        142
        112
        254
         38
         83
         85
        134
        206
        196
        106
        131
        197
          5
         57
         66
        216
        142
        175
        211
         18
        161
        150
         67
         34
        135
        132
          6
        219
        170
        205
         41
        129
        183
        158
         64
        184
        116
        188
          0
         60
        142
        253
        111
        202
          7
        156
        208
        133
        190
          7
         56
         59
         46
         48
         45
        207
        232
        149
         58
        242
        145
        103
        196
        112
        178
        244
         55
        160
        205
        157
         93
         15
         62
        233
        146
        246
          5
         67
         82
        113
         50
        192
         71
        196
         80
         76
        146
         37
         92
         14
         88
        152
        112
         62
        242
        185
        252
         76
         98
        162
        143
         86
         31
        254
        190
         81
         71
         75
        211
         80
         75
        109
        243
        185
        194
        109
        167
        134
        102
        151
         15
        105
        188
         11
        163
        245
        171
         98
         20
        196
        127
         55
        136
         96
        237
        185
        107
         76
        103
        156
        160
        163
        220
          3
        186
          7
        134
        127
         48
        125
        101
        154
        145
        125
        102
         71
        175
        242
         79
         70
        197
         28
        158
         90
         39
        127
        151
        203
        104
        220
        248
        214
         67
        195
        242
         97
        132
        197
        169
        118
         57
        134
        234
         27
         65
        206
        152
         15
        127
         69
         20
        209
        225
         85
        116
         62
        132
         92
        136
         29
        241
        117
        132
        172
        204
          6
        162
        231
        167
         87
         15
        181
        205
         91
        102
        248
        142
        176
         45
        159
         81
         72
         30
        230
        245
        150
        138
         33
        244
         63
        159
         50
        244
        138
        138
        181
         60
         59
         23
        221
         45
        172
        162
        241
        197
        149
         69
         97
         82
         81
         63
        251
         29
        254
        214
        212
        223
          0
        146
         41
          1
        221
         28
        185
        172
        175
         15
        223
        253
         30
        233
         76
        157
        234
          1
        143
         98
         62
         87
         36
        144
          1
        143
        199
         43
        186
         90
        204
        100
        135
         14
         23
        184
         11
        110
        137
        250
        117
        110
        197
         72
         52
         41
        165
          9
         35
        227
        156
         83
        161
        137
         85
        249
        127
         62
        105
        148
        172
        209
        205
        132
        255
        231
        132
        107
         58
        150
        105
        223
        110
         93
        182
        243
        212
        146
        146
         15
        102
        229
        155
        163
        251
        137
         45
        140
         50
        206
         42
        220
         39
         65
         82
        135
         14
         55
        176
        128
        254
        100
        206
        114
        208
        132
        192
        225
        151
        118
        183
        177
        108
        248
        231
        111
        163
          4
          1
          6
        159
        108
         81
        255
        170
         20
         41
        102
         80
        209
        108
        148
        248
        225
        192
        154
         90
        102
         11
        243
        140
         75
         97
         90
          8
        211
        224
        246
         71
         91
        145
        175
        142
         98
        188
        230
        135
        120
        198
          7
         23
        215
        166
         61
        122
        132
         31
        210
        147
        201
        152
        136
         68
         68
        151
         18
        110
         96
        162
        201
         93
        183
        154
        109
         32
        212
        190
        142
        209
         45
        222
        169
        232
        171
        224
        149
        175
        121
        148
        136
         24
        136
        156
         63
        178
        167
        241
         93
        209
          8
        165
        171
         97
        168
        228
        180
         30
        229
        195
        174
         87
         12
        224
        251
          9
         85
        156
        232
        204
         20
         99
         70
        201
         42
        183
          4
        106
        168
        147
        210
         77
        146
         83
        216
        163
         41
         82
        114
         29
         12
        106
        122
          4
        240
        208
        186
        184
        226
        121
         48
         56
         38
        113
         63
         22
         82
        187
        192
        239
         58
        252
        102
         40
        145
         94
        151
        161
         50
         64
        234
         85
        226
        195
        194
         11
        246
        177
        203
        231
         35
         25
        117
        231
        154
         22
        218
        232
        175
        153
         50
         69
        121
        143
        183
        111
         94
         18
        118
         66
        101
         92
        181
         73
         92
        185
        138
         34
         45
        103
        184
        248
         50
          7
        187
        104
         10
         53
        209
        171
         13
        202
        145
        131
        248
        208
        201
         69
        164
        115
         69
        110
        121
        143
         22
         16
        250
        185
        230
         69
          5
         73
         44
        219
        186
        139
        181
        157
        223
         10
         16
         32
         62
         69
         93
        225
        156
        136
        128
         48
         37
        249
        144
        141
         19
         12
         61
        216
        209
        227
         37
        234
        204
        235
        247
        250
         82
         52
         42
         13
        225
         89
        207
        134
        220
        251
        121
        163
         47
         41
        219
        175
         51
        167
         60
         95
        130
         13
        100
        216
        182
        133
        113
        180
        102
         43
         25
         98
         65
         46
         18
        160
         57
        133
         39
         19
        101
         97
        247
         81
         44
        110
        214
        120
        229
         32
        112
        163
        132
         41
        107
        224
          8
        172
        137
        251
        247
         30
         91
         70
         86
        182
        239
         42
         86
        243
         49
          5
          0
        155
        132
        100
        213
        182
         21
        224
        162
         66
        253
         90
        254
        153
        240
         32
        180
        252
        162
         20
        131
        194
        104
        114
        162
         22
         13
        203
         39
        107
        160
         47
        129
        217
        194
         66
        201
        161
        113
          8
        134
        103
         50
         24
        138
         47
         72
        121
         56
          3
          6
         22
        182
        154
         89
        171
         62
         68
        244
        105
         77
         87
        232
        216
        111
         72
        146
        111
        246
        195
         71
         97
        140
        121
         80
         68
        237
        143
         74
         23
         19
        167
         23
        162
         82
         31
         32
        171
         58
         83
        212
        175
        139
        132
        133
        122
        136
         28
        167
         83
         36
         80
         21
         45
         80
         26
         41
        248
        106
         42
         10
        248
        251
        130
        135
        211
        109
        106
          1
         37
        160
         89
        145
         93
         70
         39
        139
        226
         10
        243
        197
        252
        138
        211
         63
         53
        193
         20
        209
        209
        152
        224
         34
        101
        133
        195
        124
         16
        241
        155
         63
        179
        146
        152
        148
         49
         58
        234
        210
        129
         50
        128
         84
         27
        154
        103
         62
         90
        196
         21
         85
        247
         26
        100
        179
        218
         36
        221
        207
         78
         13
        150
        162
        180
         10
        222
        207
         40
         23
        112
        191
        246
        167
         14
         78
        173
         90
        146
        165
         39
        174
         69
        245
        148
        125
        243
         99
          4
         28
         24
          4
        101
        101
          9
        244
        191
         83
        127
        204
        188
        104
        155
        227
         54
         66
        144
        164
         13
         52
         84
         97
        126
        148
         62
        167
         33
        170
        229
        188
        186
        196
         62
         63
        254
          2
         74
         65
        158
        231
         80
        154
        127
        223
         12
         21
          8
         68
        177
         75
         83
        208
        198
         25
        222
        189
        214
        231
        253
        162
        169
        254
        230
        233
         60
        161
        191
          6
        129
        247
         83
        145
        161
         29
         55
        130
        179
        212
          0
         27
        110
         49
         70
         46
        224
         88
        170
        115
        254
        249
         75
         85
          6
         33
         98
         49
          1
        191
         51
        218
         44
         27
          1
        207
         90
        115
        180
        185
         79
         64
         27
        111
        171
         33
        162
        139
         98
        166
        183
        136
        121
        176
        239
        183
        117
        214
          3
        167
        222
        194
         40
        232
        171
        123
         79
         51
        120
         86
         23
        187
        141
        147
          4
         78
        217
        107
        161
         10
          2
        227
        119
         13
        135
        188
         76
         44
         84
          6
        243
        153
        202
        168
        150
        175
        125
        223
        132
         64
        137
         23
         92
         85
        233
        214
        153
        163
        146
         91
         17
         62
        109
         48
        103
        175
         57
        144
         85
        105
        153
        242
        119
        194
         13
         76
        137
         78
        126
         16
         94
        242
         70
         93
         37
        158
         92
         17
         32
         60
        200
        209
        253
         38
         93
         34
        172
        215
         50
         57
        123
         26
         39
        198
        126
        178
        237
        147
        208
        148
        113
        195
         92
        218
        207
        109
        198
        194
        166
          4
        187
         12
        216
         92
        130
        180
         19
        246
         31
        243
        188
        245
         94
        163
         64
         94
         47
         31
        120
        196
        200
        204
        121
        224
         23
        246
        113
         32
        155
        132
        193
        226
        189
         64
        237
        115
        160
        233
        252
          1
        225
        181
         30
        251
        208
         75
         78
        102
         35
        217
          1
         13
        239
        165
         81
         55
         39
        126
         90
        129
         74
         28
         45
         24
          7
         61
         39
        114
        226
         97
        105
        254
        172
          6
        142
        213
        142
         57
         41
         86
        107
         94
        214
        106
        164
          9
        189
        165
         33
         74
         72
        230
        207
        161
        254
         43
         74
        114
         69
         28
         47
        114
        179
        248
        218
          2
        255
          9
        147
        177
        202
         40
         78
          7
         99
         24
        253
        117
         41
         70
         84
          5
         87
        220
        196
        217
         72
        161
        207
        197
        145
        105
        116
          7
        102
        247
        243
        243
        215
        117
        191
        136
        250
        202
        245
          0
        106
         97
        161
        202
        130
        205
        232
        123
        135
        149
        218
         81
         89
        105
        207
         68
        217
        157
         18
        117
        204
         94
         57
         66
         41
         18
        146
         62
        230
        223
        210
         56
        175
         73
         24
         77
        222
         22
        110
        144
        125
        125
        230
        212
         48
         16
        131
         11
          0
          4
          0
         17
          0
          5
          0
          0
          1
          0
         18
         17
          5
          0
          0
          0
          0
         14
         11
          0
          0
          0
          0
          8
         11
          0
          0
          1
          0
          0
          0
          0
         18
         14
          0
          0
          5
          0
          0
          0
          0
         15
          0
          0
          0
          6
          0
          2
         20
          4
          0
          9
          0
          2
         10
          0
          0
          8
          7
          1
          0
          3
          0
         13
          0
          6
          5
          0
          0
         14
          0
          0
          0
          0
          0
         19
         17
          0
         14
          0
          0
          0
         11
          0
          0
         18
          9
          0
          0
          0
         16
         26
          0
          0
          0
          0
         22
         24
          3
          3
          0
         18
          0
          0
          0
         14
         10
          0
          0
          0
          7
         12
          0
          0
          4
          0
         10
          0
          4
         18
         24
          8
          4
          0
          0
          0
          0
          0
          0
         11
          0
          0
          0
          0
          0
         16
          0
          9
          0
          3
          6
          9
          0
          0
          0
         19
         10
          4
          0
          0
         10
          0
          0
         12
         23
          0
          0
          6
         11
          0
          0
         16
          0
          1
          7
          0
         21
         16
          0
          0
          5
          0
         11
          0
          0
          0
          0
          0
          0
          0
          0
          0
          1
         10
          0
          0
          3
          0
          0
          0
          8
          1
         20
         17
          0
          0
         14
          5
          9
          6
          0
          0
          0
          0
         12
          0
          0
          5
          0
          0
          0
          9
         10
          7
          0
          0
         20
         28
          0
          2
          0
         16
         15
          0
          0
          2
          0
          0
          1
          0
          6
          4
          0
          0
          0
          0
          0
          0
          5
          0
         11
          0
          1
          0
         11
          0
          7
          0
          6
          0
         11
          0
          0
          0
         10
         11
          0
          4
          0
         17
          0
          5
          0
          0
          1
          0
         18
         17
          5
          0
          0
          0
          0
         14
         11
          0
          0
          0
          0
          8
         11
          0
          0
          1
          0
          0
          0
          0
         18
         14
          0
          0
          5
          0
          0
          0
          0
         15
          0
          0
          0
          6
          0
          2
         20
          4
          0
          9
          0
          2
         10
          0
          0
          8
          7
          1
          0
          3
          0
         13
          0
          6
          5
          0
          0
         14
          0
          0
          0
          0
          0
         19
         17
          0
         14
          0
          0
          0
         11
          0
          0
         18
          9
          0
          0
          0
         16
         26
          0
          0
          0
          0
         22
         24
          3
          3
          0
         18
          0
          0
          0
         14
         10
          0
          0
          0
          7
         12
          0
          0
          4
          0
         10
          0
          4
         18
         24
          8
          4
          0
          0
          0
          0
          0
          0
         11
          0
          0
          0
          0
          0
         16
          0
          9
          0
          3
          6
          9
          0
          0
          0
         19
         10
          4
          0
          0
         10
          0
          0
         12
         23
          0
          0
          6
         11
          0
          0
         16
          0
          1
          7
          0
         21
         16
          0
          0
          5
          0
         11
          0
          0
          0
          0
          0
          0
          0
          0
          0
          1
         10
          0
          0
          3
          0
          0
          0
          8
          1
         20
         17
          0
          0
         14
          5
          9
          6
          0
          0
          0
          0
         12
          0
          0
          5
          0
          0
          0
          9
         10
          7
          0
          0
         20
         28
          0
          2
          0
         16
         15
          0
          0
          2
          0
          0
          1
          0
          6
          4
          0
          0
          0
          0
          0
          0
          5
          0
         11
          0
          1
          0
         11
          0
          7
          0
          6
          0
         11
          0
          0
          0
         10
         11
          0
          4
          0
         17
          0
          5
          0
          0
          1
          0
         18
         17
          5
          0
          0
          0
          0
         14
         11
          0
          0
          0
          0
          8
         11
          0
          0
          1
          0
          0
          0
          0
         18
         14
          0
          0
          5
          0
          0
          0
          0
         15
          0
          0
          0
          6
          0
          2
         20
          4
          0
          9
          0
          2
         10
          0
          0
          8
          7
          1
          0
          3
          0
         13
          0
          6
          5
          0
          0
         14
          0
          0
          0
          0
          0
         19
         17
          0
         14
          0
          0
          0
         11
          0
          0
         18
          9
          0
          0
          0
         16
         26
          0
          0
          0
          0
         22
         24
          3
          3
          0
         18
          0
          0
          0
         14
         10
          0
          0
          0
          7
         12
          0
          0
          4
          0
         10
          0
          4
         18
         24
          8
          4
          0
          0
          0
          0
          0
          0
         11
          0
          0
          0
          0
          0
         16
          0
          9
          0
          3
          6
          9
          0
          0
          0
         19
         10
          4
          0
          0
         10
          0
          0
         12
         23
          0
          0
          6
         11
          0
          0
         16
          0
          1
          7
          0
         21
         16
          0
          0
          5
          0
         11
          0
          0
          0
          0
          0
          0
          0
          0
          0
          1
         10
          0
          0
          3
          0
          0
          0
          8
          1
         20
         17
          0
          0
         14
          5
          9
          6
          0
          0
          0
          0
         12
          0
          0
          5
          0
          0
          0
          9
         10
          7
          0
          0
         20
         28
          0
          2
          0
         16
         15
          0
          0
          2
          0
          0
          1
          0
          6
          4
          0
          0
          0
          0
          0
          0
          5
          0
         11
          0
          1
          0
         11
          0
          7
          0
          6
          0
         11
          0
          0
          0
         10
         11
          0
          4
          0
         17
          0
          5
          0
          0
          1
          0
         18
         17
          5
          0
          0
          0
          0
         14
         11
          0
          0
          0
          0
          8
         11
          0
          0
          1
          0
          0
          0
          0
         18
         14
          0
          0
          5
          0
          0
          0
          0
         15
          0
          0
          0
          6
          0
          2
         20
          4
          0
          9
          0
          2
         10
          0
          0
          8
          7
          1
          0
          3
          0
         13
          0
          6
          5
          0
          0
         14
          0
          0
          0
          0
          0
         19
         17
          0
         14
          0
          0
          0
         11
          0
          0
         18
          9
          0
          0
          0
         16
         26
          0
          0
          0
          0
         22
         24
          3
          3
          0
         18
          0
          0
          0
         14
         10
          0
          0
          0
          7
         12
          0
          0
          4
          0
         10
          0
          4
         18
         24
          8
          4
          0
          0
          0
          0
          0
          0
         11
          0
          0
          0
          0
          0
         16
          0
          9
          0
          3
          6
          9
          0
          0
          0
         19
         10
          4
          0
          0
         10
          0
          0
         12
         23
          0
          0
          6
         11
          0
          0
         16
          0
          1
          7
          0
         21
         16
          0
          0
          5
          0
         11
          0
          0
          0
          0
          0
          0
          0
          0
          0
          1
         10
          0
          0
          3
          0
          0
          0
          8
          1
         20
         17
          0
          0
         14
          5
          9
          6
          0
          0
          0
          0
         12
          0
          0
          5
          0
          0
          0
          9
         10
          7
          0
          0
         20
         28
          0
          2
          0
         16
         15
          0
          0
          2
          0
          0
          1
          0
          6
          4
          0
          0
          0
          0
          0
          0
          5
          0
         11
          0
          1
          0
         11
          0
          7
          0
          6
          0
         11
          0
          0
          0
         10
         11
          0
          4
          0
         17
          0
          5
          0
          0
          1
          0
         18
         17
          5
          0
          0
          0
          0
         14
         11
          0
          0
          0
          0
          8
         11
          0
          0
          1
          0
          0
          0
          0
         18
         14
          0
          0
          5
          0
          0
          0
          0
         15
          0
          0
          0
          6
          0
          2
         20
          4
          0
          9
          0
          2
         10
          0
          0
          8
          7
          1
          0
          3
          0
         13
          0
          6
          5
          0
          0
         14
          0
          0
          0
          0
          0
         19
         17
          0
         14
          0
          0
          0
         11
          0
          0
         18
          9
          0
          0
          0
         16
         26
          0
          0
          0
          0
         22
         24
          3
          3
          0
         18
          0
          0
          0
         14
         10
          0
          0
          0
          7
         12
          0
          0
          4
          0
         10
          0
          4
         18
         24
          8
          4
          0
          0
          0
          0
          0
          0
         11
          0
          0
          0
          0
          0
         16
          0
          9
          0
          3
          6
          9
          0
          0
          0
         19
         10
          4
          0
          0
         10
          0
          0
         12
         23
          0
          0
          6
         11
          0
          0
         16
          0
          1
          7
          0
         21
         16
          0
          0
          5
          0
         11
          0
          0
          0
          0
          0
          0
          0
          0
          0
          1
         10
          0
          0
          3
          0
          0
          0
          8
          1
         20
         17
          0
          0
         14
          5
          9
          6
          0
          0
          0
          0
         12
          0
          0
          5
          0
          0
          0
          9
         10
          7
          0
          0
         20
         28
          0
          2
          0
         16
         15
          0
          0
          2
          0
          0
          1
          0
          6
          4
          0
          0
          0
          0
          0
          0
          5
          0
         11
          0
          1
          0
         11
          0
          7
          0
          6
          0
         11
          0
          0
          0
         10
         11
          0
          4
          0
         17
          0
          5
          0
          0
          1
          0
         18
         17
          5
          0
          0
          0
          0
         14
         11
          0
          0
          0
          0
          8
         11
          0
          0
          1
          0
          0
          0
          0
         18
         14
          0
          0
          5
          0
          0
          0
          0
         15
          0
          0
          0
          6
          0
          2
         20
          4
          0
          9
          0
          2
         10
          0
          0
          8
          7
          1
          0
          3
          0
         13
          0
          6
          5
          0
          0
         14
          0
          0
          0
          0
          0
         19
         17
          0
         14
          0
          0
          0
         11
          0
          0
         18
          9
          0
          0
          0
         16
         26
          0
          0
          0
          0
         22
         24
          3
          3
          0
         18
          0
          0
          0
         14
         10
          0
          0
          0
          7
         12
          0
          0
          4
          0
         10
          0
          4
         18
         24
          8
          4
          0
          0
          0
          0
          0
          0
         11
          0
          0
          0
          0
          0
         16
          0
          9
          0
          3
          6
          9
          0
          0
          0
         19
         10
          4
          0
          0
         10
          0
          0
         12
         23
          0
          0
          6
         11
          0
          0
         16
          0
          1
          7
          0
         21
         16
          0
          0
          5
          0
         11
          0
          0
          0
          0
          0
          0
          0
          0
          0
          1
         10
          0
          0
          3
          0
          0
          0
          8
          1
         20
         17
          0
          0
         14
          5
          9
          6
          0
          0
          0
          0
         12
          0
          0
          5
          0
          0
          0
          9
         10
          7
          0
          0
         20
         28
          0
          2
          0
         16
         15
          0
          0
          2
          0
          0
          1
          0
          6
          4
          0
          0
          0
          0
          0
          0
          5
          0
         11
          0
          1
          0
         11
          0
          7
          0
          6
          0
         11
          0
          0
          0
         10
