        255
          0
         39
          0
          0
         26
         76
        172
        111
        228
          0
         67
          0
        169
         39
          3
          0
        158
          0
        140
        166
         99
         98
          0
         13
        229
          0
        188
          0
         28
         51
          0
        255
          0
          0
          0
          0
          0
        113
         84
          0
        221
          0
         72
          0
          0
         34
         48
          0
          0
        138
          0
         64
          0
          0
        156
          0
          0
        150
        255
        255
         62
        160
        128
          0
        136
         69
          0
          0
         57
          9
        179
         73
          0
          0
        203
          0
          0
          0
         48
          0
        115
          0
         99
        125
         58
          0
        160
          0
          0
        255
          0
        152
         45
          0
          1
          0
          0
          0
         59
        126
         25
          0
          3
         25
          0
          0
          0
          0
        255
          0
        106
        255
          0
        183
        252
          0
        183
          0
          0
          0
          0
          0
          0
          0
         34
         84
          0
          0
        127
          0
          0
          0
          0
          0
         10
          0
          0
          0
        146
          0
        255
          0
        112
          0
        117
        154
        209
         81
          0
          0
          0
         64
          0
        167
        230
        255
         56
          0
          0
         49
          0
         69
          0
          0
          0
          0
         99
          0
         58
          0
         19
          0
          0
         28
         69
          0
          0
        190
        239
        180
          0
          0
          0
          0
          0
          0
          0
        255
         92
         38
        208
        255
          0
          0
          0
          0
         39
          0
        107
        126
          0
         83
          0
          0
          0
          0
         92
          0
         53
          0
        238
        147
          0
          0
        215
         84
        102
        234
        245
        255
        142
         72
        198
          0
        239
          0
          2
          0
         81
          0
          0
          0
          0
          0
          0
          0
          0
          6
         29
          0
          0
          0
        136
         19
          0
          0
         78
          0
          0
          0
          0
          0
         73
          0
         65
        106
          0
        111
          0
          0
          0
          0
          0
          0
         33
          0
         67
          0
         15
          0
          0
        196
          0
        161
         73
          0
          0
         79
        176
        209
          0
        237
          0
          0
         25
          0
          0
         26
        244
          0
        114
         63
         80
          0
          0
          0
        218
          0
          0
          0
          0
         55
          0
          0
        138
          0
         88
          0
          0
          0
        147
          0
         35
          0
          0
          0
          0
          0
          0
          0
          0
          0
          0
         47
        146
          0
          0
         21
        211
          0
        184
          0
          0
        156
          0
          0
          0
          0
          0
         46
          0
          0
          0
        255
        110
        101
          0
        255
          0
        178
         56
        255
        255
          0
          0
        177
          0
         20
          0
          0
        222
          0
          0
          8
        158
          0
          0
          5
         74
         34
        227
          0
          0
          0
          0
         16
        227
          0
        255
        255
          0
         13
          0
          0
          0
          0
          0
          0
          0
         55
        139
          0
        186
         70
          0
          0
          0
        182
          0
          0
          0
          0
        224
        121
         35
         15
          0
          0
          0
        255
        255
        255
          0
          0
          0
          0
        118
        214
          0
         29
        122
          0
         18
        255
        121
          0
          0
          0
        255
        211
          0
         13
          0
          0
          0
          0
          0
        126
          0
        255
          0
        207
        255
        255
          0
          0
          0
        185
        255
          0
          0
          7
        148
          0
          0
          0
         26
          0
        103
          0
          0
        200
          0
          0
          0
          0
          0
          0
          0
          0
        120
        255
         27
          0
         62
        255
          0
          0
          0
        112
          0
          0
        116
          0
          0
          0
          0
        168
          0
          0
         56
          0
         62
        184
          0
         77
          0
          0
          0
        102
        255
          0
         25
          0
        235
          0
        102
        255
          0
          0
        120
          0
          0
         53
          0
          0
        130
         22
          0
          0
          0
         38
        164
         80
         73
          7
          0
          0
         49
         45
        177
         28
          0
         58
          0
          0
          0
        155
          0
          0
          0
         57
          0
          0
          0
          0
          0
          0
        117
          0
          0
          0
          0
          0
        102
          0
        232
         41
          0
        255
        142
          0
        208
          0
          0
          0
          8
        173
          0
          0
        255
         11
          0
          0
         85
          0
        145
          0
          0
          0
         91
          9
         29
        148
        216
          0
          0
        145
          0
          0
          0
          0
        255
          0
          0
         30
        111
          0
        213
        112
        214
          0
          0
          0
         76
          0
          0
        221
          0
         52
        120
          0
          0
         76
          0
          0
        215
          0
          0
         28
          0
          0
          0
          0
          0
         58
         87
          0
          0
          0
         64
        245
        146
          0
         97
          0
         97
          0
          0
          0
          0
          0
          0
        172
          0
          0
          0
         59
         57
          0
          0
          0
        205
          0
          0
          0
          0
          0
          0
          0
          0
          0
          0
        255
        134
          0
          0
          0
         43
        153
          0
          0
         92
        190
          0
          0
          0
         98
          0
         48
          0
          0
          0
          0
        227
          0
          0
          0
          0
          0
          0
         15
          0
          0
        159
          0
        107
          0
         48
        255
          0
          0
         34
          0
          0
          4
          0
          0
         85
         93
          0
         29
        205
        147
          0
          0
        216
         60
          0
          0
        171
         17
          0
        108
          0
          0
        228
         22
        249
        233
          0
        255
          0
          0
          0
        111
          0
          0
        124
          0
          0
          0
          0
          0
        111
          0
        175
          0
        137
         19
          5
          0
          0
          0
         48
         41
        255
          0
          0
          0
         25
         73
          0
          0
        106
        173
          0
        145
          0
          0
          0
          0
        183
          0
        129
          0
          0
        219
          0
         81
        109
          0
          0
          0
        227
         36
          0
          0
          0
         13
        161
        255
         53
          0
        102
          0
         11
          0
          0
          0
          0
          0
          0
          0
          0
          0
          0
        110
        219
        255
          0
          5
          0
        216
          0
          0
          0
          0
         45
          0
          0
          0
          0
        120
          0
          0
        255
          0
          0
        220
          0
          5
          0
         27
         68
          0
        134
          0
         64
          0
        223
          0
          0
        138
          0
        154
          0
          0
        189
        175
        236
          0
          0
          0
         82
         55
          0
          0
        251
        255
          0
          0
          0
        178
          0
          0
          0
          0
        176
          0
          0
          0
          0
          0
        162
          0
          0
          0
          0
          0
          0
         53
        175
         58
          0
          0
         82
          0
          0
        206
          0
          0
          0
          0
          0
        150
        105
          0
        255
          0
        134
          2
          0
        200
        132
          0
        194
          0
        255
         27
          0
          8
          0
         55
        137
        176
          0
          0
         30
          0
         24
          0
        255
          0
         23
          0
          0
        218
         69
          0
        247
         70
         62
         60
          0
          0
         98
        159
          0
          0
          0
          0
         95
          0
          0
          0
        140
         28
          0
          0
        192
          0
        133
          0
         47
          0
         18
          0
          0
         14
          0
          0
         85
          0
        148
         97
        179
          0
        107
          0
          0
          0
          0
          0
        114
        255
        107
        168
        154
          0
          2
         61
          0
          0
        236
        231
        255
        251
          0
        207
         59
        255
          0
         77
          0
          0
          0
          0
         73
          0
          0
          0
          0
          0
         65
          0
          0
        255
          0
          0
         47
         95
        245
          0
        180
          0
          0
          0
        255
        255
          0
          0
        175
         88
          0
          0
          0
          0
          0
         61
         90
          0
          0
        120
          0
          0
        255
        128
          0
         32
        251
         10
        245
          0
         15
          8
         32
          0
          0
          0
          0
          0
          0
          0
        150
          0
        174
          0
        108
          0
          0
         84
        141
         33
        198
          0
          0
          0
          0
          0
          0
         28
        252
         14
          0
          0
          0
          0
         40
        212
        200
        142
        158
          0
         13
        205
          0
          0
          0
        210
          0
          0
        104
        129
        179
          0
        190
          0
          0
         68
          0
         63
         93
          0
        172
          0
          0
          0
         17
          0
        152
          0
        244
        236
          0
        255
          0
          0
         10
          0
          0
          0
        255
          0
        117
         95
          0
        255
          0
          0
          0
        187
        255
          0
         91
          0
          0
          0
          0
          0
        255
          0
         40
        255
        210
        208
        255
          0
          0
         65
          0
          0
          0
         99
        109
          0
         89
          0
          0
          0
        255
         52
         99
          0
          0
         22
         82
          0
          0
          0
          0
          0
          0
         79
        154
          0
        134
        103
        242
        255
        154
          0
          0
        255
        175
         11
          0
          0
          0
         15
        178
          0
        184
          0
        194
          0
        106
          0
          0
          0
        230
        115
        116
          1
          0
          0
          0
          0
          2
        240
          0
        255
          1
         72
        167
        135
         79
        187
          0
        185
        125
          0
          0
         46
          0
          0
        164
        151
        255
          4
          0
          0
          0
          0
          0
         54
          0
          0
        152
        255
          0
        255
          0
          0
         31
          0
        202
        197
        255
          0
        132
          0
          0
          0
        134
         83
        255
          0
        168
          0
        178
        110
         87
          0
          0
        105
          0
        132
          0
          0
          0
          0
        253
          0
          0
          0
          9
        210
         75
         84
          0
        113
          0
          0
          0
        100
        160
          0
          0
          6
         91
          0
        183
         45
         25
          0
        255
         42
        223
          0
          0
         49
        209
        194
          0
          0
          0
          0
         35
          0
          0
          0
        208
          0
        255
          0
          0
         62
          0
        255
          0
          0
          0
        126
          0
        124
          0
          0
         84
          0
          0
          0
          0
          0
        224
         17
         37
        249
          0
          0
          0
          0
        102
          0
          0
          8
         47
          0
          0
         53
          0
          0
          0
          0
          0
         15
          0
          0
          0
          0
        203
        163
        106
        120
         86
        100
        120
        144
          0
         70
          0
          0
          0
         65
          0
          0
          0
          0
         14
          0
          0
         65
          0
          0
          0
          0
        113
          0
        190
          0
          0
          0
          0
          0
        138
         13
          0
        145
          0
        255
          0
          0
        255
         29
          0
          0
        192
          0
        123
          0
          0
         43
        187
          0
          0
         60
          0
          0
         44
          0
        185
         17
          0
          0
          0
        154
         60
          0
          0
          0
        106
        255
         81
         15
          0
          0
          0
        186
         35
        255
         89
          0
          0
          0
          0
          0
        178
          0
        255
          0
        162
         43
        255
          0
          0
          0
          0
          0
          0
         41
        255
          0
         49
          0
        217
          0
          0
          0
          0
        174
          0
          0
          0
          0
          0
        167
          0
          0
          0
         46
        255
          0
          0
          0
          0
          0
         14
          0
          0
         38
          0
        165
        247
        127
          0
          0
        106
          0
        172
          0
          0
          0
          0
          0
          0
          0
        126
          0
         11
          0
          0
        255
        171
          0
          0
        111
        150
          0
          0
         89
          0
         73
        120
         61
          0
          0
         82
          0
          0
          0
         53
          0
          0
        215
         23
          0
          0
         14
          0
          0
          0
          0
          0
          0
          0
        255
        155
         98
        252
          0
          0
          0
        255
          0
          0
          0
        128
        146
          0
        255
         46
        205
          0
          0
         47
          0
          0
          0
          0
          0
        255
          0
          0
          0
         11
          0
          0
          0
        166
          0
          0
          0
          0
        255
          0
        168
          0
        118
          0
          0
          0
          0
          0
          0
         82
        255
          5
        182
          0
         52
        255
          0
          0
         25
          0
          0
         35
          0
        157
          0
        185
          0
          0
          0
          0
          0
          0
          0
        189
        150
          0
          0
          0
          0
         23
        229
          0
          0
          0
        134
          0
          0
          0
          0
          0
          0
        167
        137
          0
        115
          0
         23
          0
          0
        215
        157
          0
          0
          0
        110
          0
          0
          0
          0
        113
          0
        200
          0
          0
          0
          0
          0
          0
          0
          0
        202
        195
          0
        112
         67
          0
        255
          0
          0
          0
         19
          0
          0
          0
          0
          0
          0
         53
        168
          0
        167
          0
         15
         42
        255
        222
          0
         28
          0
         43
          0
        187
          0
          0
          0
          0
          0
          0
          0
        185
          0
          0
          0
        255
          0
          0
          0
          0
          0
        153
          0
        255
          0
        222
        253
        154
         35
        255
        255
         14
        162
          0
         16
        126
         69
         87
          0
        104
          0
          0
          0
        236
          0
        170
          0
          0
        145
          0
          0
         57
         55
          0
          0
        255
         38
        166
        163
          0
          0
         61
         22
          0
          0
          0
          0
          0
          0
          0
          0
          0
          0
          9
         28
        230
          0
        157
          0
        122
          0
         39
          0
         11
          0
         70
          0
          0
          0
          0
          0
          0
          0
          0
          0
          0
          0
        165
        221
          0
         24
         55
          0
         69
          0
          0
        216
          0
          0
          0
        153
          0
          0
          0
          0
         60
        178
          0
          0
         79
          0
        179
          0
        149
          0
        113
        255
          0
          0
          0
          0
          0
          0
          0
         14
         68
          0
        102
        176
         80
          0
         81
          0
          0
          0
        106
         75
          0
        112
        234
         21
          0
          0
         96
          0
         95
          0
          0
         32
        146
          0
         87
          0
          0
          0
          0
          9
         26
          0
          0
        255
        219
          0
          0
        172
          0
         95
         60
          0
         25
          0
          0
         34
          0
          0
         64
          0
         74
          0
        255
         27
        103
          0
          0
          0
        222
        105
         18
          0
         49
          0
         33
        122
          0
          0
         16
          0
          0
          0
          0
          0
          0
        179
        124
          0
          0
         21
        130
         28
        164
        252
          0
          0
        146
          0
          0
          0
          0
          0
          0
          0
         23
          0
          0
          0
        255
          0
          0
          0
          0
          0
         75
          0
          0
          0
        149
        134
          0
          0
         46
          0
          0
          0
        255
        132
        155
          0
          0
          0
          0
         28
          0
          0
        104
         27
        106
        193
        200
          0
          0
         43
          0
          0
          0
          0
          0
         54
        161
         54
          0
          0
          0
          0
          0
        220
          0
        210
        154
          0
         90
        255
          0
         22
         37
         39
        101
          0
         97
          0
        255
          0
         93
         38
          0
        163
         85
          0
         38
        133
        214
        149
        255
         12
         37
          0
         71
          0
          0
         58
          0
          0
        165
          1
          0
         44
          0
          0
          0
          0
         99
          0
         97
          0
        133
          0
          0
        106
          0
        255
          0
          9
         55
         86
          0
          0
        143
          0
          0
        123
        190
        255
         16
          0
          0
