          4
          0
         40
        121
         44
          0
          0
          0
          0
         58
        146
        195
          0
        123
        255
          0
          0
          0
          0
          0
          7
         56
        255
          0
          0
         89
        142
          0
          0
          0
        105
          0
          0
          0
          0
          0
         74
          0
          0
        187
        255
        218
        204
          0
          0
          0
        255
          0
          0
          0
          0
        159
        222
          0
          0
          0
        167
         77
        113
          0
          0
         39
          0
          0
        255
          0
         36
          0
          0
        205
         39
          0
        143
         51
          0
          0
          1
          0
        255
          0
         30
          0
          0
        154
          0
          0
         50
          0
          0
        217
          0
          0
          0
          0
          0
        109
          0
          0
          0
          0
          0
          0
          0
         53
        229
        155
          0
         65
        108
         72
          0
        218
          0
         97
          0
          0
          0
          0
        255
          0
          0
          0
          0
        137
          0
          0
          0
         17
          0
          0
        160
         67
          0
        252
          0
        132
          0
          0
         86
          0
          0
          0
         11
        116
          0
          0
          0
        147
          0
          0
        242
          0
        255
          0
         36
          0
         14
          0
        162
        208
        255
          0
          0
          0
         26
          0
         44
         25
        255
        169
        174
         45
          0
          0
         55
        109
          0
        255
          0
          0
          0
         30
          0
        126
          0
        203
         12
        116
          0
          0
          0
          0
          0
          0
          0
          0
          0
         51
         33
          0
        216
          0
        149
        157
         65
          0
        255
         70
          0
        255
          0
        249
          0
          0
          0
         20
         82
          0
          0
        184
          0
          0
        160
          0
          2
          0
          0
          0
        128
        131
          0
          0
          0
          0
          0
        119
          0
          0
          0
          0
        117
          0
          0
          0
          0
          0
          0
        227
          0
          0
         17
          0
          0
        255
          0
         88
          0
        255
         98
        137
         35
          0
          0
          7
          0
         49
        107
          0
        101
          0
        133
          0
          0
        255
          0
          0
        103
          0
        255
         71
          0
         48
        145
          0
         39
         48
         27
          0
        255
          0
         20
          0
          0
         63
          0
          0
         32
         36
        180
         28
          0
          0
        233
          0
          0
        255
         29
         88
          0
          0
          0
          0
          0
          0
          0
        166
          0
         87
          0
          0
        255
          0
        126
          0
          0
        242
          0
          0
        255
          0
         70
         77
          0
          0
          0
         96
          0
        255
        109
          0
          0
          0
          0
          0
        255
          0
          0
        174
          0
          0
          0
        220
        141
          0
        255
        160
          0
         69
          0
         64
          0
        143
          0
        141
          0
         42
          0
          0
        255
         36
          0
          0
          0
         38
          0
         71
          0
          0
          0
          0
          0
          0
          0
         89
         47
        255
          0
         31
         61
        255
          0
          0
          0
         51
          0
          0
         31
         47
        255
          0
          0
          0
          0
        248
        179
          0
        163
          0
          0
          0
          0
         20
         44
        255
          0
          0
          0
          0
          0
        152
          0
          0
          0
        182
          0
          0
        182
          0
          0
        123
          0
         76
        255
        137
          0
          0
        123
          0
          0
          0
          0
         54
          0
          0
          0
        218
         43
          0
         22
         91
        216
        114
          0
        255
         32
         22
         44
         38
        135
          0
         46
         91
          0
         54
          0
          0
          0
          0
         37
          0
          0
         26
         17
          0
          0
          0
          0
          0
          0
        241
          0
          0
          0
          0
          0
         42
          0
          0
          0
         83
          0
         53
         52
         49
         64
          0
          0
          0
          0
          0
          0
         24
        160
         33
          0
          0
         31
          0
          0
        121
          0
         44
