          0
         49
          0
          0
          3
          0
         83
          0
        255
          0
          0
          0
          0
        255
          0
         59
         51
         63
          0
          0
         49
        146
          0
          0
         43
          0
         35
          0
          0
          0
          0
        120
          0
         65
        169
          0
        255
          0
          0
        194
          0
          0
          0
        178
          0
          0
          0
          0
          0
          0
          0
          0
          0
        255
          0
         92
         59
          0
          0
          0
          0
          0
          0
          0
        111
          0
        174
          0
         43
          0
          0
          0
        255
        159
          0
        147
          0
        255
         58
          3
         82
          3
        140
          0
         58
        131
          0
        225
          8
          0
         68
          0
        115
        205
         78
         51
          0
          0
        120
          0
         41
          0
          0
        255
          0
        255
          0
          0
          0
        255
          6
          0
          0
         40
          0
         56
         57
         12
          0
         76
        243
          0
          0
          0
          0
        106
         19
         31
          0
         77
          0
          0
          0
        255
        165
        247
          0
        149
        165
          0
          0
        255
          0
         20
          0
          0
         94
          0
          0
        161
        255
        101
          0
          0
         97
         36
          0
          0
          0
          0
        173
         29
          0
          0
          0
        255
          0
         45
          0
          0
         48
        219
        211
        255
         70
          0
          0
        117
        107
        163
        120
        255
        255
        200
          0
         69
         20
        255
        134
        174
         18
        165
        151
         50
          0
        255
          0
        255
          0
        238
          0
        188
        115
          0
        170
          0
         15
         28
          0
          0
          0
        207
          0
        200
        255
        100
         12
          0
         29
          0
          0
          0
          0
         45
          0
          0
          0
          0
          0
         60
        200
          0
          0
          0
          0
        248
        133
          0
          0
          0
          0
          0
          0
          0
          0
        252
          0
          0
          0
        203
          0
          0
          0
        106
         78
         76
          0
         65
        148
          0
          0
          0
          0
        255
        255
          0
          0
          0
          0
        255
          0
          0
          0
        127
          0
          0
          0
        139
          0
        254
          6
          0
         58
        197
          0
          0
          0
        169
        255
          0
          0
          0
          0
        255
          0
          0
          0
          0
          0
        126
          0
          0
         34
          0
        153
          0
        135
        189
          0
         26
          0
          0
          0
         15
          0
         39
        113
          0
          0
          0
        255
          0
          6
          0
          0
          0
          9
        255
        255
          0
          0
          0
          0
          0
         88
          0
          0
         54
         97
         92
          0
        147
          0
        255
        146
          0
          0
        255
         96
          0
         50
          0
          0
        255
         99
        255
          0
        255
          0
          0
        231
          0
        159
          0
        192
        255
          0
          0
          0
          0
          0
          0
          0
        216
          0
          0
          0
        255
          0
          0
          0
         56
          0
          0
          0
         55
          0
          0
        175
        255
          7
        255
          0
          0
          0
        152
          0
        255
         94
        122
        240
          0
          0
          0
          0
          0
         29
          0
        139
          0
         13
          0
          0
          0
          0
          0
          0
         10
         33
          0
         77
          0
          0
          0
         45
         44
          0
          0
          0
          0
        103
        106
          0
         24
          1
          0
         97
        120
         89
          0
          0
        255
          0
         54
          0
          0
          0
          0
          0
          0
          0
          0
        193
        255
          0
          0
          0
          0
          0
          0
         87
          0
         60
         87
          0
          0
         29
          0
          0
          0
          0
          0
          0
        255
        103
          0
         48
          0
          0
        204
         61
          0
          0
          0
          0
        205
        208
        177
         19
          4
          0
          8
         62
        255
          0
          0
         62
        118
         61
          4
          0
        103
          0
          0
        131
          0
          0
          0
          0
        196
         78
          0
