        233
        255
        136
          0
          0
          0
          0
          0
         55
        144
          0
          0
          0
         81
          0
        195
        255
         98
          5
        249
        182
          0
         52
          0
          0
         29
          0
          0
          0
          0
         78
        255
        129
          0
          0
          0
         36
        199
          0
          0
        168
         67
          0
          0
          0
          0
          0
          0
          0
        166
          0
          0
          0
          0
          0
          6
          0
          0
        255
          0
         35
          0
          0
         19
        120
        147
         32
          0
          0
        100
         94
         45
        124
          8
         76
          0
          0
          0
          0
          0
          0
        104
        175
          0
          0
        101
          0
        103
          0
         39
        255
          0
          0
        129
          0
        126
          0
        255
          0
          0
          0
          0
        200
         54
          3
          0
         78
          0
          0
        131
         40
          0
        141
        151
          0
        255
          0
          4
         59
          0
          0
         79
          0
          0
          0
          0
         27
         71
          0
        255
        255
         28
          0
         77
          0
          0
          0
          0
         70
          0
          0
          0
          0
          0
        232
          7
         61
          0
        151
          0
          0
        124
        189
          0
        135
          0
          0
          0
         63
          0
          0
          0
        255
          0
         50
        204
        255
        180
          0
          0
        129
          0
          0
          0
          0
         29
          0
         43
          0
          0
          0
          0
         26
         60
        255
        126
          0
        100
          7
          0
          0
        150
          0
          0
        209
         33
          0
          0
          0
        189
          0
          0
        149
         77
         89
        172
        255
        255
          0
         17
        247
        170
         71
         66
          0
          0
        186
         89
          0
          0
          5
          0
          0
         80
        104
          0
        177
          0
          0
         66
         70
          0
        119
          0
          0
          0
        255
          0
          0
        187
         99
         15
          0
          0
          0
        118
          0
          0
         33
          0
          0
          0
          0
         97
        164
          0
        206
        255
        255
          0
          0
         81
          0
          0
          0
          0
         74
          0
          0
          0
          0
          0
        207
         74
         68
        255
        165
          0
         32
          0
         64
        112
          0
          0
         62
        141
          6
        255
          0
          0
        217
          0
         98
          0
          0
         95
          0
        102
          0
          0
        255
        143
          0
          0
          0
         45
        180
         54
          0
        183
         47
          0
          0
         85
        255
        101
         56
         88
         85
          0
          0
          0
         43
          0
          0
        193
          0
        117
          0
          0
          0
          0
          0
          0
          0
          0
          0
         75
          0
         29
          0
          0
          0
          0
          0
        164
          0
         60
         33
          0
          0
          0
         42
        255
        108
          0
          0
          0
          0
          0
         66
          0
         46
          0
        217
          0
          0
          0
        191
          0
        200
          0
          0
        102
         64
          0
          0
          0
          0
          0
          0
         84
          0
          0
        162
        255
        111
          0
         48
        116
          0
          0
        157
          0
          0
          0
          0
          0
          0
        255
          0
          0
        210
        236
         47
          0
         37
          0
          0
          0
         32
          0
          0
         21
         22
          0
        190
          0
        254
          0
         23
         62
        255
         14
         35
        118
          0
          0
        255
         18
          0
        110
          0
          8
         34
          0
          0
        151
         29
          0
         42
        192
          0
          0
          0
        112
          0
          0
        123
        255
        220
          0
         69
          0
          0
          0
         50
          0
         27
          0
        255
          0
          0
        122
          0
          0
        175
        242
          0
          5
         55
          0
        210
        203
          0
          0
          0
          0
          0
         83
        198
        255
         85
          0
         15
         14
          0
          0
         80
          0
          0
          0
        255
         26
          0
         91
        104
         25
          0
        241
          0
         72
          0
          0
        255
          0
          0
          0
          0
          0
          0
          0
