        163
        191
        132
         21
        179
        175
        207
        174
        193
        160
        173
         79
        145
        218
        177
        161
         19
        132
        227
        183
         41
         91
        113
         27
        235
        216
         94
        160
        132
        140
        254
        187
         41
        105
         39
        245
        251
         59
        222
          4
        112
        210
         17
        189
         15
        235
        134
        183
         29
        139
        242
        215
        132
        160
          3
         66
        111
        240
        192
         99
        188
        228
         22
        178
         10
        252
        109
        240
         77
        152
        217
         43
        146
        142
        233
         95
        210
        158
        225
         21
         25
        165
        214
        149
        230
        221
        126
        206
        172
        234
        252
        177
          2
          2
          0
          5
         77
        220
        125
        169
        180
         89
        201
         99
        206
        166
        113
        143
        189
        247
        151
         85
          2
        139
         82
        200
         52
         36
        180
        150
        154
        133
        187
         89
        123
        133
        170
        103
         78
        220
         87
        192
         64
        177
         17
        135
         98
        155
        175
        220
         78
        245
         63
         59
        253
         77
        123
          3
         73
        162
        193
        127
        174
         67
        131
        167
         35
         85
         56
        199
        217
        211
         18
        115
        177
        112
        161
        143
         97
        185
        120
         62
        208
        147
        252
        226
         27
         23
        148
         13
        215
         80
        173
        230
        192
         21
        222
         32
        123
         23
        151
        192
        128
        217
        249
         94
        218
        132
        125
          3
         55
         53
          2
        118
         52
        219
         57
        226
        149
        167
        227
         56
        116
        188
        157
         66
        224
        196
         26
         74
        136
        197
        178
          4
        144
        156
        251
        135
        207
          5
         16
        115
        233
         11
        154
        246
          9
        124
        174
        222
        158
        197
        173
         91
        159
         62
          8
        221
        201
        126
        228
         19
        219
         98
        138
         81
        216
        112
         27
         62
          2
        182
        182
        246
        214
        243
         16
        163
         70
        117
         60
        205
        121
          7
        177
        171
        150
        214
        223
        131
         55
         75
         73
         38
        146
         58
         39
        214
        222
         85
        133
         26
          5
        154
         55
        133
         41
         85
        182
        253
         58
        160
         46
         28
        202
        112
        142
        250
        212
        117
         62
        236
        153
         82
         21
         38
         33
        129
         70
        175
        103
        147
        208
         49
         24
         97
        230
        138
        186
        155
        173
        144
         71
         79
         46
         23
        170
         44
        182
        127
        235
        223
        139
        184
        253
         77
        196
         84
         76
        240
         55
         93
        169
         68
         99
        100
        250
         12
        171
         19
        199
        227
        179
        239
        236
        109
        172
         69
        233
        200
        246
        249
         68
         38
        178
         36
        220
        223
        161
          2
        243
        119
        152
        234
         33
        184
        137
         30
         82
        125
         91
         62
        237
        155
        248
        137
        208
         76
        216
        141
         30
        184
         55
         67
         46
        161
        221
         11
         43
        247
        136
          3
          6
        231
        130
        157
         47
         30
         58
        118
        127
         28
        216
        219
        247
        180
        217
        218
        225
         72
        124
        103
        199
        122
         20
        191
         88
        139
        215
        128
         64
         53
        104
        160
        127
        167
         64
        195
        151
         92
        182
        167
        224
        190
        117
         27
        209
        228
        221
        250
         26
         52
        127
         62
        126
        203
        151
        218
        213
        227
        229
         36
         21
        209
        218
        198
         56
        143
        106
        226
         89
        122
        190
         49
        210
         73
         19
         71
        157
          5
         72
          3
        241
         88
        133
         76
        184
        244
        183
        246
        100
        141
         57
         94
         37
        104
        144
        222
        224
         22
        133
         10
         44
        106
          1
        214
         58
        245
        131
        152
        134
        183
        232
        133
        244
         93
        118
        108
        118
        188
        137
        120
         41
        240
        109
        177
         70
        165
         71
         45
         39
         61
         63
         71
        186
        216
        147
         57
         38
         39
        179
         69
        190
        198
        103
        209
          3
         88
          8
        228
        109
         64
        141
        230
        199
         71
         52
          4
        134
         96
         11
         54
        124
        233
        101
        194
        147
         38
        197
        223
         26
        143
         36
         14
        221
        118
         19
         91
         36
        100
         24
        169
        100
        223
         84
         10
         36
        113
         34
         91
        203
        241
         12
         83
        149
        230
         99
         45
         96
        115
        155
         78
         91
         31
        113
        167
        183
         79
          8
        157
        102
        245
         51
        227
         13
        201
         36
        218
         15
        104
        228
        161
         97
        104
        212
        171
         93
        156
         55
         12
        164
        237
         52
          8
         39
        182
        174
        171
        247
        220
        143
        200
         75
         18
        229
        170
         32
         91
        251
        225
        213
         63
         42
        199
         88
         28
        106
         74
         56
        145
        186
        210
        134
        251
         11
         24
        172
        228
        181
        130
          7
        220
        246
        150
        248
        152
        120
         12
        231
         65
         97
        120
         76
        183
         35
          4
        110
         14
         56
        100
          0
         26
         28
          4
         34
        160
        228
         37
        252
          1
        179
         33
        254
         85
        166
        192
         71
         34
        143
        248
        167
         84
        174
        104
        236
        183
         49
        164
        215
          3
         31
        132
        208
         47
         35
        250
         92
        245
        216
        113
        202
        104
        162
        100
        178
        143
        172
         59
        234
        255
        135
         92
         74
         89
        140
         20
        208
         64
        128
         64
         55
        162
        153
         70
         26
        108
        190
        155
        118
        162
         33
         23
         53
        190
        206
        129
         22
        207
         64
         28
        139
         20
         21
        245
        125
        122
         50
        216
        145
          8
        170
        251
        156
        254
        246
         62
        170
        239
         62
        165
        136
        194
        102
        252
        136
        152
         66
        116
         77
         12
        202
         69
         13
        125
         18
         61
        240
         42
         52
        176
        147
        117
        208
        112
         95
         83
         99
        174
        214
         33
         56
        189
        190
        166
         35
        163
        227
         48
        206
         81
        111
        250
         55
         24
        249
         66
        168
        208
         87
        150
        162
        116
         40
        242
         71
        230
          8
         54
        110
        153
        132
        132
        158
        153
        197
        145
         55
         92
          8
         60
        179
        249
        198
        196
        195
        196
        184
         48
        160
        143
         32
        153
        180
        122
        143
        141
        164
        192
        116
         29
         56
         87
          9
         95
         63
         76
         33
         52
        187
        217
         53
        175
        143
        254
        129
          9
         19
        110
        229
        161
        209
         62
         89
         97
         26
        122
        221
         55
        146
        181
        235
        136
        206
         51
        105
        210
         70
        216
        225
         71
        108
        226
         45
         89
        169
         49
        135
        200
        201
        156
        213
         31
        182
        132
        147
        152
        240
        146
         25
        129
         90
        148
        102
         67
         44
         88
        214
         41
        162
        196
         35
        133
        211
          4
        176
         40
         22
        170
          1
         25
        199
        244
          1
         22
        250
         94
        115
        162
        119
         95
         72
        186
        148
         95
        167
        245
        119
        184
        182
        117
         20
        111
         32
         70
        154
        190
         91
         41
        108
        114
         97
         80
        137
        255
        240
        230
        186
         48
         25
         76
        255
        100
        122
        127
        244
        235
        208
        105
        211
        152
        166
        115
        178
         77
         41
         50
        236
        102
        159
        245
        234
         50
        205
         91
        158
        229
        161
        221
        128
          4
        164
        164
         62
         56
        211
        156
         50
        234
        201
          7
         68
        199
        135
        152
        114
          9
        183
         84
        164
         60
        187
        211
        140
        166
        153
         10
          0
        158
         69
        116
        148
         66
        187
        220
        113
        122
         90
         82
        175
        251
         75
          8
        140
         79
         79
         11
         32
          4
        230
        235
        107
        144
        216
        160
        186
         54
         35
         25
        136
        175
        254
         81
        115
        164
         92
        221
         72
        236
         24
          6
        221
        201
        249
        164
         52
        177
         20
        185
         18
        226
        240
         16
         48
         57
        216
         45
         75
        147
        117
        244
        171
        240
        112
        147
          2
         27
        214
        192
        147
        177
        121
        159
        110
          6
        168
        181
        126
         58
         62
        241
        227
        135
          7
         94
        177
          8
        238
        253
        137
        120
        100
        110
         28
          5
        135
        134
         93
        222
         36
        127
        139
        149
        108
        141
        160
         21
        175
        174
         44
        144
        234
        152
        116
        182
        148
        247
         86
         81
         71
         50
        147
        107
        210
        225
        112
        132
         17
        138
        186
         79
        219
         66
        105
        160
        209
         87
        155
        142
         18
        134
        146
         29
        248
        143
        219
        183
        127
         12
         46
          5
        231
          4
        131
        166
         30
          0
         22
        234
        254
        114
         48
         81
          4
         18
        168
         92
        192
         86
         75
         83
         18
        122
        139
         46
         92
        229
         17
         38
        154
        254
        242
         49
        210
         80
        134
        232
        144
        145
        211
        185
         80
        180
        245
        198
         43
        132
        195
        232
        105
         64
         44
         98
        150
        125
        208
        196
         10
        203
         86
        206
        136
         90
        246
        231
        250
          6
        243
         98
        211
        154
        100
          2
        154
        231
        216
        173
        244
        163
        254
        145
        170
        154
        147
         63
        146
        225
        109
         24
         82
        200
        190
        121
        154
        201
         20
          6
         17
         21
        231
        152
        148
         86
         20
        162
        155
        143
        112
        135
         38
        129
        218
         76
         22
        130
        204
         93
        160
        115
        153
        198
        138
        104
        131
         87
        157
          9
        222
         24
        102
        134
        226
        228
         66
         33
        165
        145
         83
         28
        235
         41
        219
        235
        135
        128
        178
        252
         61
        107
        195
        236
        160
        171
        136
         97
         94
         34
        120
        222
         30
        237
         12
          0
        123
         14
        100
         17
         57
        112
         28
         89
         52
        130
         58
         75
        111
        145
        212
        209
        245
         43
        247
         78
        104
        128
        198
        247
         43
        107
        109
        178
          1
        155
        203
         64
         18
        146
        125
        255
         56
         24
         43
        215
         18
        129
        201
        180
         68
          4
         87
         46
         22
        213
        235
        179
        217
        197
        117
         63
        103
        219
        176
         66
         90
        161
         73
        209
        218
         54
        213
         54
        154
        145
         25
          6
        247
         30
         89
         95
        231
         76
        102
         59
        192
        217
        235
         18
        152
        255
         93
        124
         52
        198
         12
        149
        154
          2
        115
        114
         85
        248
        239
        160
         19
         65
        212
         99
        235
        136
        136
        142
        226
        156
        157
        158
        126
        113
         45
          0
         84
          2
         75
        246
        164
        101
        120
        115
         98
        255
         44
        223
        210
        213
        254
         19
        184
          6
        132
         63
         86
         52
        190
         77
         10
        178
        201
        192
         24
        158
         53
        183
         39
         62
        230
          1
        195
         56
         48
        254
        216
        164
        251
         17
        176
         21
        220
        141
        113
        148
        189
        105
         12
        166
         84
         45
        234
        171
        201
        131
        162
        206
        230
         55
        220
        129
         81
         67
        126
        112
         62
        120
        215
        120
        248
         26
        172
         16
        235
         53
         42
        104
        196
        186
        108
        163
         37
        134
         68
         91
        122
         24
         92
        135
        133
         25
        173
          3
         57
         92
         48
        130
        212
         29
        201
        166
        132
         76
         45
         43
        134
        236
         58
         57
        237
        112
         93
          7
         68
        167
        116
        224
          9
        138
        252
        209
         88
        105
         43
        216
         61
        120
         76
        241
        124
         43
         76
         26
         92
         37
        152
        100
        166
        143
         63
        224
        137
        120
          5
        207
        123
         46
        164
         14
        185
        247
        254
         79
        135
        173
          9
         40
         47
        112
        146
         78
        218
        113
        226
         57
         91
         21
        198
         90
        118
        132
         45
        172
        226
         77
        225
        216
        207
        124
        187
          1
         84
        224
         40
        122
        137
         18
        177
        142
        102
        103
        193
        239
         17
         13
         72
         88
        229
        214
        151
        226
        237
         29
        245
         92
        205
         50
        205
        210
        104
        172
        203
         87
        133
        206
         13
        148
        210
         52
        165
         73
        252
         71
        190
        210
         37
         67
         15
        201
        212
        155
         95
        165
        157
         31
        238
        229
        111
        107
        242
        151
         74
        114
         25
        179
        208
         74
        229
         13
        162
         59
        222
         27
        234
        234
        197
         18
         62
        222
        156
        235
         78
        209
        115
         27
        244
        128
         26
        221
         15
         22
        188
        190
         36
        178
        130
         89
          3
        126
        146
        251
        225
         26
         38
        156
        101
        249
         98
        243
         34
         75
         58
         46
        128
        112
        119
        120
         29
        199
        174
        218
        183
         94
        213
        234
        141
        193
        121
        193
        198
         51
        229
        240
         28
        210
         99
        249
         53
         54
         74
        239
         36
         58
         52
        141
        204
         87
        222
          5
          2
        205
         88
        151
        154
        185
         13
        137
        183
        235
        172
        212
         10
        237
         25
        185
        209
         92
         56
         83
         94
        112
        235
          0
        203
        127
        135
        177
         41
        172
          1
        141
         43
        198
         82
         84
         84
         52
         78
        184
         27
         64
        186
        211
        211
        139
         56
         31
        165
        185
          8
        113
        233
        196
         67
        198
         92
        247
         77
        101
          8
         64
        145
        249
          4
        176
        234
        132
        205
         22
         86
         64
        250
         72
        222
        196
         59
         45
         53
        122
        227
        150
          0
         98
        226
        200
        114
         99
        112
        232
        121
         71
        246
        241
        163
        143
         85
        251
        169
        193
         86
        235
        199
        145
        108
        201
        176
        106
        182
        137
        136
        214
        153
        236
        112
        183
        217
        133
         52
        132
        140
         80
         74
        172
         17
        107
         34
        201
         34
        118
        187
        144
         31
        241
         66
          9
          4
        194
        176
        102
        230
        218
         38
        192
        176
        109
         28
         39
        187
        102
         75
        162
        253
        235
        154
         31
         33
        250
        135
        160
        102
          3
        142
         90
        211
        235
        167
         70
          8
         85
        214
         32
        140
        149
        207
        218
        107
        227
        152
        171
        184
        147
        194
        191
        193
          7
        155
        180
        193
        180
        101
        101
        232
         21
        131
         44
        184
        223
        106
         56
        139
         66
         45
         52
        146
        105
        194
         46
        224
        120
        189
        112
        223
        197
        182
        179
         49
        233
        243
         87
        204
         73
        151
         77
         48
         65
        101
        144
        178
          2
          3
        206
        236
          0
        174
         49
        111
        234
         19
        168
          7
        126
        227
         79
        108
        178
         85
         36
          4
          1
        196
        109
         22
        167
         46
         41
        253
        210
        171
        209
         58
         33
        108
         37
         80
         46
          1
        129
         89
          0
        240
          2
        150
        247
        237
        152
         53
          5
         30
         42
        137
        137
         59
         61
         42
         45
         11
        137
        174
        123
         71
         81
        139
        109
         88
         17
        163
        209
        196
        116
         18
         40
        191
        127
          3
        162
         20
        194
        116
        136
        211
        116
        234
        230
        118
        136
         39
        100
        147
        202
          8
        168
        114
          0
        160
        191
        239
        189
        251
        148
        152
        178
         26
        187
         78
        150
         12
        209
        108
        234
        136
        238
        113
        244
          6
        181
        142
        171
         69
        112
        216
        147
         90
         26
         61
         46
        112
         56
        204
         50
        227
         11
          0
        216
          2
        119
        226
        228
         73
        241
        241
         76
         81
        200
        191
         16
        209
        150
         70
        171
         70
        244
         15
         11
        188
         97
         70
        237
         71
        196
        216
        220
         43
        159
        184
        191
        123
        102
         46
         40
        186
        104
         40
        134
         34
        242
         74
         66
        133
        231
        206
         60
        182
        201
         21
         21
        254
        221
        230
        121
         99
         40
        180
        164
        153
        158
         38
        255
        180
         80
        125
        190
        243
        203
        188
        232
        114
        123
         49
        133
         54
         45
        209
         93
        253
        214
        207
        236
         42
         11
         40
        147
          8
          5
         75
         92
          3
        156
         49
        107
         66
         45
         26
         18
         97
         29
         86
        133
         36
         98
        108
        180
        162
        240
        154
         62
        226
         35
        117
         25
        206
        159
         49
          4
         89
         53
        225
         55
        108
        202
        162
        237
         77
        253
        200
         23
         20
         28
         12
        179
        215
        233
         60
         56
        208
        213
        196
        234
         50
        155
        115
        184
        170
         42
        176
        169
         59
         71
        234
        205
        110
        107
         58
        212
        155
        172
         17
         40
        125
        144
          5
        191
        196
         28
        140
        105
        211
        151
        169
         13
        226
        157
        120
        225
        220
        153
         46
         74
        236
        112
         65
        240
        204
         38
         11
         13
        206
        215
         15
         41
        126
         14
        151
        248
         73
        112
         64
        171
        226
        247
          2
        131
        216
         80
        179
         60
         27
        166
        155
        250
         10
         48
        184
        241
         78
         12
        190
        206
        238
        237
        252
        219
         98
         67
        150
        247
         71
         14
        215
        235
        230
        122
         84
         81
        112
        220
          1
         13
        187
         98
        156
         96
        222
        192
        146
        132
        114
         48
         35
        114
        112
        241
         48
        200
         51
         51
        241
        236
        103
        153
        249
        166
         40
         85
         86
        202
        194
        105
         59
        183
        159
         84
        160
        228
        189
        196
        208
        110
        180
        243
        151
         25
        239
        133
          0
        214
        171
         45
        159
        103
        210
         34
        121
         33
         72
        206
         52
        129
        201
        216
        236
        149
         45
        152
        167
        249
         87
        184
         16
        221
         58
         74
        127
        164
        114
        232
          8
        224
        111
         35
        121
          9
         18
         19
         25
        142
        171
        133
        151
        151
         94
         58
         30
        138
        217
        255
        204
        197
         81
        143
        223
        154
        119
         69
          9
        155
        122
         54
        239
        209
         69
        100
        102
        127
         33
        150
        105
        193
          0
         10
         16
         37
         14
          0
          0
          0
          0
          8
          0
         11
          0
          5
          0
         12
          4
         29
          0
          1
         17
          3
         26
          5
          0
          1
          0
          0
          0
          0
         17
         22
          0
          4
          0
          0
          0
         26
          0
          0
          3
          3
          0
          0
         34
         17
         22
         10
          0
          0
          2
          0
          0
          0
          0
          0
          0
          0
          0
         28
          0
          6
          0
          0
          0
          1
          0
          0
          0
         24
         17
         19
         30
          0
          2
          0
          0
          0
          0
         32
          0
         25
          2
          0
          2
          0
          0
          0
          5
          0
          0
         11
          0
          0
          0
          0
          2
         44
         19
          0
          0
          0
          1
          0
          0
         29
          0
          0
          0
          0
          0
          2
          0
         13
         14
         27
          0
         21
          0
          0
          0
          0
          0
          6
          0
          2
          0
         22
         19
          0
          0
         20
         33
          0
          0
          0
          0
          0
          0
         21
          0
         12
         34
          1
          0
          5
         32
          0
          9
         44
          0
         29
          0
          0
          0
          0
         10
          0
          1
         10
          0
          0
          0
          0
          7
         18
          0
          0
          0
          7
          0
          0
          0
         27
          0
          2
          4
          0
          0
         10
          0
          0
          0
          2
          0
          0
          0
          0
         19
          0
         27
          0
          0
         34
          0
          0
          0
         11
          0
          0
          0
          0
          0
          0
          0
          0
          0
          0
         18
          7
          0
          0
         31
          0
          0
         21
          0
         18
          0
         23
          0
         17
          4
          0
          0
          0
          0
          0
          0
         43
          0
         17
          7
          0
         16
          0
         29
          0
          0
          0
          0
          0
          8
          0
         31
         57
          0
         12
          0
          0
          0
          0
          5
          0
          0
          0
          0
         10
         16
         37
         14
          0
          0
          0
          0
          8
          0
         11
          0
          5
          0
         12
          4
         29
          0
          1
         17
          3
         26
          5
          0
          1
          0
          0
          0
          0
         17
         22
          0
          4
          0
          0
          0
         26
          0
          0
          3
          3
          0
          0
         34
         17
         22
         10
          0
          0
          2
          0
          0
          0
          0
          0
          0
          0
          0
         28
          0
          6
          0
          0
          0
          1
          0
          0
          0
         24
         17
         19
         30
          0
          2
          0
          0
          0
          0
         32
          0
         25
          2
          0
          2
          0
          0
          0
          5
          0
          0
         11
          0
          0
          0
          0
          2
         44
         19
          0
          0
          0
          1
          0
          0
         29
          0
          0
          0
          0
          0
          2
          0
         13
         14
         27
          0
         21
          0
          0
          0
          0
          0
          6
          0
          2
          0
         22
         19
          0
          0
         20
         33
          0
          0
          0
          0
          0
          0
         21
          0
         12
         34
          1
          0
          5
         32
          0
          9
         44
          0
         29
          0
          0
          0
          0
         10
          0
          1
         10
          0
          0
          0
          0
          7
         18
          0
          0
          0
          7
          0
          0
          0
         27
          0
          2
          4
          0
          0
         10
          0
          0
          0
          2
          0
          0
          0
          0
         19
          0
         27
          0
          0
         34
          0
          0
          0
         11
          0
          0
          0
          0
          0
          0
          0
          0
          0
          0
         18
          7
          0
          0
         31
          0
          0
         21
          0
         18
          0
         23
          0
         17
          4
          0
          0
          0
          0
          0
          0
         43
          0
         17
          7
          0
         16
          0
         29
          0
          0
          0
          0
          0
          8
          0
         31
         57
          0
         12
          0
          0
          0
          0
          5
          0
          0
          0
          0
         10
         16
         37
         14
          0
          0
          0
          0
          8
          0
         11
          0
          5
          0
         12
          4
         29
          0
          1
         17
          3
         26
          5
          0
          1
          0
          0
          0
          0
         17
         22
          0
          4
          0
          0
          0
         26
          0
          0
          3
          3
          0
          0
         34
         17
         22
         10
          0
          0
          2
          0
          0
          0
          0
          0
          0
          0
          0
         28
          0
          6
          0
          0
          0
          1
          0
          0
          0
         24
         17
         19
         30
          0
          2
          0
          0
          0
          0
         32
          0
         25
          2
          0
          2
          0
          0
          0
          5
          0
          0
         11
          0
          0
          0
          0
          2
         44
         19
          0
          0
          0
          1
          0
          0
         29
          0
          0
          0
          0
          0
          2
          0
         13
         14
         27
          0
         21
          0
          0
          0
          0
          0
          6
          0
          2
          0
         22
         19
          0
          0
         20
         33
          0
          0
          0
          0
          0
          0
         21
          0
         12
         34
          1
          0
          5
         32
          0
          9
         44
          0
         29
          0
          0
          0
          0
         10
          0
          1
         10
          0
          0
          0
          0
          7
         18
          0
          0
          0
          7
          0
          0
          0
         27
          0
          2
          4
          0
          0
         10
          0
          0
          0
          2
          0
          0
          0
          0
         19
          0
         27
          0
          0
         34
          0
          0
          0
         11
          0
          0
          0
          0
          0
          0
          0
          0
          0
          0
         18
          7
          0
          0
         31
          0
          0
         21
          0
         18
          0
         23
          0
         17
          4
          0
          0
          0
          0
          0
          0
         43
          0
         17
          7
          0
         16
          0
         29
          0
          0
          0
          0
          0
          8
          0
         31
         57
          0
         12
          0
          0
          0
          0
          5
          0
          0
          0
          0
         10
         16
         37
         14
          0
          0
          0
          0
          8
          0
         11
          0
          5
          0
         12
          4
         29
          0
          1
         17
          3
         26
          5
          0
          1
          0
          0
          0
          0
         17
         22
          0
          4
          0
          0
          0
         26
          0
          0
          3
          3
          0
          0
         34
         17
         22
         10
          0
          0
          2
          0
          0
          0
          0
          0
          0
          0
          0
         28
          0
          6
          0
          0
          0
          1
          0
          0
          0
         24
         17
         19
         30
          0
          2
          0
          0
          0
          0
         32
          0
         25
          2
          0
          2
          0
          0
          0
          5
          0
          0
         11
          0
          0
          0
          0
          2
         44
         19
          0
          0
          0
          1
          0
          0
         29
          0
          0
          0
          0
          0
          2
          0
         13
         14
         27
          0
         21
          0
          0
          0
          0
          0
          6
          0
          2
          0
         22
         19
          0
          0
         20
         33
          0
          0
          0
          0
          0
          0
         21
          0
         12
         34
          1
          0
          5
         32
          0
          9
         44
          0
         29
          0
          0
          0
          0
         10
          0
          1
         10
          0
          0
          0
          0
          7
         18
          0
          0
          0
          7
          0
          0
          0
         27
          0
          2
          4
          0
          0
         10
          0
          0
          0
          2
          0
          0
          0
          0
         19
          0
         27
          0
          0
         34
          0
          0
          0
         11
          0
          0
          0
          0
          0
          0
          0
          0
          0
          0
         18
          7
          0
          0
         31
          0
          0
         21
          0
         18
          0
         23
          0
         17
          4
          0
          0
          0
          0
          0
          0
         43
          0
         17
          7
          0
         16
          0
         29
          0
          0
          0
          0
          0
          8
          0
         31
         57
          0
         12
          0
          0
          0
          0
          5
          0
          0
          0
          0
         10
         16
         37
         14
          0
          0
          0
          0
          8
          0
         11
          0
          5
          0
         12
          4
         29
          0
          1
         17
          3
         26
          5
          0
          1
          0
          0
          0
          0
         17
         22
          0
          4
          0
          0
          0
         26
          0
          0
          3
          3
          0
          0
         34
         17
         22
         10
          0
          0
          2
          0
          0
          0
          0
          0
          0
          0
          0
         28
          0
          6
          0
          0
          0
          1
          0
          0
          0
         24
         17
         19
         30
          0
          2
          0
          0
          0
          0
         32
          0
         25
          2
          0
          2
          0
          0
          0
          5
          0
          0
         11
          0
          0
          0
          0
          2
         44
         19
          0
          0
          0
          1
          0
          0
         29
          0
          0
          0
          0
          0
          2
          0
         13
         14
         27
          0
         21
          0
          0
          0
          0
          0
          6
          0
          2
          0
         22
         19
          0
          0
         20
         33
          0
          0
          0
          0
          0
          0
         21
          0
         12
         34
          1
          0
          5
         32
          0
          9
         44
          0
         29
          0
          0
          0
          0
         10
          0
          1
         10
          0
          0
          0
          0
          7
         18
          0
          0
          0
          7
          0
          0
          0
         27
          0
          2
          4
          0
          0
         10
          0
          0
          0
          2
          0
          0
          0
          0
         19
          0
         27
          0
          0
         34
          0
          0
          0
         11
          0
          0
          0
          0
          0
          0
          0
          0
          0
          0
         18
          7
          0
          0
         31
          0
          0
         21
          0
         18
          0
         23
          0
         17
          4
          0
          0
          0
          0
          0
          0
         43
          0
         17
          7
          0
         16
          0
         29
          0
          0
          0
          0
          0
          8
          0
         31
         57
          0
         12
          0
          0
          0
          0
          5
          0
          0
          0
          0
         10
         16
         37
         14
          0
          0
          0
          0
          8
          0
         11
          0
          5
          0
         12
          4
         29
          0
          1
         17
          3
         26
          5
          0
          1
          0
          0
          0
          0
         17
         22
          0
          4
          0
          0
          0
         26
          0
          0
          3
          3
          0
          0
         34
         17
         22
         10
          0
          0
          2
          0
          0
          0
          0
          0
          0
          0
          0
         28
          0
          6
          0
          0
          0
          1
          0
          0
          0
         24
         17
         19
         30
          0
          2
          0
          0
          0
          0
         32
          0
         25
          2
          0
          2
          0
          0
          0
          5
          0
          0
         11
          0
          0
          0
          0
          2
         44
         19
          0
          0
          0
          1
          0
          0
         29
          0
          0
          0
          0
          0
          2
          0
         13
         14
         27
          0
         21
          0
          0
          0
          0
          0
          6
          0
          2
          0
         22
         19
          0
          0
         20
         33
          0
          0
          0
          0
          0
          0
         21
          0
         12
         34
          1
          0
          5
         32
          0
          9
         44
          0
         29
          0
          0
          0
          0
         10
          0
          1
         10
          0
          0
          0
          0
          7
         18
          0
          0
          0
          7
          0
          0
          0
         27
          0
          2
          4
          0
          0
         10
          0
          0
          0
          2
          0
          0
          0
          0
         19
          0
         27
          0
          0
         34
          0
          0
          0
         11
          0
          0
          0
          0
          0
          0
          0
          0
          0
          0
         18
          7
          0
          0
         31
          0
          0
         21
          0
         18
          0
         23
          0
         17
          4
          0
          0
          0
          0
          0
          0
         43
          0
         17
          7
          0
         16
          0
         29
          0
          0
          0
          0
          0
          8
          0
         31
         57
          0
         12
          0
          0
          0
          0
          5
          0
          0
          0
