          0
         56
          0
          0
          0
          0
          0
        160
        255
          0
         86
         69
          0
          4
          0
          0
          0
          0
          0
        255
        221
          0
          0
          0
          0
          0
          0
          0
          0
         30
         54
          0
        191
          0
          0
        129
         32
          0
         86
        107
        212
          0
          0
          0
         40
         15
        183
          0
        207
          0
        255
          0
        255
          0
        175
         19
          0
          0
          0
          0
         28
          0
        168
          0
          0
          0
          0
        129
          0
          0
        255
          0
          0
          0
         37
         63
          8
         25
        139
          0
          0
        179
        255
          0
         27
          0
         49
         22
        255
          0
          0
         10
          0
          0
          0
          0
         68
         59
          0
          0
          0
          0
          0
        173
        255
          0
        158
          0
          8
          0
          0
         49
        255
          1
        255
        255
          0
          0
         76
         47
         21
         92
          0
        124
          0
          0
          0
          0
          0
         30
        255
        143
          1
         65
        255
        165
         13
          0
         28
         78
          0
          0
          0
          0
        255
          0
        198
          0
        249
        228
          0
        110
          0
          0
        229
          0
         16
         16
        125
          0
          0
          0
          0
          0
          0
         29
        255
         52
          0
          0
          0
          0
         15
          0
        175
        122
        172
          0
          0
          0
          0
          0
          0
          0
          0
         59
          0
          0
          0
         28
          0
          0
        180
        139
          0
         66
         63
          0
          0
         17
          0
          0
        165
          0
         62
          0
         87
          0
          0
          0
        222
          0
          0
        226
        153
          0
        189
         96
        168
          0
          0
          4
          0
          0
          0
          0
         19
          0
          0
          0
          0
          0
        255
         70
        128
        157
          0
         36
          0
        128
          0
          0
        255
          0
          0
         15
        124
         52
          0
          0
        243
          0
          0
          0
          0
          0
          0
          0
          0
          0
          0
          0
          0
        222
          0
          0
        146
         98
         53
          0
          0
         21
          0
          0
        255
         68
        206
          0
        140
          0
          0
         97
        253
          0
        120
          0
        255
        135
         67
          0
         93
          0
          0
         70
          0
        122
          0
          0
         67
          7
          0
          0
        151
          0
         46
          0
          0
          0
          0
          0
          0
          0
          0
        118
          0
          0
          0
          0
          0
         34
         94
        108
        135
          0
          0
          0
          0
          0
          0
          0
         86
          0
        163
          0
        186
          2
          0
         26
        108
        187
          0
        210
          0
          0
          0
          0
        182
          0
          0
          8
        255
          0
          0
          0
         44
          0
          0
          0
        255
          0
        255
          0
        116
        136
          0
         94
        205
        127
          0
          0
          0
         26
          0
         61
          0
          0
          0
        116
          0
         66
          0
         23
        255
          0
         53
          0
        118
         25
          8
          0
        255
         14
         43
          0
        121
         16
         89
          0
          0
         23
         50
         72
          0
         46
          0
          0
          0
        127
         84
          0
        160
          0
          0
          0
         20
         89
          0
          0
          0
          0
          0
          0
          0
         71
          0
          0
         90
          0
        102
        113
        175
          0
          0
        111
        255
        155
          0
          0
          0
          0
          0
          0
          0
         62
         20
          0
        229
          2
          0
          0
        255
         14
         19
          0
          0
         84
          0
          0
          0
          0
          0
          0
        145
          0
          0
         22
          0
         45
          0
        255
        162
          0
          0
          0
         70
         57
        142
          0
          0
        255
        156
          9
          0
          0
         16
          0
          0
          0
          0
         94
        142
          0
        189
         93
          0
          8
          0
        158
          0
          0
          0
        123
        123
          0
          0
         39
        220
          0
          0
          0
          0
          0
