        201
          0
         79
        107
          0
          0
         12
          0
          0
          0
        255
         14
        233
         97
         37
          0
          0
         40
          0
        178
         60
         95
          0
        255
          0
        255
          0
          0
          6
          0
         97
         58
        255
          0
          0
        255
          0
          0
          0
        135
          0
         68
        255
          0
        255
          0
         74
        165
          0
          0
          0
        164
         19
        121
          0
          0
          0
          0
         85
          0
          0
          0
        117
          0
        255
          0
         47
          0
        163
          0
        134
        135
         76
         92
        155
         27
          0
          0
         89
         92
          0
          0
          0
          0
         45
         49
          0
         78
        255
          0
          0
          0
          0
          0
          5
         76
        255
          0
        138
          0
        140
          0
          0
        135
        187
          0
          8
          0
        109
          0
          0
         15
        186
          0
        139
          0
         58
         89
          0
        133
        161
          0
        115
          0
          0
          0
          0
        194
          0
          0
          0
        255
          0
        168
          0
        108
         58
        117
          0
          0
         55
         89
        136
          0
        119
          0
          0
          0
         45
        102
          0
        113
          0
        255
          0
          0
          0
        176
         14
          0
        255
          0
          0
          0
        168
        255
          0
        118
         54
         72
        255
         78
          0
         73
         78
          0
        104
          0
          0
          0
        100
          0
        225
          0
        147
          0
        158
        154
         26
        255
          0
        175
        255
         16
         55
          0
          0
          0
          9
        124
          0
          0
        172
         35
        255
         16
        135
        105
          0
          0
         81
          0
         87
        158
          0
          0
         61
          0
          0
         37
          0
        118
          0
          0
          0
          0
        151
          0
          0
          0
          0
          0
          0
          0
          0
        199
          0
         95
         63
          0
          0
          5
         26
          0
          0
          0
          0
          0
          0
        255
          0
        119
          0
        130
         92
        108
        255
          0
         77
        146
          0
          0
         85
         36
         31
         83
         59
         78
          0
        103
        125
         61
          0
          0
          0
        175
         17
          0
          0
          0
          0
          0
        130
        229
         83
         43
         78
          0
          0
          0
        161
        255
          0
        162
          0
          0
        180
         85
        108
          0
          0
          0
          0
          0
          0
          4
        107
        255
        114
          0
        156
          0
          0
        255
        195
          0
        160
          0
         45
          0
          0
         87
          0
         48
          0
         46
         86
         92
          0
         59
         89
          0
        255
          3
          0
        177
        178
          0
          0
          0
          0
          0
          0
          0
        234
         60
          0
          0
          0
          0
          0
          0
          0
         38
          0
         66
          0
          0
         68
         67
         79
         32
        223
          0
          0
         78
          0
          0
        185
         48
         23
          0
          0
          0
          0
        133
        168
          0
          0
        228
          0
          0
          0
          0
          0
          0
          0
        255
        167
          0
        110
          0
          0
          0
        182
          5
          0
          0
          0
          0
          0
          0
          0
          0
        112
          0
         12
          0
        112
        255
          0
          0
          4
        247
          0
        145
        255
        164
          0
        197
        151
          0
         39
         33
        255
         80
          0
         79
          0
         60
          0
          0
          0
         53
         22
        228
          1
          0
          0
          0
        255
          0
          0
          0
         73
          0
          0
          0
          0
        255
         81
        185
         99
          9
         23
         12
          0
          2
        157
          0
          0
         11
          0
        240
          0
          0
        103
          0
          0
         45
          0
          0
        175
        245
         88
          0
          0
          0
          0
          0
          0
        116
        110
          0
          9
         66
         42
         29
        213
          0
        255
         54
          0
         11
         43
          0
          0
          0
        119
          0
         78
         54
         89
          0
          0
          0
        200
        180
        141
          0
         46
          0
        255
          0
          0
          0
        162
          0
         12
         16
         36
         54
          0
         74
          0
         84
          0
          0
        186
          0
          0
        242
         11
        159
          0
        255
        187
          0
        220
        192
        181
        136
         38
          0
          0
          0
        126
          0
          0
          0
          0
         11
         32
          0
          0
          0
          0
         62
          0
          0
        147
          0
         79
          4
         80
        135
          0
          0
        151
          0
          0
         96
          0
          0
        102
          0
          0
          0
         50
        127
          8
          0
          0
          0
          0
          0
        255
          0
        186
          0
          0
        126
          0
          9
          0
        255
         27
          0
          0
          0
        255
         96
         23
        165
          0
          0
        113
         80
          0
        214
        107
        255
          0
          0
          0
          0
          0
          0
        129
         39
          0
          0
          0
        214
          0
          6
          0
          0
         22
          0
          2
          0
         63
          0
          0
          0
          0
        231
          0
        104
          0
          0
          0
          0
          0
          0
          0
          0
          0
          0
          0
          0
        131
          0
          0
        199
         28
          0
          0
        209
          0
          0
         22
        135
          0
          0
        237
        177
          0
          0
          0
         27
          0
        255
          0
        159
          0
          0
         19
         10
          0
          0
          0
          0
          0
         35
          0
          0
        191
          0
        175
        255
        101
         61
          0
          0
        169
          0
          0
          0
          0
          0
        115
         46
        255
        225
          0
         93
          3
        105
         42
          0
          0
         29
          0
        175
         28
          4
          0
        203
          0
          0
        115
        184
          0
        113
         59
        130
          0
          0
         50
          0
         19
        171
         96
         29
          0
        118
          0
          0
          0
        100
         45
         16
          0
          0
        126
        206
        255
         37
         69
          0
          0
          0
          0
        177
         49
        152
        228
          0
          0
         64
          0
         29
          0
          0
          0
          0
         53
          0
        140
          0
          0
        219
         19
          0
         49
          0
          0
         55
          0
          0
          0
        151
        140
          0
          0
         36
         23
          0
          0
        120
        169
        255
        157
          0
        169
         73
         85
         96
        255
         72
          0
          0
         28
          0
          0
        138
          0
          0
        158
        195
          0
          0
          0
        255
          0
         14
          0
        205
          0
          0
          0
         55
          0
        255
          0
          0
         94
          0
          0
          0
        184
          0
          0
          0
        103
          0
          0
        105
        255
          0
        228
          0
        255
          0
          0
          0
          0
          0
         35
        255
         26
         18
          0
         44
         37
          0
        166
        205
          0
          0
         37
        127
        255
          0
        126
          3
          0
          0
         87
         89
          1
          0
          0
          0
        255
        100
          0
          0
          0
          0
        168
        220
          0
         94
          0
          0
        129
          0
        133
          0
        172
        140
         59
        118
        255
        255
          0
        124
          0
          0
         25
          1
          0
          0
        135
          0
          0
         98
          0
          0
          0
          0
          0
         98
          0
         17
          6
          0
          0
        255
         77
          0
          0
          0
          0
         12
        255
          0
          0
          2
        116
          0
          0
         45
          0
          7
         87
          0
          0
         32
          0
        255
          0
          0
          0
          0
        107
          0
          0
          0
          0
        255
        193
          0
        127
          0
          0
          0
        255
          0
          0
        240
          0
          0
          0
         12
         73
          0
        255
          0
        255
          0
          0
          0
          0
         14
         34
          0
         85
          0
        207
         37
          0
        255
         78
          0
          0
        180
         66
         66
          0
        145
          0
        255
          0
          0
          0
          0
          0
        126
          0
          0
        255
         45
         68
          0
        124
          0
        164
          0
         79
         12
         83
          0
        238
          0
          0
        108
          0
        157
          0
        120
        149
          0
          0
         70
         70
          0
         71
          0
          0
          0
        109
         49
          0
          0
          0
          0
          0
          0
          0
        255
         55
          0
          0
          0
          0
          0
        248
         39
        109
          0
        126
          0
        255
        239
          0
        255
        121
          0
         13
        144
          0
          0
         69
        117
          0
         11
          0
          0
        153
          7
          0
        255
         50
          0
         71
          0
        255
        230
          0
        219
        167
          0
          0
          0
        255
        124
          0
          0
          0
          0
         69
          0
          0
          9
         72
        173
          0
          0
          0
          0
          0
          0
        140
        255
          0
         71
          0
          0
         84
          0
         84
          0
          0
          0
         53
          0
        113
          0
          0
        255
          0
          0
          0
         16
          0
          0
          0
          0
          0
          0
          0
          0
          0
         30
         67
        255
        100
          0
        255
        205
         67
          0
        104
          0
          0
        193
          0
         46
          0
         65
         53
        255
          0
          0
          0
         52
        229
          0
        255
          0
          0
          0
          0
         86
          4
          0
        183
        255
        106
          0
          0
          0
        255
        175
          0
          0
          0
          0
         94
          0
        255
          0
          0
        255
          0
          0
         66
          0
          0
          0
          0
          0
          0
          0
          0
          0
        192
          0
         14
          0
        115
          0
         36
          0
          0
        106
        159
          0
          0
          0
          0
          0
          0
          0
          0
        255
          0
        255
          0
        113
         58
          0
          0
        168
          0
          0
          0
          0
        127
         31
         90
          0
         83
          0
        240
          0
        222
        255
          0
          0
          0
          0
          0
          0
          0
        255
        116
        255
          0
         59
          0
        137
          0
          0
          0
        158
        143
        109
          0
          0
          0
          0
          0
        134
         42
          0
          0
         16
        150
        250
          0
        102
         14
          0
        113
          0
          0
          0
          0
        201
          0
          0
          0
          0
          0
          0
        173
          0
          0
         86
          0
         21
          0
          0
          0
        255
         58
          0
          0
        187
        252
          0
          0
         44
        179
         19
          0
          0
          0
        255
          0
          0
          0
          0
        109
          8
          0
          0
        235
         21
          0
         64
          0
          0
          0
         48
         62
         63
         64
        160
          0
          0
          0
        197
        148
         80
          2
          0
         65
          0
          0
        255
        130
          0
        135
          0
          6
         19
          0
          0
          0
          0
        173
         88
          0
         78
        198
          0
         41
          0
         41
         61
          0
          0
          0
          0
        142
          0
          0
          0
         34
        171
        177
          0
          0
        211
          0
          0
          0
        127
        255
         83
         47
         84
          0
          0
          0
        107
          0
          0
          0
        255
          0
          0
         15
        255
         98
          0
          0
        178
          0
          0
          0
          0
        255
         17
         46
        125
         75
          0
         30
          0
          0
        105
          0
          0
          0
          0
          0
          0
          0
          0
         96
        255
         43
          0
          0
         16
        255
        255
          0
        185
         30
          0
          0
        173
          0
          0
          0
         62
          0
        181
          6
          0
          0
         48
         56
        139
          0
        117
          0
          0
          0
         43
          0
        255
         10
         56
         24
          0
         39
        255
         31
          0
         32
          0
          0
          0
          0
        217
          0
          0
        184
         34
         82
          0
        255
         21
        243
          0
          0
          0
          0
          0
          0
          0
        217
        109
        111
          0
         23
          0
        168
          0
          0
          0
          1
          0
          0
          0
          0
        205
        121
         73
        177
        227
         40
         40
          0
          0
         95
          0
          0
          0
        120
         26
         21
          0
         78
          0
         27
          0
          0
         35
         48
        255
          0
          0
          0
        152
          0
          0
         16
          0
        101
         99
        172
        227
         22
          0
          0
          0
         96
          4
          0
          0
          0
         82
          0
          0
          0
        255
         61
          0
        255
          0
        118
        255
        198
        192
        142
          0
          0
          0
        255
        255
          0
         24
        130
          0
          0
          0
        255
         60
          0
          0
         27
          0
          0
         66
          0
          0
         79
        255
        111
          0
        186
         69
        155
        255
        105
        202
        186
        255
         57
          0
          0
          5
         49
          0
         95
          0
         12
          0
        231
         82
        255
          0
        167
          0
          0
        104
          0
          0
          0
          0
         62
        161
          0
          0
        114
          0
          0
         46
          0
        160
         32
        149
        255
          0
          0
         82
        172
          0
        110
        136
          0
          0
        108
          0
          0
          0
          0
          0
        227
          0
        205
          0
          4
          0
         91
         64
         25
          0
          0
        175
          0
        212
         12
          0
        255
         35
          5
        255
        128
          0
          0
         77
          0
          0
        142
        158
        103
          0
          0
        203
        190
          0
          0
          0
         92
         76
          0
          0
          0
          0
         33
          0
          0
          0
         27
          0
        255
        154
         96
        234
         25
          0
        104
        107
          0
         52
          0
        205
        104
          0
          0
        246
          0
          0
          0
        195
        104
         32
         70
         87
         51
          0
          0
          0
          0
          0
         89
          0
          0
         47
          0
         13
          0
          0
         43
          0
          0
         79
        162
          0
        255
          0
         18
          0
          0
         36
          0
        193
         78
          0
          0
          0
          0
        255
         32
          0
          0
          0
        128
          0
          0
          0
         53
        255
          0
          0
          0
         22
          0
         38
          0
        174
          0
          0
        129
        255
        150
          0
        202
          0
         84
          4
          0
         16
          0
          0
          0
        187
          0
          0
          0
          0
        255
          0
        134
          0
        162
         29
          0
          0
          0
         65
          0
          0
          0
          0
          0
        255
          0
          0
          0
          0
         91
          0
         45
        128
          0
         25
          0
          0
          0
          0
         60
         78
          0
        107
          0
          0
        167
         97
          0
        101
        255
        116
          0
          0
        255
          0
          0
        216
          0
          0
         51
        255
          0
          0
        142
          0
        137
        235
          0
          0
          0
        255
          0
          0
          0
          0
          0
          0
          0
          0
          0
          0
          0
        100
        161
        187
          0
          0
          0
          0
        155
          0
          0
          8
          0
        103
          0
         52
        109
        255
        241
          0
         54
          0
          0
          0
          0
          0
         49
          0
          0
         93
          0
          0
        255
         58
          0
        157
          0
          0
          0
        238
          0
         44
         58
        255
        116
         89
        121
          0
          0
          0
        136
          0
          3
          0
         15
          0
        255
        160
          0
          0
         32
          0
          0
          0
        255
         83
          0
        180
          0
         47
          0
        192
         67
          0
          0
          0
          0
          0
         12
          0
          0
          0
          0
          0
         63
         49
         68
          0
        112
         56
          0
          0
          0
        105
          0
         29
          0
          0
        103
          0
          0
          0
          0
        255
        201
          0
         14
          0
          0
         19
        216
        193
        216
          0
        255
          0
        170
          0
          0
          0
        255
        255
          0
          0
          0
          3
        117
         20
        255
          0
          0
          0
          0
          8
         38
        238
          0
          2
          0
        255
          0
          0
          0
          0
         63
        255
          0
          0
         87
          0
          0
          0
        255
        255
        118
          0
         45
         49
          0
         50
        255
        113
        255
        169
          0
         47
          0
         66
        148
         31
          0
          0
         60
        102
        206
          0
          0
        135
          0
        204
          0
         29
          0
          0
