          0
         64
        161
          0
          0
         28
          0
          0
          0
         86
          0
        182
          0
          0
        119
        217
          0
          0
          0
          0
          0
        226
          0
        226
          0
          0
        165
          0
          0
        169
          0
          0
        181
          0
          0
         43
        188
          0
          0
          0
          0
         62
          0
        125
          0
          0
         87
          0
          0
          0
        144
          0
          0
          0
         79
         75
        186
        109
          0
          0
          0
         57
          0
         28
         77
        103
        194
        146
        192
         96
         86
          0
          0
         13
        137
        108
          0
        187
         87
          9
         33
          0
         98
          0
          0
          0
          0
         47
        121
          0
          0
          0
         12
        148
          0
         41
         68
        157
        119
        198
          0
        110
        109
         32
          0
         68
         64
          0
        112
        201
         51
          1
          0
          0
          0
          0
          0
          0
        169
        130
          0
         10
         61
          0
          0
         74
          0
          0
          0
         39
          0
         12
          0
          0
         27
          0
          0
          0
         75
          0
          0
        200
        213
          0
          0
          0
        116
         10
          0
          0
          0
         98
          0
          0
          0
         38
          0
         88
          0
          0
        166
          0
         19
         58
        186
         79
         62
          0
          0
        108
        125
          0
          0
         63
          0
          0
          0
          0
          0
        158
          0
          0
         55
         87
        175
         86
          0
          0
          0
          0
          0
         33
        105
          0
        255
         62
        194
         12
        105
         10
          0
          0
        181
         49
         26
        192
        213
        220
          0
          0
          0
        177
         28
         18
          0
         24
          0
          0
        159
         40
          0
         71
          0
         99
        162
          0
          0
          0
         51
         85
          0
         43
          0
          0
        157
         75
          0
          0
         73
          0
         13
          0
          0
        255
          0
          0
          0
        105
        116
          0
          0
          0
         58
          0
          0
          0
          0
        126
        255
        132
          0
         36
         96
          0
         36
        110
         53
          0
          0
          0
          0
        204
        230
         66
         87
          0
          0
        161
         63
        132
          0
          5
        118
        255
        131
         71
          0
          0
          0
          0
          0
         95
        177
          0
          0
         79
          0
         49
        136
        181
          0
          0
          0
         97
        176
        122
          0
        170
          0
         19
        218
         14
        102
        106
          0
          0
        148
          0
          0
          0
        161
        134
          0
          0
          0
         99
        148
          6
          0
          0
          0
          0
          0
          0
          0
        147
        170
        221
        157
         69
          0
          0
          0
        122
        209
          0
         20
        255
        146
          0
          0
          0
        207
        255
        102
          0
          0
         32
        125
         78
          0
          0
          0
        132
         50
        170
         91
         53
          0
          0
         70
          0
          0
          0
          0
         70
         47
          0
         18
        215
         83
          0
          0
          0
          0
         47
         58
          0
          0
         21
         12
         72
        127
          0
        200
          0
          0
         50
          0
         36
          0
          0
          0
        255
         51
          0
        255
          0
         92
        165
        228
          0
        143
         64
          0
         36
        175
          0
        100
        255
         43
         89
         16
          0
        104
          0
        153
         72
          0
        103
        182
         84
          0
        255
        148
         12
         11
          0
          0
        255
        234
          0
          0
        188
          0
        112
          0
         27
        159
          0
        161
        207
          0
         66
        198
         68
          0
        119
        179
          0
          0
         62
          0
          0
        187
         63
        201
          0
          0
         43
          0
          0
        168
        124
        200
        255
          0
        232
          0
          0
        211
          0
          9
         51
        107
          0
          0
         83
          0
         33
         10
        161
        213
          0
          4
        167
        205
          0
          0
         95
          0
          0
          0
        201
          0
         49
        220
        230
        139
         67
          0
        156
        135
        172
        255
        103
          0
         55
         62
        246
         53
         66
         46
        178
          0
          0
          0
        207
          0
          3
          0
        236
          0
         96
          0
        113
          0
         20
        204
        255
        159
          0
          0
          0
         21
          0
          0
          0
          0
          0
          0
          0
        124
        118
        139
         67
          0
          0
         26
         80
          0
          0
         17
          1
          0
        159
          0
        151
         59
         49
          0
        158
         97
          0
          0
          0
        154
          0
        231
        166
          0
         73
         86
        159
        131
        122
          0
         32
          0
        114
        229
          0
        106
          0
        191
          0
        113
          0
          0
         89
        131
          0
          0
        167
        161
        196
          0
        117
        195
        156
         99
          0
          0
         57
        206
          0
         43
          0
        199
        132
          0
        243
          0
          0
          0
         19
          0
        160
         47
          0
        131
        255
         20
         49
          0
        186
         64
        255
          0
         67
         40
        204
         74
        255
          0
         29
         34
        233
        114
          0
        178
        169
         39
          0
          0
          5
          0
        148
         46
         75
          0
         76
        196
        241
        128
          0
          0
        100
         46
          0
          0
          0
          0
          0
          1
          0
          0
          0
         32
          0
         52
          0
          0
          0
          0
         67
          0
         10
        151
          0
         56
          0
          0
        109
        161
          0
          0
          0
         26
        255
        152
        173
          0
          0
         88
          0
        207
          0
          0
         93
          5
        203
          0
         75
          0
          0
        159
          0
         76
         87
        127
          0
          0
        152
          0
          0
          0
          0
          0
        144
          0
        255
          0
          4
          0
         30
        212
          0
        244
        111
          0
        131
         32
          0
          0
         77
        106
          0
          0
          0
         76
        134
         51
        189
         62
        255
        125
          0
          0
        231
        255
        152
        119
          0
        104
        130
          0
          0
          0
          0
         75
         98
          0
        135
        141
          0
          0
          0
        172
        158
          0
          0
         67
        189
          0
          0
         57
          0
          0
        172
        255
        204
          0
          0
          0
        159
          0
         79
          0
         32
         99
         24
         16
          0
          0
         51
          0
        128
          0
          0
        178
        136
         80
          0
        135
        119
          0
          0
         98
          0
         64
        113
          0
         85
          0
         77
        174
        148
         86
          7
          9
          0
          0
          0
        255
        195
          0
          0
         37
        231
          0
          0
        214
         46
          0
         52
          0
         30
        220
          0
         19
        255
         37
          0
          0
          0
         83
          0
        255
        158
          0
          0
          0
          0
          0
          0
          0
          0
          0
         80
        195
         62
          0
         11
        187
          0
          0
        239
          0
          0
        201
         47
          0
        208
          0
          0
          0
          0
          0
         91
         58
          0
          0
          0
          0
          0
        168
        109
        255
          0
        129
        122
         64
         82
         10
         41
          0
          0
         38
         54
        184
          0
        198
          0
          0
          0
          0
        114
        255
          0
        135
          0
         21
        255
        161
          0
          0
          0
         18
         28
          0
         70
          0
          0
         68
         22
          0
          0
          0
          0
          0
        169
        178
         90
        104
          0
         81
         14
          0
          0
          0
         64
        104
          0
          7
          0
          0
          0
          0
        102
          0
          0
        255
          3
          0
          0
          0
        107
          0
         58
          0
        150
          0
        150
          9
         61
        106
          0
          0
        197
          9
          0
          0
         85
          0
          0
         35
        255
          0
         89
          0
          0
         80
          0
        255
        225
          0
          0
          0
        239
         46
        106
        204
         92
          0
         24
        118
          0
        137
          0
         12
         29
          0
          0
          0
        196
        168
          0
          0
          0
        149
          0
          0
        144
          0
          0
          0
          0
          0
        106
         49
        108
          0
         38
          0
         10
          0
          0
          0
        220
        218
         99
          0
          0
          0
          0
          0
        178
        248
          0
          0
        255
          0
          0
          0
         10
          0
        110
        201
          0
          0
        114
        178
          0
         69
        109
          0
          0
        151
          0
          0
         74
        144
          0
        169
        128
         89
          0
         60
        102
        211
          0
          0
          0
         14
        112
         68
          0
        163
          0
         26
         42
        219
          7
        164
         15
        100
          0
          0
        127
          0
        255
          0
         55
          0
          0
         48
        128
          0
         43
          0
         13
          0
          0
          0
        255
          0
        255
         28
          0
         31
          0
          0
          0
          0
        101
         26
        230
          0
          0
          0
        197
          0
        230
          0
         26
         77
          0
          0
          0
          0
          0
          0
         45
        182
        109
        255
        255
          0
          0
          0
          0
         31
        136
        255
         31
        214
         27
         33
        119
          0
          4
          0
        126
         50
        223
          0
         50
          0
          0
        182
        143
         12
          0
          0
        208
          0
          0
          0
        255
          0
        166
          0
          7
         66
        255
          0
        119
        121
          0
          0
        150
          0
          0
          0
        172
        184
        246
          0
        146
        207
          0
        200
          3
         58
        130
          0
        211
        234
        116
         75
          0
          0
          8
          0
          0
          0
         38
          0
          0
          0
        147
        138
          0
          0
         86
          0
         39
          0
        167
          0
          0
        122
          0
          0
          0
          0
          7
          0
         18
         72
        163
          0
        255
          0
        103
          0
         70
         89
        255
        247
        111
        129
          0
          0
        120
          0
          0
          0
        162
          0
          0
         41
          4
        175
          0
          0
        225
          0
        234
          0
        129
        150
        156
        149
        124
        109
          0
          0
        120
          0
          0
          0
        102
          0
         43
        136
        155
          0
         21
          0
        170
        103
        255
          0
        109
        227
          0
          0
         61
          0
        118
          0
        163
          0
          0
        255
        255
        120
         65
          0
          0
        104
         27
        254
        134
          0
         30
          0
          0
        138
         97
          0
        167
          0
          0
        115
         21
        158
          0
          0
        235
          0
          0
          0
         13
        228
          0
          0
        252
         51
        255
          0
          0
          0
          0
        165
          0
          0
          0
          0
          0
          0
          3
          0
          0
          0
         61
        145
         57
          0
          0
         13
          0
         24
          5
          0
          0
          0
          0
        255
        255
        110
         93
          0
          0
        245
          0
          0
          0
          0
          0
         17
          0
         97
        125
          0
        192
          0
        113
         61
        193
        134
          0
          0
         37
          0
          0
          0
         70
          0
         55
          0
        255
        148
          0
          0
        114
         35
         99
        235
          0
          0
        147
         34
         45
          0
          0
          0
         13
          0
        240
         34
        153
          0
          0
        155
          0
          0
        192
          0
        159
        255
          0
        210
          0
          0
        163
          0
         66
          0
        204
          0
          0
         79
         74
          6
        149
        100
          0
          0
        141
          0
        133
          0
         93
          0
        141
        120
        129
          0
        183
          0
         84
          0
          0
          0
          0
          0
        131
          0
          0
         71
          0
        255
         28
          0
          0
        139
          0
        124
         76
          0
          0
          0
        120
         77
        104
        103
          0
        133
         72
          0
          0
          0
          4
         85
         59
        128
        255
          0
          3
          0
          0
         25
        255
        190
          0
          0
         55
          0
          0
         35
          0
         37
        153
         74
          0
         49
         32
        128
        233
          0
         86
         50
        251
          0
        164
        233
         48
          0
         43
         56
        151
          0
         75
          0
          0
        120
        174
        135
          0
        132
          0
          0
          0
        110
          0
          0
        198
          0
          0
        203
          0
          0
         15
          0
        104
         89
          0
          0
          0
         17
        255
          0
          0
          0
         28
          0
          6
        157
          0
          0
         37
          3
        161
          0
          0
        193
        161
          0
        206
          0
        105
        158
         27
          0
        164
          0
         38
          0
        126
          0
          0
          0
        255
        105
          0
          0
          0
        177
          0
          0
        101
          0
          0
          0
          0
          0
         28
          0
        100
          0
         10
        156
        119
          0
        115
         60
          0
          0
          0
          0
         97
        217
          0
        255
          0
          0
          0
        152
          0
        200
        145
         27
        147
          0
          0
          0
          0
          0
          0
          0
        198
          0
        134
         79
         35
        169
          0
         84
         71
          0
         22
         82
         68
          0
         12
        255
        255
        113
        194
          0
         28
        139
         83
         24
          0
        215
          0
          0
         93
          0
          0
          0
        128
        161
         83
          0
         61
        226
          5
         57
          0
          0
        117
          0
         11
         91
         29
          0
        235
          0
        167
          0
          0
         65
         21
         21
          0
          0
         83
        185
          0
          0
          0
          0
          0
         94
        177
          0
          0
        200
         99
          0
         33
         95
        139
          0
         37
        176
          0
        255
          0
          0
          0
          0
          0
        147
         83
         63
        106
          0
          0
         71
        145
          0
         95
          0
          0
          0
          0
         28
          0
        175
         18
          0
          0
          0
          0
         99
          0
        181
          0
          0
        255
          0
          0
          0
         13
        228
        255
          0
          0
          0
          0
          0
         83
        128
         23
        156
          0
          0
          0
        159
         87
        118
        240
          0
        159
         61
        255
          9
        190
        221
         48
         58
         18
          0
          0
         96
         73
          0
          0
        213
        209
         26
          0
        122
          0
         30
          3
        125
          0
          0
          0
          0
        202
        179
        246
        182
          0
         50
        107
        255
          0
          0
          0
         41
        103
        139
          0
          0
        147
          0
        255
         87
          0
         85
        121
        174
          0
         46
          0
        182
          0
          0
          0
        240
        139
        167
          0
        138
        255
        135
          0
        255
          0
         27
          0
        255
          0
         37
          0
          0
         38
          0
          0
          0
        216
        158
         90
          0
        237
        128
          0
          0
        192
        175
          0
        191
        117
          0
          0
          0
        230
          0
          0
        255
        240
         25
        165
          0
        255
        105
          0
        110
        118
          0
          0
          0
        240
        220
          0
        150
        166
         85
          0
          0
        196
         16
        255
        201
         92
        226
          0
         96
          0
         59
         18
        255
        255
          0
          0
         25
        255
          0
          0
        123
          0
          0
        244
          0
         22
          0
        161
         24
          0
         30
          0
          0
        111
          6
          0
          0
         56
        177
        138
        183
        255
         50
         57
        158
        193
        193
          0
        255
        232
         95
          0
        173
          0
          0
          0
        190
        255
        158
         43
        208
        237
          0
         28
          0
        179
         12
         13
          0
         78
        154
        138
          3
        242
         19
         46
          0
         55
         99
          0
          0
        255
         41
          0
          0
          0
          0
          0
          0
        255
        111
        108
         89
          0
         10
         13
        168
          0
          8
          0
          0
          0
        155
          0
         36
         37
        111
         21
          0
        185
        128
        148
        255
        255
          0
          0
          0
          0
         19
          0
        236
          0
         81
         91
          0
          0
         65
         90
         89
        180
          0
          0
          0
        132
        137
         28
          0
        255
         48
        255
          0
         16
        207
          0
        178
        214
         68
          0
         95
        177
