        113
          0
        111
          0
        211
        238
         77
          0
        255
          0
         25
          0
          0
          8
        250
        170
         21
          0
          0
          0
         90
          0
         34
        255
          0
          0
          0
         67
          0
          0
         15
          0
         96
        142
          0
          5
          0
          0
          0
          0
          0
        134
         59
          0
        255
          0
          0
          0
          0
        127
          0
          0
          0
        100
          0
        110
          0
         81
          0
        147
          0
         24
          0
          0
        179
        145
          0
        120
          0
          0
          0
         64
          0
          0
          0
          0
        255
          0
          0
          0
          0
          0
          0
          0
         79
          0
          0
        190
          0
         59
          0
        255
          0
          0
          0
          0
         58
          0
          0
          0
          0
          0
         13
         66
          0
        255
          0
         83
          0
          0
          0
        255
        107
         27
          0
          0
          0
         23
        231
          0
          0
          0
         13
          0
          0
        198
          0
          0
         51
        128
          0
          8
         80
        161
         73
        165
          0
          0
          9
          0
         12
          0
          0
        255
          0
        156
         77
          0
          0
         18
        173
          0
          0
        158
          0
        193
          0
          8
          0
          0
          0
          0
          0
         25
          0
        123
          0
          0
        125
          0
          0
         16
          0
         62
        210
          0
          0
          0
        198
          0
         30
          0
        131
        255
         17
         70
        175
          0
         46
        122
          0
          0
          0
          0
        111
          0
        255
          0
          0
          0
          0
        142
          0
         67
         16
         43
          0
          0
        111
          0
          0
          0
          0
        255
          0
          0
        182
        104
          0
          0
          0
          0
         25
          0
          0
         63
          0
          0
          0
          0
        255
          4
          0
          0
         24
         36
          0
          0
        176
          0
         34
          0
         18
          0
          0
          0
          0
        254
        215
          9
        114
          0
          0
          0
         71
          0
         52
        190
          0
        255
        120
        195
        124
        118
          0
          0
          0
          0
          0
        131
          2
        255
          0
          0
          0
          0
          0
        255
        177
        178
          0
          0
          0
         85
          0
          0
          0
          0
        213
          0
          0
          0
          0
        103
          0
          0
          0
        255
          0
         14
          0
        175
          0
          0
          0
          0
         97
          3
         86
          0
        186
        218
          0
         64
         54
          0
          0
          0
        100
        145
          0
          0
          0
          0
          0
         44
        255
          0
          0
          0
          0
         16
         81
        213
          0
          0
          0
          0
         89
         17
          0
        119
          0
        181
        157
        117
          0
         98
          0
          0
         70
         94
          0
          0
          0
          0
         65
        211
          0
          0
          0
          0
          0
         59
          0
        156
        176
        255
         67
        218
          0
          0
          0
        255
         67
        185
        255
        157
        134
         33
          0
          0
         39
        132
          0
          0
          0
        218
          0
          0
         29
          0
          0
        255
          0
          0
          0
         98
        177
        255
         43
          0
          0
        120
          0
          0
         65
        255
          0
          0
        112
         95
          0
          0
        221
          1
          0
         48
          0
          0
          0
        174
          3
         12
          0
          0
         30
         63
        155
          0
          0
        255
          0
         56
          0
         94
          0
        202
         17
        255
         81
          0
         48
         62
          0
         14
          0
          1
          0
         36
          0
        255
        115
         62
          0
          0
          0
          0
          0
         21
         70
          0
        232
          0
          0
         16
          0
          0
          0
         12
          0
          0
          0
          0
        151
          0
          0
          0
          0
          0
          0
         48
          0
          3
          0
        182
          0
         69
        129
          0
         35
         78
        255
          0
        235
          0
          0
          6
         41
          0
         18
          0
          0
        255
          0
          0
        174
        197
          0
          0
        145
          0
