          0
         95
          0
        106
         32
         80
          0
          0
          0
         20
        105
          0
          0
          0
          0
        158
        159
          0
          0
          0
         13
          0
        119
         35
          0
          0
          0
          0
        162
          0
         45
         40
        198
         94
          0
          0
        255
        146
        145
          0
          0
         34
          0
          0
          0
          0
          0
          0
          0
          0
         71
         29
          0
          0
        255
         56
        132
        255
          0
         91
          0
        255
          0
        106
          0
         39
          0
        112
          0
        190
         76
          0
          0
         51
         81
          0
          0
         37
         52
         97
        114
          0
         31
          2
          0
         33
         74
          0
        169
        221
         52
         70
          0
        255
         84
          0
          0
          0
          0
          0
         78
         56
          0
          0
          0
         24
          0
         21
          0
          0
        139
        121
          0
        107
         56
          0
         61
        255
          0
          0
          0
          0
          0
          0
        122
          0
        123
         32
          0
        167
         15
          0
          0
          0
         93
         56
          0
        128
          7
        218
          0
        174
          0
          0
        148
          0
          0
          0
          0
          0
        129
         69
        141
        126
          0
         97
          0
          0
          0
          0
          0
          0
          0
          0
         30
          0
          0
          0
        138
        101
          0
          0
        157
         91
        171
          0
          0
          0
          0
         79
          0
        125
        255
          0
          0
          0
          0
          0
        189
          0
          0
          0
          0
          0
          0
          0
          0
         85
          0
          0
          0
         95
          0
        194
          0
          0
        255
        158
          0
          0
          0
          0
          0
          0
        176
          0
        253
          0
          0
          0
        174
          0
          0
         37
          0
          0
         17
          0
         60
        157
        102
          0
          0
          0
        205
          0
        142
          0
          0
        188
        178
        255
        149
          0
          0
        114
         66
        190
          0
        255
          0
          0
          0
        188
          0
         21
         23
        111
          0
        107
        118
          0
        125
          0
          0
          0
         67
          0
          0
          0
        255
         15
        155
          0
          0
          0
          0
        120
        151
          0
          0
        249
          0
          0
          0
          0
          0
          0
          0
          0
          0
          0
        250
        195
          0
          0
          0
          0
          0
          0
         49
        195
        229
        125
          0
          0
        151
         37
        138
         25
         88
          0
          0
         65
          0
        140
         85
          0
          0
         76
        182
         24
          0
          0
        229
          0
          0
          0
          0
          0
          0
         80
          0
          0
        185
          0
        136
        234
          0
          2
          0
          0
        123
         34
          0
          5
          0
          0
          0
          0
          0
          0
          0
          0
        131
          0
          0
          4
          0
         52
          0
          0
          0
         35
          0
          0
          0
        108
          0
          0
        200
         55
          0
          0
        184
          0
          0
        255
          0
        156
          0
          0
          0
         11
          0
         17
         63
        168
         69
          0
        112
         87
         90
        126
         15
          0
          0
        136
        113
        116
         94
         56
        155
         15
          0
        149
         59
         47
        208
        255
          0
          0
          0
          0
         17
          0
          0
          3
        120
          0
        247
        225
          0
         89
         30
        126
        236
          0
          0
         67
         87
        115
         24
          0
        119
         14
          0
        255
        122
        200
          0
        255
          0
          0
          0
        255
          0
          0
          2
          0
          0
        159
        203
        129
         48
          0
          0
        125
        133
        247
         53
         41
         67
         69
          0
          0
        136
          0
          0
        255
        137
          0
         17
          0
          0
          0
          0
        255
          0
         86
         76
          0
        110
          0
          0
        124
         12
          0
        101
          0
        164
          0
          0
          0
         34
          0
          0
        255
        136
          0
          0
          0
         19
          0
          0
         11
          0
         91
          0
        151
          0
          0
