        114
          0
        112
         26
        102
         61
        177
          0
          0
          0
          0
          0
         25
          0
        255
         51
        114
         42
          0
        146
        173
        125
          0
         66
          0
          0
          0
         65
         34
        103
         50
          0
          0
          0
          0
          0
          0
         15
          0
        255
        140
          0
          0
         40
         47
          0
          0
         39
        148
         62
         12
          0
        163
        113
         37
          0
          0
          0
        142
          0
         62
         61
          0
         46
        107
          0
          0
          0
          0
        106
          0
        217
         19
          0
          0
        146
        141
        106
        255
          0
          0
          2
          0
          0
        130
        102
          0
          1
        208
          0
        154
          0
          0
        255
          0
          0
        160
          0
          0
         82
          0
          0
          0
        227
        110
          0
         79
        145
        255
          0
        255
         84
          0
         31
          0
          0
        157
        124
        203
          0
        192
          0
        121
         98
          0
         28
         29
          9
          0
         33
          0
          0
          0
          0
        193
        254
          0
        148
          0
        157
        237
          0
        255
         18
        123
          0
         40
          0
        117
        112
          0
          6
        192
          0
          0
          0
         37
          0
          0
          8
         39
         37
          0
        135
          0
          0
          0
          0
        144
          0
          0
          0
         93
          0
        255
        178
          0
         68
          0
          0
        127
         83
          0
          0
        223
          0
        176
          0
          0
          0
          0
          0
          0
        105
          0
        118
          0
          0
        239
          0
          0
        102
          0
        150
        208
          0
        255
          0
          0
          0
          0
          0
         66
         42
        209
          0
          0
          0
          0
          0
          0
         83
         45
          0
          0
          0
          0
        106
          0
          0
          0
          0
          0
         23
          0
        142
        243
          0
        255
          0
          0
          0
        220
          0
         11
          0
          0
          0
         10
        105
          0
          0
          0
          0
         89
         35
          0
         87
          0
          0
        151
        112
          0
          0
         70
        108
         19
         78
        159
          0
        255
         29
        255
         42
          0
          0
          0
          0
          0
          0
          0
          0
         77
         68
        230
          0
          0
         53
        154
          0
        165
          0
        154
          0
        108
          0
          0
         35
          0
          0
        255
        255
          0
          7
          0
         17
          0
         42
        191
          0
          0
          0
          0
          0
        122
          0
        134
         74
          0
          0
          0
         51
          0
         49
        129
          0
          0
          0
          0
          0
          0
         48
          0
        255
        255
        162
          0
         24
          0
          0
          0
        124
          0
          0
        226
          0
        145
          0
        151
         79
          0
          0
          0
          0
          0
        123
         35
          5
        160
        132
          0
        125
         50
         84
          0
         75
        255
         87
          0
         80
          0
          0
          0
         90
          0
          0
         16
          0
          0
        118
          0
        145
          0
          0
          0
         90
          0
        111
         86
         71
          0
          0
        114
         28
          0
         47
          0
          0
        255
          0
        187
          0
          0
          0
         28
        129
          0
          0
          0
          0
          0
          0
          3
          0
          0
          3
          0
        255
         68
        187
          0
          0
          0
          0
          0
          0
          0
          0
          0
        255
          0
          0
         45
         32
        225
         31
          0
        147
        214
          0
          0
          0
          0
        101
          0
          0
        105
          0
          0
         95
          0
         41
        215
         38
         71
          0
        132
        101
          0
          0
          0
        255
        255
         48
          0
          0
          0
        176
          9
          0
          0
          0
          0
        255
          0
          0
          0
          0
         63
          0
         85
          0
          0
          0
          0
         78
        149
        243
          0
        196
          0
          0
          0
          0
        255
          0
          0
          0
        116
          0
         66
          0
          0
        164
        172
          0
          0
          0
          0
          0
          0
         65
          0
          0
          0
         59
        168
         82
          0
          0
         78
        129
          0
         30
          0
        255
          0
          2
        255
         91
          0
          0
        207
         36
          0
          0
          0
          0
          6
          3
        163
          0
          0
         15
          0
         36
         14
          0
         30
         97
          0
        255
          0
          0
          0
         21
          0
          0
          0
          0
          0
          0
          0
         60
        242
        146
          0
          0
        143
          0
          0
        115
          0
          0
          0
          0
          0
         34
          0
          0
        255
          0
          0
        255
          0
         78
          0
          0
          0
          0
          0
        171
          0
          0
        112
          0
        107
          0
          0
          0
        141
         39
          0
          0
          0
          0
          0
        155
        226
          0
          0
        114
          0
          0
        202
        125
        154
         22
          0
          0
          0
          0
        214
          0
          0
          0
        162
          0
          0
        139
          0
          0
          0
          0
          0
        127
         68
        197
          0
        121
          0
         86
        113
          0
        255
          0
          0
        232
          0
          0
          0
          0
         75
          0
        255
          0
          0
          0
          0
          0
        187
        102
        157
          0
        124
        196
          0
          0
          0
        122
         31
          0
          0
        166
         25
          0
          0
         37
          0
          0
          0
          0
         56
          0
        171
          0
          0
          0
          0
          0
         80
          0
          0
         38
        132
          0
         96
         60
          0
         80
          0
         61
          0
        113
          0
        160
          0
         82
          0
         12
          5
          0
          0
          2
          0
          0
         38
        255
        255
        123
        191
          0
          9
        162
          0
          0
          0
          0
         78
          0
          0
          0
        100
          0
          0
          0
         75
          0
          0
          0
        216
          0
          0
          0
          6
         74
         30
          0
          0
        255
        255
          0
          0
         94
          0
          0
          0
          0
          0
          0
        138
          0
          0
        146
          0
        175
         81
          0
          0
        255
         80
        104
         84
         11
          0
          0
          0
          0
          0
          0
          0
         14
        255
         24
        160
         85
          0
          0
         10
          0
          0
        164
          0
          0
          0
          0
         94
        120
          0
         40
          0
        195
        189
          0
        165
          0
        255
        165
         35
          0
          0
        126
          0
         40
        255
         28
          0
          0
          0
         65
          0
        147
        154
         49
        255
        255
        128
          0
          0
          0
          0
          0
        247
        185
        144
          0
        120
          0
          0
          0
          7
        202
         49
        136
          0
          0
          0
          0
          0
          0
          0
          0
          0
        112
          0
          0
        120
          0
          0
          0
         95
          0
         74
         24
          0
         48
          0
         95
        255
          0
          0
          0
          0
        101
          2
          0
         21
          0
        255
         10
          0
        130
         25
          0
        210
        134
         19
          0
         41
         68
        159
         93
          0
          0
          0
        129
         34
        161
        119
          0
        255
          0
          0
         67
        106
          0
          0
        149
        148
          0
        255
          0
          0
          0
          0
          0
        170
          0
         74
          0
        217
          0
          0
          0
          0
         79
          0
         69
        136
         79
          0
        183
        255
          0
        110
          0
        153
          0
          0
          0
        148
        255
        255
          0
          0
          0
          0
         25
        226
          0
          0
        102
        244
         13
          0
          0
          0
        175
         80
         37
         99
          0
          0
          0
          0
          0
          0
          0
          0
          0
         59
          0
          0
          0
        255
         40
          0
         27
          0
         22
        240
          0
          0
         97
        122
          0
          0
          0
        189
        107
        131
          0
          0
         17
          0
          0
          0
          0
          0
          0
          0
          0
          0
          0
          0
        255
        255
          0
          0
         42
          0
          0
          0
        116
          0
          0
        255
          0
          0
         94
          0
        160
          0
          1
         54
        199
          0
        106
        255
         99
        192
         13
          0
        139
         87
         89
          0
          0
        255
        149
        255
          0
          0
          0
          0
         57
          0
          0
          0
        119
          0
         67
        233
          0
         70
          0
          0
        156
        120
          0
          0
          0
          0
        255
        160
        213
         91
        128
         18
        177
        255
          0
        222
          0
          0
        118
          0
          0
         85
        139
          0
          0
         24
        143
          0
         89
          0
          0
          0
          0
         17
         89
        255
          0
          0
          0
          0
         46
          0
          0
          0
          0
        255
          0
         92
         44
          0
          0
          0
          0
          0
        115
          0
          0
         34
          0
          0
          0
          0
        112
          0
         93
         91
          0
          0
          0
          0
          0
         62
         66
          0
          0
          0
          0
        255
         65
          0
         88
          0
          0
          0
          0
          8
          0
        186
          0
          0
          0
          0
          0
         23
        132
        236
        147
          0
          0
          0
          0
        117
        205
        101
          0
          0
          0
          0
        255
        255
          0
          0
         53
          0
          0
          0
        144
          0
          0
          0
          0
          0
         92
          0
         83
          0
         34
        243
         75
        196
          0
          0
          0
          0
         84
          0
          0
          0
          0
          0
         49
        255
          0
          0
         62
          0
          0
        203
          0
        210
        136
        130
        224
          0
         89
          0
        102
          0
          0
          0
          0
        109
          0
        181
          0
          0
        143
        150
        212
         19
        107
          0
          0
        255
        102
          0
          0
         26
          0
        212
          0
          0
          0
          0
          0
          0
         61
        214
        144
          0
         48
        253
          0
          0
        212
          0
          0
        218
        158
        151
        153
         26
          0
        255
        255
        255
          0
          0
          0
         53
          0
          0
         22
          0
          0
          0
          0
          0
        118
          0
        255
          0
          0
          7
        136
          0
          0
          0
          0
        211
          0
          0
        158
         39
        115
          0
          0
          0
        104
         30
          0
          0
          0
          0
          2
         33
          0
          0
          0
          0
         19
        103
          0
          0
         24
          0
         20
         40
         53
          0
          0
          0
        132
          0
          0
        116
          0
          0
          0
        255
         77
         66
          0
          0
          0
          0
          0
         16
        108
        151
         86
          0
          0
          0
        204
          0
          0
          0
         97
          0
         82
          0
         39
          0
        209
          0
         87
         91
          4
          0
          0
        255
         72
          0
         12
          0
          0
          0
          0
          0
         66
        222
          0
          0
          0
          0
          0
         88
         15
          0
         20
          0
          0
        255
         36
          0
          0
          0
        226
         28
          0
          0
          0
        255
          0
          0
         51
          0
          0
          0
          0
        206
          0
          0
         87
          0
        127
         28
          0
          0
        166
          0
        204
          0
         68
        239
          0
         89
          0
        162
          0
          0
          0
          0
        255
        255
         98
          0
         50
         33
          0
          0
          0
          0
          0
        192
        136
        131
          0
         12
          9
          0
        136
          0
         32
          8
         52
          0
          0
          0
        137
         31
          0
          0
          0
          0
          0
        255
          0
        106
          0
          5
          0
        237
          0
         85
          0
          0
          0
          0
          0
          0
          0
        115
        122
          0
          0
        127
          0
        192
         64
          0
          0
          0
          0
         18
          0
          0
          0
        255
          0
        130
         53
          0
          0
        138
         36
          0
         21
          0
          0
          0
         20
          0
         62
          0
          0
          0
          0
          0
         72
         25
          0
          0
        181
          0
         30
          0
        117
        255
          0
          0
          0
          0
          0
          0
          0
        242
          0
          0
          0
        202
          0
          0
        143
          0
          0
         54
        105
          0
          0
          0
          0
        196
          0
          0
          0
        129
        133
         11
         98
        123
         35
        255
         35
        255
          0
          0
          0
        101
          0
          0
          0
        164
         56
          0
        138
         70
          0
         81
         71
          0
        137
        163
          0
          0
          0
        160
          0
          0
        142
          0
        105
        190
        255
        255
         19
        142
          0
          8
          0
        201
          0
         39
         74
         50
          0
          0
         90
          0
        219
          0
         33
          0
          0
          0
          0
        165
         57
          0
        205
         94
          0
          0
        138
          0
          0
        255
         44
          0
          0
          0
          0
          0
          0
          0
          0
          0
        255
          0
          0
        128
          0
          0
          0
          0
        112
          0
        152
        145
         76
          0
          0
          0
          0
          0
         25
          0
          0
        255
          0
          0
         99
          0
          0
          0
          0
          0
          0
          0
          0
          0
          0
          0
        240
          0
          0
          0
          0
         50
         90
         49
          0
          0
         10
        125
          0
          0
          0
          0
          0
        255
          0
          0
          0
          0
          0
          0
        122
         65
          0
         43
         64
          0
          0
         16
          0
          0
          0
          0
        255
         88
        106
         83
         60
          0
          0
         92
          0
          0
          0
        229
          0
        255
          0
        155
          5
          0
          0
        218
          0
          0
          0
         93
          0
          0
         64
         78
         35
          0
          0
        111
        125
          0
         97
        255
          0
          0
        241
         74
         67
          0
          0
          0
          0
        255
        125
          0
         93
          0
          0
        161
          0
         94
          0
        169
          0
         14
         16
        184
          0
          0
         87
          0
          0
        118
          0
          0
          0
          0
         82
          0
          0
          0
          0
          0
        255
        255
         71
        255
          0
         38
          0
          0
         27
          0
        104
        214
          0
         34
          0
          0
          0
          0
         17
          0
          0
        119
         48
        143
          0
          0
          8
          0
          0
         77
         65
         93
        255
          0
          0
          0
         54
        149
        147
        175
          0
          0
        162
        240
         40
        148
         87
          0
        255
          0
         70
          0
          0
        202
        123
          0
         81
          0
          0
         49
        156
         89
         72
        155
          0
          0
          0
         84
          0
          0
         99
          0
         38
          0
         23
         80
         80
          0
          0
        188
          0
          0
          0
          0
          0
         19
          0
        200
         52
        139
          0
          0
          0
          0
        103
          0
        106
          0
          0
        212
         58
          0
        116
         20
         99
          0
          0
        184
          0
          0
          1
          0
          0
         39
          7
          0
        227
        102
          0
        255
         92
        127
          0
          0
          0
          0
        152
          0
          0
          0
          0
         29
         24
        215
          0
        129
         52
          0
         31
          0
        255
          0
          0
          0
          0
         40
         86
          0
         91
         78
         64
          0
         18
        246
        104
         33
          0
         36
        114
          0
          0
          0
          0
        160
          0
         37
          0
        112
         75
          0
         42
        123
         33
          0
         19
        135
        109
          0
        168
          0
          0
          0
         17
        255
         23
        255
          0
          0
          0
          0
        122
        255
        255
          0
          0
        255
         38
        159
          0
        167
          0
        161
          0
         28
        135
          0
        132
          0
         23
          0
         83
          0
         51
        175
         94
        255
         65
        255
          0
          0
          0
        119
        146
        207
          0
          0
          0
         38
        126
        236
          0
        134
          0
          0
          0
         41
          0
        159
          0
          0
          0
          0
          0
          0
          0
         39
        195
          3
         44
          0
          0
        120
          0
         39
         92
        209
        255
          0
          0
          0
          0
         41
          0
          0
          0
        150
          0
        226
        229
         87
          0
          0
        173
          0
          3
