          2
        113
        178
         14
          8
         54
         69
         50
        124
        153
        158
        241
         66
         48
        113
        154
         79
         61
         53
         93
        190
         93
        146
        210
        190
        101
        227
        148
         19
        176
        180
         28
         90
        228
         34
         86
        187
         75
          3
        213
        244
        121
        217
        255
         63
        112
        182
         23
         32
        186
         32
        182
        105
        210
        107
        230
         29
        107
        174
        154
        215
        115
        131
        168
          1
        133
         79
         46
         85
        245
        207
          0
        183
        158
        231
          1
         37
        107
        154
        219
         34
        235
        152
         96
        164
          4
         36
         38
        133
        152
         33
         97
        230
         96
        135
         96
        218
          3
        198
        101
        195
         21
        177
        172
        184
         39
        236
         19
        122
         26
        167
        234
        233
        120
        224
        252
         82
        185
        223
        194
        143
        115
        102
        184
        236
         97
        158
        184
        214
        164
         37
        243
        183
        109
         40
         33
        213
        198
        215
         57
        165
        190
        238
          4
         68
        114
         37
        244
         37
        168
        222
         96
         13
          9
         23
        134
         83
        207
         96
        234
        123
        192
        141
         52
        190
        143
        218
         17
        237
        231
         59
        135
        138
        230
        186
        251
        211
         34
        101
         29
         79
        225
        222
         80
         69
        233
        249
        155
        192
         36
        196
         13
        227
         50
        123
        131
         56
         52
          8
        138
        229
         94
         97
         51
        196
        245
        231
         36
        176
        235
         38
        117
         27
         75
        129
        187
         20
         34
        192
         26
          0
         17
        250
         67
        126
        121
        209
         70
        101
        142
        169
        229
         16
        105
        120
         15
        146
        112
          4
        181
        192
        186
         35
         18
        210
        119
        174
         56
         40
         94
        172
        162
        131
        177
         40
        242
        235
        218
         75
        214
         89
        185
        154
         11
        231
         43
        123
         15
         20
         56
        233
         24
         35
        248
        151
         89
        206
         97
        202
         20
        151
         30
         86
        179
         94
        198
        183
        178
        101
        158
         40
        191
        108
          7
         23
         68
         18
        251
         59
         88
        144
        106
         28
        130
        244
         47
        143
        217
        249
        233
        214
          9
        175
         62
        170
        220
         44
        211
        185
        224
         70
        239
        194
         54
        170
        179
        253
         33
        132
        198
         95
         15
         32
        119
         18
         76
        211
        199
         33
         66
        203
        157
        232
        226
        164
         85
        113
        254
         67
        234
        250
        243
         46
         45
        180
        160
        203
        159
          6
        124
        172
        118
        252
        217
        173
         27
        105
        148
        209
        142
        165
         67
         86
        227
        205
        210
        103
         12
         78
        171
        114
        164
        215
        246
        148
         68
        122
        138
        221
         10
        123
         55
        169
        211
         86
        162
         28
          5
          0
        211
        205
        254
        124
        102
         45
         24
        222
         80
        194
         59
        180
        202
        190
        223
        184
        137
         64
         76
        131
        170
        202
        220
        201
        245
         84
         25
        131
        173
        172
        233
        233
        173
        107
        202
        155
         20
        253
         65
        114
         91
         84
        162
        199
        217
        173
          6
          6
        139
         90
        194
        190
          3
         31
         58
        186
        203
        241
        115
         47
        222
        196
        198
        181
        245
        155
        234
         45
        111
          4
        252
        232
        218
        130
         18
         47
        137
        135
        223
        137
         32
         48
        102
        163
         89
        202
          0
        146
        192
        190
        135
        246
        217
        178
         35
         15
        204
        108
        225
         96
        169
        174
        230
        115
         77
         33
        237
         75
        232
        175
        230
        212
         33
         16
         84
        153
        145
        204
         11
        180
        136
        195
         42
        241
        158
        132
         63
         41
        180
        206
         92
        175
        168
        137
         99
        119
         24
        161
        180
        140
        246
        193
        140
         35
        255
         34
         20
          7
        161
        120
        140
        142
         38
         10
        115
        209
        100
          4
         86
          2
        241
        153
         68
         48
         93
         14
        255
        233
         89
         52
        231
        157
        141
          0
        204
         11
        192
        244
         23
         31
         70
         25
         42
        122
          2
        107
        182
        237
        181
        205
         44
         85
        132
         94
          7
         31
        141
        129
        229
          4
         96
        127
        213
         39
        220
         32
        218
         66
          0
        149
        116
        139
        100
        239
         82
         83
        139
        167
         77
        102
        214
        153
        173
        207
         20
        155
        112
        181
        111
        121
        194
         75
        117
        213
        138
         85
        220
        116
        202
        234
        249
         52
        158
        130
         67
         58
        164
         48
         87
        255
        166
        142
         46
        231
         57
         41
        131
         60
         60
        130
        179
        156
        154
          4
        145
        126
        178
         93
        133
         32
         50
        113
         77
        150
         78
        201
        123
        127
         42
        163
        231
        134
         61
        224
         98
        161
          0
        229
        147
        109
        220
         78
        173
        214
        229
        203
         32
        254
        237
         27
        138
        214
         51
        180
         13
         40
         96
        245
         13
        100
        185
         23
        218
        213
        198
        122
        142
        180
         50
         76
        121
         90
        139
        145
         59
        142
        230
        184
        185
         61
        113
        241
        170
        246
         63
        215
         66
         80
        166
         51
         74
        216
        113
         73
         58
        162
         75
        214
        147
         87
         24
        249
         83
         99
         54
        224
        181
        129
         83
        205
         10
        155
        235
         18
        203
        142
         79
         29
         55
         35
        196
        109
         70
        162
         42
        189
         50
        224
        194
        163
        239
        217
        107
        107
         14
         85
        158
         31
        171
        143
        204
          7
         72
        156
        190
        232
         97
         18
        194
        145
        170
        118
        116
        142
        159
        178
        140
         90
        137
         66
         69
        232
        213
        114
          1
         15
         95
        114
        187
        225
        167
         95
        223
        252
         15
        174
         56
        161
          1
         94
        173
         34
        250
         17
        230
        187
         66
        243
        174
         22
        127
        210
        130
         50
         50
         34
        137
        176
        120
         99
        111
        212
        175
         81
        165
        126
        246
        152
         85
        199
        235
        133
         74
         80
         94
        230
        244
         31
        155
        180
        225
        120
         82
         87
        209
         84
         42
        204
        173
        113
         34
        119
        134
        181
        103
        186
         92
         49
         81
        190
         18
         51
        253
        111
        227
        253
         76
        141
        171
        131
        157
         41
        142
         58
         88
         23
        181
         36
        122
         88
        112
        116
        218
        222
        135
         64
        247
        145
         81
        147
        149
        131
         40
        119
        112
        118
        115
        143
         77
        159
          7
         16
        219
        250
        248
         75
        198
        168
        235
        119
         71
        245
         10
        154
        221
        240
        183
        167
        157
        137
        167
        173
         32
        128
         74
        180
        205
         80
        183
        213
        193
        114
        238
        240
         10
        205
        193
        236
        103
        147
        191
        248
         88
         62
        237
        133
        189
         48
        247
         98
         50
        199
        221
         95
        168
        103
         55
        199
        174
        246
        210
         98
        249
          8
        224
        117
        121
        119
        200
        254
        168
         91
         77
        109
         84
        174
         79
         93
        191
        230
        142
        252
         25
        100
        218
        232
         95
         60
        147
          1
        158
        157
        194
        159
         93
        222
         18
        106
        222
         64
        162
        238
         86
         69
        129
        169
        142
        162
        163
        237
        231
        199
        178
         68
         19
         35
        166
        126
        247
        111
          2
        222
        127
        227
         37
         98
         86
        248
        133
        150
        250
        205
        231
        212
        148
         78
        199
         62
         20
        200
        202
        234
         17
         55
         49
         95
         31
         61
          9
         63
        143
        136
        103
        111
         95
        238
        138
        215
        250
         99
         57
        117
         85
         78
         62
          9
        159
         46
        149
        211
        161
        245
         12
        250
         72
         43
        248
         92
        188
         13
         30
        251
        208
        200
        101
        148
        137
        225
        219
         15
        200
        180
        235
        184
        152
        157
         94
        225
        212
         35
        107
          4
         26
         44
         35
         12
         91
         84
         18
         69
         70
        104
          8
         59
        210
         99
         67
         91
        231
         66
        175
        189
         37
        119
        231
        211
        179
        219
        172
        131
        214
        129
         21
        253
        212
         10
         65
         78
        249
        116
        202
        234
        141
         21
        113
        170
         35
        219
        231
         44
        168
         97
         81
         82
         98
         50
        155
         60
        146
        213
        209
        210
        173
          8
        206
        113
         47
         90
        140
        178
        175
        142
        219
        187
        232
        203
         32
        177
        122
        245
        176
          7
        179
        110
        109
        198
        200
          5
         29
        145
        255
         61
         11
         31
        118
        165
         51
        112
        105
        124
        125
         73
        226
        244
        221
        168
         79
        137
         48
          0
        196
        144
        118
         36
        225
        230
        165
        231
        161
        185
        110
         35
        193
        211
        180
        230
        226
        154
         44
         88
          2
        127
        252
        238
        253
         69
         85
        181
        155
         21
        226
        191
        160
         31
        112
         30
         59
         42
         29
        191
         36
        125
         22
         92
        187
        131
        153
         88
         14
        204
        226
         56
        185
        167
        129
        141
        104
        126
         82
        137
        116
        224
        183
         57
        247
         10
        210
        165
         26
         32
         28
        118
         69
        178
         94
        199
        172
         57
        126
        154
         33
        236
         47
         65
        149
        118
        237
        136
        167
        116
          2
        132
        159
        234
        175
         54
        202
        120
         90
         55
        186
        179
         92
        201
         85
        151
         97
         56
          4
         56
        162
         13
         81
          6
        228
         18
         81
        233
         49
         46
         12
         71
         16
        230
         73
        133
        227
        156
         82
        105
        111
         74
        162
        135
         27
        231
        252
         18
         28
        219
         65
        237
        214
        159
          2
        105
        107
         68
         45
         96
         34
        240
        218
         19
        228
        244
         40
        127
        117
        217
        183
        150
        153
        249
        172
        185
        229
        232
         92
         11
        225
         97
        239
          3
        153
        106
         99
        113
         52
         28
        176
          5
         73
        209
         39
        111
          3
         67
        163
         99
        106
         68
        175
         17
         78
         65
        243
         40
        147
        243
        119
         15
        136
         19
        202
        194
        176
        200
         53
         31
        228
         99
        200
        231
         53
         66
        173
        179
         70
        215
         30
        245
         19
        159
        190
        236
        125
        235
        173
        177
         43
        147
         28
          5
         29
        214
        114
          8
         50
        216
        196
        156
        237
        175
        173
        244
         60
         94
        245
        128
        192
        254
         71
        121
         99
        168
        192
        181
        244
         18
        169
        235
        182
        103
        152
         58
        243
         30
        210
        181
        136
        155
         87
        237
         55
        162
         69
         92
        169
        176
        168
        138
         95
         67
        240
         60
        150
        255
         77
        160
         38
         22
        203
        233
        140
        155
         62
         11
         24
         82
        158
        156
        120
         34
         68
        233
        182
         84
        222
        163
        179
        201
         83
        139
        251
        232
        179
        153
        117
         93
        110
        127
        183
        178
        123
        135
        160
        199
         33
         18
         29
        157
        112
        127
         22
        218
         80
        232
        194
          6
        109
        225
        106
        203
         85
         44
        114
        246
        218
        188
        201
         69
         80
         68
         70
          4
        241
         57
         52
        242
        142
        137
        142
        123
        249
        187
        246
        157
         29
         18
        221
        210
        145
        122
         42
         40
         80
        167
         87
         31
        170
         14
        177
         67
        132
        176
         32
         91
          1
        135
         28
         41
         49
        247
         84
         31
         62
        187
         53
        159
        242
         75
        161
        223
        193
        190
         18
        221
        125
        129
        226
        128
        174
         26
        246
         96
        110
        250
        115
        145
        197
         48
        149
         57
        109
        239
        181
        150
         75
        224
        118
        214
        177
        184
        173
        185
         77
        224
         30
        174
         60
        229
        166
        140
        163
        237
         42
         29
         77
        189
        221
        163
          5
         41
          0
         60
        193
        248
        195
        206
         89
        209
        181
         55
          0
         62
        220
         91
         30
        182
         10
         31
         63
        147
        142
        142
        197
         29
        189
         13
        221
        114
         88
          9
        105
        177
        196
         41
         11
        200
        255
         54
         52
        133
        202
        117
          4
        205
         22
         12
        111
        239
        147
        119
        104
         81
         11
         83
        128
        253
        171
         42
        214
        197
        209
         40
        109
         95
         92
        119
        151
         17
         53
        171
        118
        170
        252
         83
        191
         10
         42
        102
        142
        223
         11
         56
        127
        115
         85
         49
        146
         43
        248
        111
         73
         62
        230
        108
         18
        176
        110
        246
         82
        183
         81
         89
        230
         98
        143
        138
        212
        166
        136
        233
        214
        210
         78
        227
        106
        105
         29
        141
        179
         64
        146
         72
        134
        186
         25
        140
        221
         46
        233
         76
         11
        141
        205
        232
         37
        246
        140
        148
        225
        160
         33
        146
        167
         24
        144
        166
        105
        218
        242
        254
         15
         94
         30
        101
         34
         76
         37
        204
         29
        133
        175
         77
        133
        216
         75
         60
        148
         42
         95
        252
        131
          6
        184
         50
         80
        128
         49
        212
        113
         44
        188
        163
        173
        186
          9
        243
        255
         14
        237
        171
         91
         13
        130
        212
        234
        103
        252
        181
        209
        176
        253
         96
        191
         93
        170
          3
         46
         17
         95
         47
         43
        231
        149
        221
        174
        128
        147
        208
         64
        163
        197
        206
        227
        172
        220
         19
         11
        236
        108
        244
         56
        201
        217
         88
        199
         60
         22
        172
         88
        184
         95
         96
        183
        236
        191
        255
         37
        169
        253
        147
         49
        188
         50
        127
        214
        194
        254
        193
        135
         77
         69
        187
        124
        227
        201
        227
        161
        229
         36
        232
        205
        225
        119
        145
        223
        159
         84
         65
        155
        116
        182
        190
        116
        102
        102
        112
         45
        105
          9
         99
        142
         10
         80
        231
        201
         31
         63
        163
         71
        109
         83
        214
        187
          6
         96
         91
         75
        228
          3
        104
        147
        113
        195
        161
        170
        170
        251
        179
        197
        215
        207
        209
        140
         11
         16
         31
        120
          6
         74
        106
        220
        244
         70
        100
         48
         30
         68
         34
        102
        190
         81
         40
         32
         98
        107
        222
        111
        207
        219
          3
        162
        194
        247
         18
        116
        242
        200
        199
        157
        214
         28
         36
        171
         43
         11
         13
        158
        151
        228
         89
         20
        188
        251
        151
         91
        226
         64
         95
        202
         33
        230
        134
        172
         63
         45
        189
         78
         55
        182
        209
         61
        111
        206
        226
        115
         48
        181
         52
         74
        222
        116
         20
        182
        197
        129
        201
        214
        110
        151
        180
        171
        117
        218
        103
         90
        184
        141
         60
        181
         74
         55
         44
        167
        168
         46
        174
         37
        169
        181
         33
        220
        178
        195
        114
        232
         83
        145
         27
        254
         13
        139
        175
        210
        136
         97
        119
         16
        209
         57
         41
        162
        183
        177
        125
         22
         97
        172
        138
        163
        207
        239
        216
        156
        137
        145
         71
        141
        105
         60
        113
        144
        136
        153
        254
        240
         62
        200
         63
        157
         82
        252
        127
         84
         97
         66
         69
        191
        134
         27
        165
        206
         63
          0
         70
         30
        175
         65
        194
         71
         11
        127
        252
         68
         50
         11
         45
         94
         57
         73
         79
        150
        204
         11
        124
        126
          8
        253
         98
         48
        147
         73
         76
        126
        148
        174
          0
         13
        121
        244
         38
        104
        209
        154
         82
         88
          3
         43
         91
        221
        122
        111
         81
        142
        174
         86
        159
        189
        217
        200
        177
          7
         88
         76
         16
        166
        149
        173
        253
        216
        252
         98
        129
         57
         14
        252
        194
        142
        201
        122
        146
         48
         20
         20
         52
        213
         68
        229
         55
        135
          7
        143
        231
        170
        144
        144
        188
        216
        120
        145
        215
        115
        159
         70
         48
        153
        182
        130
        241
        205
        101
        129
         52
         87
        193
        128
        189
        238
         14
        227
        157
          4
        182
        101
         17
         54
        179
        197
        141
        139
        171
        118
        243
          3
         80
        202
        246
        132
        172
        132
          6
        103
        247
         80
        252
        194
         65
        130
          6
         29
        140
        225
        171
         66
        211
         55
         46
        152
         52
        241
         17
        209
         33
        244
         34
         39
        174
        229
          4
         48
        194
        251
        205
        160
        129
         98
        141
         86
        164
         85
        149
         65
        162
         62
        187
          5
         21
        188
         11
         19
         98
        104
         29
        149
         93
          9
        105
        100
        160
         45
         12
        220
        151
        187
         98
         30
        156
         24
        214
        233
        194
        131
         36
        135
         95
         56
         40
        167
        181
         57
        185
        246
         18
         77
        142
        201
        234
        145
        106
         91
         52
         16
        137
         22
        203
         56
        153
        153
         14
         87
         58
        194
        110
        136
          1
        121
        223
        143
        139
        195
        168
        241
         72
         88
         38
        209
         41
        166
        121
        175
        155
         94
        193
        218
         61
        226
         53
        152
        149
         96
         22
         11
        198
         13
        229
         46
         36
        195
         39
        234
        190
        141
        148
        162
         54
         26
         85
        171
        216
         52
        128
        165
        172
        165
         14
        247
        247
        167
        208
         90
        115
          0
        176
        217
         66
        203
         49
        207
         95
        241
        183
        217
          7
        228
         87
        143
         31
        187
        155
        113
        182
        167
        129
        249
        214
         83
        198
        109
        127
         89
         53
         17
        207
         92
         22
         24
        132
        198
         40
        153
        138
        134
        196
         36
        141
        116
        122
        239
        243
        151
        192
        157
        205
        189
        182
        178
         15
        101
        192
         90
        217
        234
          4
         55
         35
        116
        231
         28
        215
         27
        140
        251
        237
        160
        150
        221
        190
        162
         13
         15
         29
          0
          0
         14
          0
          0
         17
          0
          0
          0
          0
          0
          0
          1
          0
          0
          0
          5
         18
         30
         21
          0
          5
          0
          3
          0
          0
          0
          0
          0
         14
          0
          0
          0
          8
          0
          0
         12
          0
          0
          0
          0
          1
         16
          0
          0
          0
          0
          0
          3
          0
          0
         21
         13
         30
          0
          0
          0
          0
          5
          0
          0
          0
          0
          0
          2
         17
         22
         33
          0
          0
          0
          9
          0
          0
         15
         30
          0
          0
          5
          0
          2
         11
          0
          0
          0
          0
          0
          6
          0
          0
          0
          0
          0
          5
          0
          0
         15
          7
          0
          7
          0
         32
          0
          9
         11
          0
          0
          0
          0
          0
          0
          4
          3
          2
          0
          0
          0
          3
          0
         10
         16
          0
          0
          0
          0
         11
          0
          0
          0
          0
          0
          0
          0
          0
          0
         10
          0
          0
         30
         29
          0
          0
          0
          0
         12
          0
          0
          0
          0
          0
          0
          0
          0
          0
         11
          0
          0
          1
         17
          0
          0
          0
          0
          0
          5
          3
          0
         18
          7
          0
          0
          0
          0
          5
          0
          0
         16
          0
         17
         20
          0
         21
          0
          2
          0
          0
          0
          0
          0
          1
          0
         14
          0
         35
          0
          0
          0
          0
          0
          0
         23
          0
          9
          0
          0
          9
          0
         20
          0
         21
          0
          5
          0
          0
          0
          6
          0
         24
         12
          0
         11
          0
          0
          0
          0
          0
          0
          0
          0
          3
          5
          0
          7
          1
          3
          9
          0
          0
          1
         37
         17
          0
         46
          0
          3
         16
          0
         10
          0
         26
         20
          5
         11
         13
         15
         29
          0
          0
         14
          0
          0
         17
          0
          0
          0
          0
          0
          0
          1
          0
          0
          0
          5
         18
         30
         21
          0
          5
          0
          3
          0
          0
          0
          0
          0
         14
          0
          0
          0
          8
          0
          0
         12
          0
          0
          0
          0
          1
         16
          0
          0
          0
          0
          0
          3
          0
          0
         21
         13
         30
          0
          0
          0
          0
          5
          0
          0
          0
          0
          0
          2
         17
         22
         33
          0
          0
          0
          9
          0
          0
         15
         30
          0
          0
          5
          0
          2
         11
          0
          0
          0
          0
          0
          6
          0
          0
          0
          0
          0
          5
          0
          0
         15
          7
          0
          7
          0
         32
          0
          9
         11
          0
          0
          0
          0
          0
          0
          4
          3
          2
          0
          0
          0
          3
          0
         10
         16
          0
          0
          0
          0
         11
          0
          0
          0
          0
          0
          0
          0
          0
          0
         10
          0
          0
         30
         29
          0
          0
          0
          0
         12
          0
          0
          0
          0
          0
          0
          0
          0
          0
         11
          0
          0
          1
         17
          0
          0
          0
          0
          0
          5
          3
          0
         18
          7
          0
          0
          0
          0
          5
          0
          0
         16
          0
         17
         20
          0
         21
          0
          2
          0
          0
          0
          0
          0
          1
          0
         14
          0
         35
          0
          0
          0
          0
          0
          0
         23
          0
          9
          0
          0
          9
          0
         20
          0
         21
          0
          5
          0
          0
          0
          6
          0
         24
         12
          0
         11
          0
          0
          0
          0
          0
          0
          0
          0
          3
          5
          0
          7
          1
          3
          9
          0
          0
          1
         37
         17
          0
         46
          0
          3
         16
          0
         10
          0
         26
         20
          5
         11
         13
         15
         29
          0
          0
         14
          0
          0
         17
          0
          0
          0
          0
          0
          0
          1
          0
          0
          0
          5
         18
         30
         21
          0
          5
          0
          3
          0
          0
          0
          0
          0
         14
          0
          0
          0
          8
          0
          0
         12
          0
          0
          0
          0
          1
         16
          0
          0
          0
          0
          0
          3
          0
          0
         21
         13
         30
          0
          0
          0
          0
          5
          0
          0
          0
          0
          0
          2
         17
         22
         33
          0
          0
          0
          9
          0
          0
         15
         30
          0
          0
          5
          0
          2
         11
          0
          0
          0
          0
          0
          6
          0
          0
          0
          0
          0
          5
          0
          0
         15
          7
          0
          7
          0
         32
          0
          9
         11
          0
          0
          0
          0
          0
          0
          4
          3
          2
          0
          0
          0
          3
          0
         10
         16
          0
          0
          0
          0
         11
          0
          0
          0
          0
          0
          0
          0
          0
          0
         10
          0
          0
         30
         29
          0
          0
          0
          0
         12
          0
          0
          0
          0
          0
          0
          0
          0
          0
         11
          0
          0
          1
         17
          0
          0
          0
          0
          0
          5
          3
          0
         18
          7
          0
          0
          0
          0
          5
          0
          0
         16
          0
         17
         20
          0
         21
          0
          2
          0
          0
          0
          0
          0
          1
          0
         14
          0
         35
          0
          0
          0
          0
          0
          0
         23
          0
          9
          0
          0
          9
          0
         20
          0
         21
          0
          5
          0
          0
          0
          6
          0
         24
         12
          0
         11
          0
          0
          0
          0
          0
          0
          0
          0
          3
          5
          0
          7
          1
          3
          9
          0
          0
          1
         37
         17
          0
         46
          0
          3
         16
          0
         10
          0
         26
         20
          5
         11
         13
         15
         29
          0
          0
         14
          0
          0
         17
          0
          0
          0
          0
          0
          0
          1
          0
          0
          0
          5
         18
         30
         21
          0
          5
          0
          3
          0
          0
          0
          0
          0
         14
          0
          0
          0
          8
          0
          0
         12
          0
          0
          0
          0
          1
         16
          0
          0
          0
          0
          0
          3
          0
          0
         21
         13
         30
          0
          0
          0
          0
          5
          0
          0
          0
          0
          0
          2
         17
         22
         33
          0
          0
          0
          9
          0
          0
         15
         30
          0
          0
          5
          0
          2
         11
          0
          0
          0
          0
          0
          6
          0
          0
          0
          0
          0
          5
          0
          0
         15
          7
          0
          7
          0
         32
          0
          9
         11
          0
          0
          0
          0
          0
          0
          4
          3
          2
          0
          0
          0
          3
          0
         10
         16
          0
          0
          0
          0
         11
          0
          0
          0
          0
          0
          0
          0
          0
          0
         10
          0
          0
         30
         29
          0
          0
          0
          0
         12
          0
          0
          0
          0
          0
          0
          0
          0
          0
         11
          0
          0
          1
         17
          0
          0
          0
          0
          0
          5
          3
          0
         18
          7
          0
          0
          0
          0
          5
          0
          0
         16
          0
         17
         20
          0
         21
          0
          2
          0
          0
          0
          0
          0
          1
          0
         14
          0
         35
          0
          0
          0
          0
          0
          0
         23
          0
          9
          0
          0
          9
          0
         20
          0
         21
          0
          5
          0
          0
          0
          6
          0
         24
         12
          0
         11
          0
          0
          0
          0
          0
          0
          0
          0
          3
          5
          0
          7
          1
          3
          9
          0
          0
          1
         37
         17
          0
         46
          0
          3
         16
          0
         10
          0
         26
         20
          5
         11
         13
         15
         29
          0
          0
         14
          0
          0
         17
          0
          0
          0
          0
          0
          0
          1
          0
          0
          0
          5
         18
         30
         21
          0
          5
          0
          3
          0
          0
          0
          0
          0
         14
          0
          0
          0
          8
          0
          0
         12
          0
          0
          0
          0
          1
         16
          0
          0
          0
          0
          0
          3
          0
          0
         21
         13
         30
          0
          0
          0
          0
          5
          0
          0
          0
          0
          0
          2
         17
         22
         33
          0
          0
          0
          9
          0
          0
         15
         30
          0
          0
          5
          0
          2
         11
          0
          0
          0
          0
          0
          6
          0
          0
          0
          0
          0
          5
          0
          0
         15
          7
          0
          7
          0
         32
          0
          9
         11
          0
          0
          0
          0
          0
          0
          4
          3
          2
          0
          0
          0
          3
          0
         10
         16
          0
          0
          0
          0
         11
          0
          0
          0
          0
          0
          0
          0
          0
          0
         10
          0
          0
         30
         29
          0
          0
          0
          0
         12
          0
          0
          0
          0
          0
          0
          0
          0
          0
         11
          0
          0
          1
         17
          0
          0
          0
          0
          0
          5
          3
          0
         18
          7
          0
          0
          0
          0
          5
          0
          0
         16
          0
         17
         20
          0
         21
          0
          2
          0
          0
          0
          0
          0
          1
          0
         14
          0
         35
          0
          0
          0
          0
          0
          0
         23
          0
          9
          0
          0
          9
          0
         20
          0
         21
          0
          5
          0
          0
          0
          6
          0
         24
         12
          0
         11
          0
          0
          0
          0
          0
          0
          0
          0
          3
          5
          0
          7
          1
          3
          9
          0
          0
          1
         37
         17
          0
         46
          0
          3
         16
          0
         10
          0
         26
         20
          5
         11
         13
         15
         29
          0
          0
         14
          0
          0
         17
          0
          0
          0
          0
          0
          0
          1
          0
          0
          0
          5
         18
         30
         21
          0
          5
          0
          3
          0
          0
          0
          0
          0
         14
          0
          0
          0
          8
          0
          0
         12
          0
          0
          0
          0
          1
         16
          0
          0
          0
          0
          0
          3
          0
          0
         21
         13
         30
          0
          0
          0
          0
          5
          0
          0
          0
          0
          0
          2
         17
         22
         33
          0
          0
          0
          9
          0
          0
         15
         30
          0
          0
          5
          0
          2
         11
          0
          0
          0
          0
          0
          6
          0
          0
          0
          0
          0
          5
          0
          0
         15
          7
          0
          7
          0
         32
          0
          9
         11
          0
          0
          0
          0
          0
          0
          4
          3
          2
          0
          0
          0
          3
          0
         10
         16
          0
          0
          0
          0
         11
          0
          0
          0
          0
          0
          0
          0
          0
          0
         10
          0
          0
         30
         29
          0
          0
          0
          0
         12
          0
          0
          0
          0
          0
          0
          0
          0
          0
         11
          0
          0
          1
         17
          0
          0
          0
          0
          0
          5
          3
          0
         18
          7
          0
          0
          0
          0
          5
          0
          0
         16
          0
         17
         20
          0
         21
          0
          2
          0
          0
          0
          0
          0
          1
          0
         14
          0
         35
          0
          0
          0
          0
          0
          0
         23
          0
          9
          0
          0
          9
          0
         20
          0
         21
          0
          5
          0
          0
          0
          6
          0
         24
         12
          0
         11
          0
          0
          0
          0
          0
          0
          0
          0
          3
          5
          0
          7
          1
          3
          9
          0
          0
          1
         37
         17
          0
         46
          0
          3
         16
          0
         10
          0
         26
         20
          5
         11
