         82
          0
         42
          0
          0
        148
        114
          0
         96
         71
          0
          0
          0
         53
         20
         92
          0
          0
          0
        236
         22
          0
          0
          0
         90
         61
        213
         18
         12
          0
         20
          0
         41
          0
          0
        206
          0
         16
        123
          0
        137
          0
        134
          0
          0
         35
        177
          0
          0
          0
          0
        131
        255
          0
          0
          0
          0
          0
          0
         18
          0
          0
         50
        255
         19
        179
          0
          0
          0
         21
        205
          0
        169
          0
        129
         12
          0
          0
         62
          0
          0
        123
        180
        132
          0
        127
          0
          0
          0
          0
          0
          0
         37
          0
          0
          0
        127
          0
          0
        110
          0
          0
          0
        255
        109
         41
         66
        248
          0
          0
        112
         24
         56
          0
          0
        179
          0
          0
          0
        114
          0
         42
          0
        161
        151
          0
          0
          0
         95
         11
          0
          0
          0
        177
          0
          0
        156
          0
        120
          0
         59
          0
        211
          0
          0
         10
          0
        200
          0
         40
          0
         39
          0
          0
          0
          0
          0
         20
          0
          0
         71
          0
          0
        244
         64
          0
          0
        123
          0
          0
          0
        218
        138
          0
         36
          0
          0
        255
          0
        237
          0
          0
          0
        128
          0
          0
          0
         78
        226
         90
          0
          0
         61
        141
          4
          0
          0
          0
          0
         93
        128
         67
        161
        249
         19
         90
         56
          0
          0
          0
          0
        249
          0
          0
          0
        137
          0
         20
          0
         60
        255
          0
        132
        255
          0
         28
          0
          0
          0
          0
          0
          0
          0
          0
          0
          2
          0
          0
        140
          0
        231
          0
          0
          0
        185
          0
          0
        144
        255
          0
          0
          0
        239
         79
          0
          0
         76
        208
         33
        218
        236
          0
          0
        190
          0
          0
          0
          0
          0
         79
          0
        172
        245
          0
          0
        169
         81
          0
          0
          0
         52
          0
          0
          0
          0
        174
        109
        255
          0
          0
          0
        161
          0
          0
          0
          0
        114
          0
          0
          1
        156
          0
          0
          0
        255
          0
          0
         65
          0
          0
          0
          0
          0
         74
          0
          0
        253
          0
         38
        255
         97
         27
          0
        144
        255
          0
          0
          0
          0
          0
          0
          0
         88
         26
        132
          0
        167
         59
          0
         85
          0
          0
          0
          0
          0
          0
          0
          0
          0
          0
          0
        255
          0
          0
        126
          0
          0
        184
         25
          0
        143
          0
        113
          0
        111
          0
          0
          0
        255
          0
         38
        113
          0
          0
          0
          0
          0
          0
          0
          0
          0
          0
         43
         55
          0
        102
        112
        144
          0
          0
         74
         28
         68
          0
          0
          0
          0
          0
          0
          0
        255
          0
          0
        108
          0
          0
          0
          0
          0
          0
          0
          2
          0
          0
        117
          0
        113
        191
          0
        109
          0
         79
          0
         43
          0
          0
         91
          0
         41
         52
          0
          0
          0
        248
          0
         63
          0
          0
        255
          0
          0
          0
         65
          0
          0
          8
          0
        255
        128
        165
          0
        129
        232
          0
          0
          0
         88
          0
          0
          0
          0
          0
         19
          0
          0
          0
        255
        150
          0
        126
        255
        242
          0
          0
          3
          0
          0
         59
        162
          0
        103
        118
         73
          0
         46
          0
          0
          0
         20
          0
          0
        100
        126
          0
         19
          0
        255
          0
        255
          0
        252
          0
        255
        141
        110
          0
          0
         75
          0
        135
          8
          0
         44
          0
         20
        187
         80
         33
        202
        149
          0
         79
          0
          0
          0
         18
          0
         41
          0
          0
          0
        148
          0
         55
        255
          0
         41
        178
          0
          0
         91
          0
         73
          0
        100
          0
          0
          0
          0
          0
          0
        180
          0
          0
          0
          0
        114
         58
          0
        164
          0
          0
        255
          9
          0
         97
        255
          0
          0
        160
          0
          0
        255
        145
         25
        255
         63
        190
          0
         44
          0
          0
          0
          0
          0
          0
        129
          0
         58
          0
        222
          0
          0
         13
        255
          8
          0
          0
          0
         17
          0
          0
          0
         38
        109
        100
        103
          0
        124
        235
          0
         29
        255
          0
          0
        134
          0
         18
          0
        192
         49
         22
         89
         83
          0
        238
          0
         17
        112
          0
        255
          0
          0
         93
          0
          0
         57
          0
          0
          0
        104
        178
          0
          0
          0
         28
          0
          9
          0
          0
          0
          0
         43
          0
          0
         82
          0
          0
        255
        150
        217
          0
        255
         11
          0
        227
          0
        255
        130
         57
          0
         28
         11
          0
          0
          0
        255
          0
          0
          0
         97
         22
         23
          0
         17
          0
          0
        118
          0
          0
        255
        235
        112
          0
          0
        177
          0
          0
          0
          0
          0
         63
          0
          0
         63
          0
          0
        212
        243
          0
        201
          0
          0
          0
         29
         75
         53
         22
         49
        147
        110
          0
          0
        235
        235
         81
          0
          0
          0
          0
          0
          0
         50
         24
          0
        249
          0
          0
         84
          0
         39
          0
          0
        255
        121
          0
         29
        204
        134
          0
          0
          0
          0
          0
          0
          0
          0
          0
        255
        255
        253
        154
        111
          0
         78
          0
          0
         34
        103
          0
         35
        170
          0
          0
          0
        226
         69
         75
         39
          0
        165
          0
          0
          0
        165
          3
          0
        188
        230
          0
        255
         24
        162
        255
          0
          0
          0
          0
         82
        255
         27
          0
        115
         23
          0
          0
          0
          0
        218
          0
          0
          0
         21
          0
          0
         96
          0
          0
          0
        239
          0
         76
          0
          0
         22
         82
         88
          0
          0
        109
          0
          0
          0
         48
          0
         77
          0
          0
         44
        118
          0
          0
          0
          0
         31
          0
          0
         85
         74
         14
        255
        183
          0
          0
          0
         32
          0
          0
          0
        255
          0
          0
          0
        163
          0
          0
          0
          0
          0
          0
         12
          0
          0
          0
        155
          0
          2
          0
        124
          0
        255
        199
        255
        250
         16
          0
          0
          0
          0
          0
          0
          0
          0
          0
          0
          0
          0
          0
          0
        162
          0
          0
          0
          0
          0
          0
        102
          0
         49
          0
        186
          0
          0
          0
          0
         68
          0
          5
          0
          0
        213
          0
          0
          0
        193
          1
          0
          0
         84
          0
          1
         75
          0
          0
          0
          0
        141
          0
          0
          0
         10
          0
          0
         26
          0
         31
          0
        241
        255
          0
        255
        171
          0
          0
        216
          0
        245
         21
          0
         58
          0
         97
          0
         59
          0
        108
          0
          4
          0
          0
        153
          0
         54
          0
         12
         64
          0
          0
        255
          0
          0
         11
        255
          0
          0
         48
        179
         67
          0
          0
          0
          0
          0
          0
         48
          0
         61
         47
         78
        162
         78
         10
         42
        189
         89
         43
          0
        109
          0
          0
        255
          0
        255
          0
          0
          0
        255
         95
          7
          0
          0
          0
         41
          0
          0
         92
          0
        109
         49
          0
          0
        245
          0
          0
         47
          0
        135
         11
         55
          0
        167
         89
          0
        246
          0
          0
        255
          0
        152
          0
          0
          0
          0
        156
         67
          0
        136
          0
        103
         14
        255
          0
        140
          0
          0
          0
         93
          0
         95
         65
        134
          0
          0
          0
          0
        255
        115
          0
         44
        122
        252
         43
          0
          0
          0
          0
          0
        102
         69
          0
          0
        116
        243
          0
          0
          0
          0
          0
        100
          0
          0
          0
          0
        177
          0
          0
          0
        135
          0
          0
          0
          0
        255
        232
          0
          0
         45
          0
          0
        255
         50
          0
        102
        168
        176
          0
          0
        129
          0
         86
         84
          0
        125
         88
          0
         75
          0
          0
          0
        126
        146
          0
        255
          0
          0
          0
        200
          0
          0
        142
         25
          0
        126
          0
          0
        163
          0
          0
          0
         36
        122
          0
          0
          0
        101
          0
          0
        102
          0
          0
          0
        165
        209
         78
          0
         36
          0
          0
         17
          0
        229
          0
          0
        255
        123
          0
          0
        160
          0
         51
          0
        255
        118
         10
          0
          0
         80
          0
         61
         67
         45
         11
          0
        164
          0
          0
        255
          0
          0
          0
        101
        237
          0
          0
          0
          0
         63
         30
          0
        113
         18
          6
          0
        255
          0
          0
          0
          0
         31
          0
          0
         90
        255
          0
          0
        146
         70
         86
          0
          0
        255
          0
          0
          0
          0
         24
          0
          0
         69
        116
         92
          0
        113
          0
         94
         62
          0
          0
          0
          0
        123
         92
        134
         14
        255
        255
        255
          0
          0
         32
          0
          0
        241
        168
          0
          5
          0
          6
          0
         24
         47
         80
          9
        181
        255
        111
         41
          0
          0
          0
        168
          0
         90
          0
          0
         24
          0
          0
          0
        211
        116
          0
          0
        108
        189
        237
         15
          0
          0
          0
        161
          0
          0
          0
        105
          0
        255
          0
          0
          7
          7
          0
        146
          0
          0
         17
          0
         46
          0
          0
          0
        201
          0
          0
        163
          0
          0
         11
          0
          0
         49
          0
        139
          0
        125
         32
          0
        127
        177
          0
          0
          0
         51
         59
          0
         42
          0
          0
          0
          0
        197
          0
        255
        255
          0
          0
          0
          0
          0
          0
          0
         26
          0
          0
        154
          0
        110
          0
        122
          0
          0
        107
          0
          0
          0
          0
          0
          0
         96
         55
          0
          0
        255
          0
        255
        201
         78
         54
          0
         11
          0
          0
          0
          0
          0
          0
          0
        159
        116
          0
          0
         21
          0
        179
          0
         22
         62
          0
         44
         95
         99
          0
          0
        140
          0
          0
          0
          0
         54
          1
          0
          0
          0
        231
          0
          0
        103
         83
         20
          0
         24
          0
          0
          0
          0
         54
        200
          0
        115
          0
          0
          0
         55
         75
          0
         43
          0
          0
          0
          0
        161
         27
          0
          0
          0
          0
          0
          0
         56
         16
          0
          0
         60
          0
         50
          0
        142
          0
          0
        173
        204
          0
          0
          0
          0
          0
        186
          0
        190
          0
          0
        211
          0
          0
          0
         28
          0
          0
          0
          0
         86
          0
          0
        255
         91
        141
          0
          0
        255
          0
          0
        128
        195
          0
         11
        104
        128
          0
        118
        124
          0
        255
        255
          0
          0
         35
          0
         45
        254
          5
          0
        121
         43
          0
         35
          0
         15
        201
         45
        196
        194
         23
          0
        255
          0
          0
         15
         17
         96
         74
          0
         25
          0
          0
          0
        204
          0
          0
          0
          0
        206
         76
          0
          0
         29
         92
          0
        113
        114
          0
         31
         47
          0
          0
          0
        181
         16
          0
          0
         51
          0
          0
        122
         62
          0
          0
          0
        119
          0
          0
        255
          0
        255
          0
          0
          0
          0
          0
          0
          0
          0
          0
         92
        181
        250
         27
          0
        137
          0
          0
          0
        243
          0
         32
          0
          0
        255
        255
          0
        116
        112
          0
        231
          9
        255
          0
          0
          0
          0
          0
        135
        255
         60
          0
          0
         99
        150
          0
          0
         32
          9
          0
          0
          0
         88
          0
          0
          0
        211
         73
        255
        242
          0
          0
          0
         43
          0
          0
          0
          0
          0
        190
        110
          0
        105
        225
          0
        173
          0
          0
          0
          0
          0
          0
          0
        231
         55
         82
          0
        175
        255
        255
        255
        217
          0
          0
        255
          0
          0
          0
          0
        255
        187
          0
         41
          0
         95
         91
          0
        145
        255
          0
          0
          0
        129
         45
        133
          0
         97
          3
        173
          0
          0
          0
          0
        228
         35
          0
        255
          0
          0
          0
          0
          0
          0
          0
          0
        240
          0
          0
          0
          7
          0
          0
          0
        199
         77
          0
          0
          0
          0
          0
          0
         40
          0
          0
          0
        133
          0
         96
          0
         28
          0
          0
          0
         77
        213
         44
          0
          0
          0
          0
          0
          0
         28
          0
          8
         63
        117
         66
          0
         50
         78
          0
        153
          0
        226
        255
        252
          0
        244
        129
          0
          0
        255
        117
          8
         28
          0
          0
         83
          0
        128
        213
          0
          0
          0
          0
          0
        250
          0
         33
         81
          0
        148
          7
          0
          0
          0
          0
          0
          0
        177
          0
        255
        112
        239
          0
          0
          0
          0
          0
        152
          0
          0
          0
        111
        218
          0
          0
         79
        109
          0
          0
        136
          0
         72
          0
         26
          0
        255
         58
          0
          0
         98
          0
        255
         73
          0
          0
          0
          0
          0
         29
        103
        255
          0
          0
          0
          0
          0
          0
         13
         99
          0
          0
        115
          0
        108
          0
          0
          0
          0
          0
        255
          0
        179
          0
        255
        204
          0
        132
          0
          0
        110
          0
          0
          0
          0
        197
          0
        108
          0
          0
         99
          0
          0
         20
        150
          0
          0
          2
         62
          0
          0
         98
        255
          0
        208
         94
        255
          0
         32
          0
          0
          0
         83
         87
          0
        255
         23
          0
          0
        198
        133
          0
        125
        224
          0
          0
        122
         27
        145
          0
         40
        168
        147
        255
          0
          0
        222
        110
        255
          0
         53
          0
          0
          0
          0
          0
         79
        255
        103
          0
         12
        121
          0
          0
         89
          0
          0
          0
        122
          0
        134
          0
          0
        159
          0
         58
          0
          0
        250
          0
        255
        116
        156
         71
         17
          0
         52
         46
          0
         56
         66
          0
          0
        157
          0
          0
        120
          0
          0
          0
         82
          0
        145
          0
        194
        197
          0
          0
          0
          0
         72
          0
        255
        101
          0
          0
          0
          0
        139
         72
         32
          0
          0
          0
          0
          0
        218
          0
          0
         76
          0
         17
         55
         71
        161
         53
         38
        102
          0
          0
        255
         25
          0
         28
          0
        240
          0
          0
          0
          2
        255
         69
          0
         27
