          0
        186
          0
          0
          0
          0
        255
          0
        255
        200
         79
         52
        140
         85
         19
          0
          0
        255
          0
         60
        131
          0
         14
        167
         35
          0
        150
          0
          0
         90
          0
         47
          4
          0
          0
          0
          0
          0
          0
         83
         85
        245
        152
          0
         44
          0
          6
          0
          0
          0
        189
         61
          0
         49
          0
          0
          0
          0
          0
          0
          0
          0
        190
         48
          0
          0
          0
          0
          0
          0
         51
          0
        142
        255
        190
          0
         38
          0
          0
          0
          0
        235
        173
          0
          0
        220
          0
        160
          0
          0
          0
          0
          0
          0
          0
          0
        173
         77
        165
          0
          0
        149
        170
         50
        255
         28
         36
        209
          0
          0
          0
          0
          0
          0
          0
          0
         90
          0
          0
        108
          0
          0
        252
         55
         74
          0
          0
         22
          0
          0
        185
          0
         30
        183
        255
         98
        220
          0
          0
        255
          0
        166
          0
          0
          0
          0
         27
          0
         91
         94
          0
          0
          0
          0
        140
          0
         74
          0
          0
          0
          0
        173
          0
          0
          0
          0
        186
          0
          0
          0
          0
          0
         32
         84
        188
        115
        172
          0
        214
         53
          0
          0
          0
          0
          0
          0
          0
          0
          0
          0
          0
          0
          0
         39
          0
          0
          0
         27
        255
         74
         41
          0
          0
          0
          0
          0
        129
         86
          0
         35
          0
         32
          0
         20
          0
          0
          0
          3
          0
        144
          0
          0
          0
          0
         50
        130
        108
          0
          0
          0
          0
          0
         53
        255
        143
         94
          0
        247
         21
         48
         46
          0
         33
          0
          0
          0
          0
          0
          0
          0
          0
         75
         67
          0
        120
        225
          0
         24
         66
          0
          0
          0
        102
         65
        192
         36
          0
          0
          0
         52
        191
         70
          0
         10
          0
         32
          0
         69
          0
         97
        255
          0
        115
          0
          0
          5
        154
         34
         47
        129
          0
          0
         17
          0
         85
          0
          0
        255
          0
          0
          0
        167
        129
        101
          0
          0
          0
          0
          0
         87
         34
         27
          0
          0
          0
        135
          0
        215
         53
          0
          0
          0
          0
          0
          0
          0
        255
         69
         80
          0
          0
        255
         64
        228
        112
         65
        127
        188
          0
          0
          0
          0
          0
        178
          0
          0
          0
          0
          0
          0
         86
          0
         41
          0
          0
          0
          0
          0
          7
         27
        244
          0
         58
        194
         95
          0
          0
         25
         33
         90
        186
          0
        141
          0
          0
          0
          0
        193
          0
         34
          0
          0
         27
          0
          0
        155
          0
         68
        255
        138
          0
         97
         34
          0
        229
          0
          0
        231
        194
          0
          0
         82
         88
        107
          0
          0
          0
          0
          0
        149
         40
          0
        111
          0
        148
          0
          0
          0
         29
        120
          0
          0
          0
         48
          0
          0
         45
        216
          0
         30
         90
          0
        175
          0
          0
         35
          6
        123
          0
        158
          0
          0
        145
          0
         23
          0
          4
          0
          0
          0
          0
        122
        255
          0
         61
         80
          0
          0
          0
          0
        123
        213
          0
          0
          0
        211
         92
         43
          0
          0
         50
        163
        255
          0
         10
          0
        149
          0
         98
        199
          0
         51
         68
         78
        209
        146
        170
        120
         49
        255
          0
        240
         87
         79
         34
          0
         93
        219
         31
        100
          0
        226
          0
          0
          0
         24
          0
        138
          0
          0
          0
        206
