        255
        128
          0
         78
          0
        144
         64
          0
        253
         33
        197
          0
         11
        134
          0
        159
          0
          0
         10
          0
         99
         39
         61
          0
          0
         87
         88
          0
        197
          0
          0
          0
        169
          0
         82
          0
          0
         22
          0
          0
          0
         56
          0
          0
          0
          0
          0
          0
          0
         89
          0
          0
         71
         23
         59
         31
          0
          0
         44
         28
        171
          0
          0
          0
        173
        156
          0
          0
          0
         20
         53
         15
        208
          0
          0
         57
          0
          0
          0
          0
          0
          0
          0
          0
          0
          1
          0
          0
         30
        165
          0
          0
        171
          0
          0
          0
          0
         50
        107
        191
          5
        114
         86
          0
        255
          0
         54
         49
         51
          0
          4
          0
          0
        245
        229
          0
          0
         30
          0
          0
          0
        105
          1
          0
        177
         85
          0
          0
        255
         12
         78
        233
          0
        196
          0
          0
          0
          0
          0
         71
          0
        156
          0
         38
          4
         80
        255
          0
          0
         36
          0
          0
          0
         44
        112
          0
         51
          0
          0
          0
        255
          0
          0
        141
          0
        186
          0
          0
          0
          0
          0
          0
         59
         25
          0
          0
        175
          0
          0
         90
         21
          0
          0
          7
          0
        177
          0
          0
        177
        198
          0
          0
          0
         58
         13
         99
          0
         82
          0
         77
        255
          0
        118
          0
          0
          0
          0
          0
          0
          0
         91
          0
         11
          0
         61
          0
          1
          0
         27
          0
         29
          0
          0
         24
        116
        119
          0
          0
          0
          0
          0
         55
          0
         51
        150
          0
          7
        126
          0
          0
          0
        255
        245
         67
         20
          5
         62
          0
          0
          0
          0
          0
        103
        138
         78
          0
        254
          0
          0
        255
          0
        201
         29
          0
          0
          0
        143
         59
          0
        113
          0
          0
         66
          0
        255
         11
        102
         10
          0
         45
          0
        129
          0
          0
         12
        158
          0
         58
        140
          0
          0
          0
          0
          0
          0
         40
        175
          0
        128
         68
         17
          0
          0
          0
        126
        255
          0
         99
          0
         47
         48
          0
          0
        147
          0
          0
        162
        208
          0
          0
         43
         95
          0
          0
          0
        123
          0
         78
         28
          0
          0
         70
          0
         51
          0
          0
        163
         54
          0
         24
          3
         17
         71
          0
          0
        129
          0
          0
         58
          0
          0
          0
         53
         70
        130
        255
          8
          0
          0
          6
          0
          0
          0
          0
          0
          0
          0
          7
         84
        121
        255
         94
          0
          0
          0
          0
          0
          0
         83
          0
        168
        174
          0
          9
        248
          0
        103
          0
          8
         20
          0
          0
          0
          0
          0
          0
          0
        138
        205
          0
          0
        142
          0
          0
          0
          0
         71
          0
          0
        188
         72
          0
          0
        202
         73
          0
        104
          0
         53
          0
          0
         52
          0
          0
        155
          0
         11
         43
          0
         33
          0
          0
         90
          0
        255
          0
          2
         40
          0
          0
         21
        172
         56
          0
         62
        180
          0
          0
          0
          0
         57
        183
         49
         34
          0
         44
          0
          0
          0
         55
         24
          0
          0
         74
          0
          0
        255
         41
          0
         50
          0
          0
          0
          0
          0
         30
        201
          0
          0
          0
          0
         40
        117
          0
          0
         38
          0
          0
        142
          0
         40
          0
         39
          0
         20
        190
        114
        133
        196
          0
          0
         16
         17
         50
          0
          0
         54
          0
        131
          0
          0
          0
