          0
          0
        255
          0
          0
         54
          0
        255
          0
          0
        255
        255
          0
          0
        120
        255
        184
         91
          0
        139
          0
          0
          0
          0
        167
          0
          0
         78
         45
          0
          0
          0
          0
        140
          0
        215
          0
          0
         91
          0
         52
          0
        112
          0
          0
          0
         29
          0
          0
          0
        255
         45
          0
          0
        184
        113
          0
          0
          0
         93
          0
         65
          0
         81
         33
          0
        197
          0
          0
          0
         78
          0
          0
          0
        109
         51
          0
          0
          0
          0
        185
          0
        255
        161
          0
         21
          0
        142
          0
          0
         36
        253
          0
          0
          0
        191
          0
        174
          0
          0
          0
          0
          0
          0
          0
          0
        173
         27
          0
          0
          0
          0
          0
          0
        255
        106
          0
          0
         90
        139
         87
          0
          0
        255
         22
          0
        180
        230
          0
        192
        255
          0
          0
         58
        138
         79
        152
          0
        255
          1
          0
          0
          0
          0
          0
          0
        255
          0
          0
        174
        225
          0
          0
          0
         57
         97
          0
          0
          0
        125
          9
        117
        255
         86
         65
         67
          5
          5
          0
          0
        205
         61
          0
          0
        122
          0
          0
         84
        255
          0
          0
         34
         82
         85
          0
          0
          0
         30
          0
          0
          0
          0
          0
          0
        239
        135
         35
         79
          0
          0
          0
          0
        145
        119
          0
          0
         87
        133
          0
         33
        255
          0
         54
          0
         65
        112
          0
          0
          0
          0
         50
          0
          0
          0
          0
        212
          0
          0
         76
         66
         16
          0
          0
          0
        255
          0
        120
          0
        137
         53
          0
          0
          0
          0
          0
         10
        149
          0
          0
         54
        136
          0
        167
         83
        136
        225
          0
          0
          0
         35
          0
          0
          0
          0
          0
        255
        255
        185
          0
         18
          8
         99
         57
         82
          0
          0
        198
        137
          0
          0
          0
         82
         14
          0
        216
          0
        124
        210
         60
         43
        246
          0
          0
          0
        209
        255
        169
        255
        186
          0
          0
          9
         70
        220
        101
          0
         87
         32
        255
          0
         38
          0
          0
          0
        107
          0
        228
        174
          0
          0
         62
          0
        182
        209
          0
          0
        143
        255
          0
        131
          0
         33
          0
        255
          0
        255
         12
          0
          0
          0
          0
         14
         12
          0
          0
          0
         94
        215
        207
          0
          0
          0
          0
         45
          0
          0
          0
          0
          0
          0
         62
         52
          0
        149
         97
         82
         98
          0
        205
          0
          0
          0
          0
          0
          0
          0
          0
          0
          0
        149
        206
          0
          0
          0
        152
          0
        230
          0
          0
          0
        112
          0
        107
        124
          0
          0
        245
          0
          0
          0
          0
         37
          0
          0
          0
          0
          0
          0
          0
          0
          0
        177
        172
        157
          0
         92
        156
          7
          0
          0
          0
          0
        150
        199
         87
        245
          0
          0
          6
         51
          0
          0
        177
         16
          0
          0
        255
          0
        186
          1
          0
          0
          0
         24
        103
          0
          0
          0
        174
         86
        154
          0
          0
          0
        181
          0
        161
         69
        228
          0
         21
        255
          0
          0
          0
          0
          0
          0
        213
          0
         68
         87
        166
          0
          0
         10
          0
          0
         34
         39
          0
          0
          0
          0
        108
          0
          0
          0
         74
          0
          0
        255
          0
        255
          0
          0
         28
        110
          0
          0
         48
          0
          0
        142
          0
         92
        136
          0
        188
        161
          0
        182
         51
        201
          2
         35
          0
          0
        221
          0
         88
        241
          0
        228
         29
          0
         77
          0
          0
         11
         58
        124
          0
          0
          0
         56
        111
         67
          0
        101
        168
          0
         10
        185
          0
          0
        255
          0
          0
          0
        136
        206
          0
          0
          0
        224
        129
          0
         57
         84
         79
         46
          0
        108
         69
          0
          0
         24
          0
          0
          0
          0
        191
          0
        186
        240
          0
          0
        211
          0
          0
          0
          0
        255
          0
         71
          0
         66
         74
          0
          0
         29
          0
          0
          0
          0
        255
         80
         70
         42
          0
          0
          0
          0
          0
          0
          0
          0
          0
          0
          0
          0
          0
          5
          0
        195
        162
         29
          0
         33
          9
          0
          0
        116
        216
         12
          0
         31
          0
          0
          0
          0
        178
          0
          0
          0
          0
          0
          0
          0
        155
          0
        255
          0
        147
          0
         76
          0
          0
          0
        255
        136
         29
          0
         12
          0
        135
          0
          0
        187
        255
         38
          0
        138
          0
          0
        139
         72
        230
          0
          0
         34
        162
          0
          0
          0
        168
         69
          0
         75
        129
        255
          0
         13
         53
          0
         60
          0
          0
         32
          0
        175
         99
         19
        177
        104
        136
          0
          0
          0
          0
          0
         25
          0
          0
          0
        255
          0
         59
          0
        117
          0
        156
        193
          0
         51
          0
        104
         91
          0
          0
          0
          0
         20
        114
          4
          0
          6
        154
          0
         66
        201
          7
         15
         79
         37
        225
        122
          0
          0
        140
          0
        147
        255
        176
         88
         26
        254
          0
          0
          0
        234
         18
          0
          0
        175
          0
          0
          5
         87
          0
          0
         41
          0
          0
        159
          0
         17
         20
          0
        161
         92
          0
          0
          0
          0
          0
          3
        214
        240
        134
          1
          0
          0
          0
          0
        255
          0
        255
        171
          0
        123
        159
         20
        128
          0
          0
          0
        104
          0
        255
          0
        255
         82
          0
         49
          6
          0
          0
         58
        221
          0
          0
        255
          0
        117
        118
        115
          0
        118
         87
          5
          0
         26
        168
         88
         23
        108
        219
          0
          0
          0
        126
        204
        118
         47
          0
          0
          0
          0
          0
        113
          0
        255
          0
         22
          0
        198
         46
         22
          0
          0
        109
          0
          0
        119
          0
          0
         74
          0
          0
          0
          0
        155
          0
          0
         37
          0
          0
         11
          0
        167
          0
        108
          0
        168
          0
          0
         44
        208
          0
         42
          0
         39
         79
          0
          0
         57
        163
          0
          0
          0
          0
          0
         27
          0
         44
         81
        229
          0
         67
          0
          0
          0
        129
        255
          0
        255
          0
          0
         58
          6
        207
         47
          0
          0
        154
         44
          0
          1
          0
          0
          0
        252
          0
          4
         46
         35
          0
        155
        141
          0
        144
         20
          0
        255
         72
        184
          0
          0
         42
         61
          8
          0
          0
          0
          0
          0
        221
         39
        114
          0
        116
          0
          0
        135
         88
          0
          0
          0
          0
          0
          0
          0
          0
         57
        194
        255
         65
        255
          0
          0
        212
          0
         69
          0
          0
          0
          0
        122
          0
          0
         33
          0
          0
          0
          0
          0
        156
         31
         32
          0
          0
         39
          0
          0
          0
          0
          0
          0
          0
        125
          0
          0
          0
        255
          0
          0
          3
          0
          0
          0
          0
          0
         85
         18
          0
          0
        100
         76
          7
         99
          0
         36
        127
          0
         22
          0
          0
          0
          0
          0
        107
          0
          0
          0
          0
        255
         29
          0
          0
          0
          0
          0
          0
         79
          0
         83
        176
          0
          0
          0
         22
          0
          0
          0
        115
         22
         24
        156
          4
          0
          0
        167
         14
        255
          0
          0
         85
          0
        115
          0
        118
          0
        155
          0
          0
          0
          0
         10
        194
          0
          0
          0
         66
          0
         15
          0
        216
          0
        255
        220
        100
          0
        129
        129
          0
        255
          0
          0
          0
          0
         50
          0
        114
          2
          0
         55
        255
        169
          0
         42
          0
          0
          0
         78
          0
         81
         41
        240
          0
          0
        255
          0
        146
          0
          0
          0
          0
          0
        247
          0
         84
         33
          0
          0
          0
          0
          0
          0
          0
          0
        166
          0
          0
          0
        150
          0
          0
         44
          0
          0
          0
          0
          0
          0
          0
          0
        155
        110
          0
          0
        252
          0
         82
          0
          0
        255
          0
          0
        255
        121
         65
          0
          2
        122
          0
          0
          0
          0
        221
          0
         35
          0
          0
          0
        255
          0
         99
          0
        115
        255
         18
          0
          0
          0
         15
          0
         59
          0
          0
          0
        131
        162
          0
          0
         89
          0
          0
          0
        134
          0
          0
         84
          0
          0
          0
          0
          9
          8
          0
          0
          0
        253
          0
        255
          0
          0
          0
          0
          0
          0
        142
          0
          0
          0
        127
         73
        130
          0
          0
          0
         99
          0
         46
         45
          1
         32
          0
         71
          0
         17
          0
         64
        126
          0
         16
         98
         11
          0
          0
          0
         72
          0
         89
          0
          0
         49
          0
          0
         91
         44
        160
          0
          1
          0
        157
         47
          0
        166
        255
          0
        154
        169
          0
          0
          0
          0
          0
          0
          0
        215
          0
         89
        134
          0
         91
          0
          0
        155
        255
          0
          0
        106
          0
          0
        134
        130
         97
          0
          0
          0
        210
          0
          0
          0
        111
          0
         33
        255
        116
          0
          0
         19
         35
        255
          0
          0
        224
          0
          0
          0
        255
         62
          0
         76
          0
          0
        137
        146
         14
          0
         87
          0
          0
        176
        255
          0
          4
          0
          0
        254
         87
        255
          0
         68
          0
          0
          0
        108
          0
         97
          0
          0
        120
         40
         68
         60
          6
          8
          0
        102
        215
         69
         66
          0
          0
         32
         47
          0
          0
          0
         33
        154
         87
        255
          0
        225
        110
         94
          0
          0
        171
         24
          0
          0
          0
          0
          0
         47
          0
          0
         63
          0
         67
        161
         42
          0
          0
          3
          0
        233
          0
          0
          0
         76
          0
        255
         51
        255
         41
          0
         27
        175
         76
         64
          0
          0
          0
          0
          0
         34
        154
          0
        145
          0
        131
          2
        116
          0
        188
         75
        255
        183
         40
          0
        199
        124
          0
          0
        100
          0
          0
          0
          0
          0
        113
         16
          0
          0
        149
         42
        110
         49
          0
          0
        131
          0
         87
         10
         34
          2
          0
          0
          0
          0
          0
          0
        149
          0
          0
        140
          0
          0
          0
        220
          9
          0
         20
          0
          0
         80
          0
         44
          0
        102
          0
          0
          0
          0
         89
          0
          3
         96
          0
        106
          0
          0
          0
         22
          0
        117
          0
          0
          0
        138
          0
          0
        142
          0
         33
          0
         27
          0
          0
          0
        186
        128
          0
          0
        102
          0
        166
         44
        148
         46
        209
          0
        215
        157
          0
          0
          0
         97
          4
         61
          0
          0
          0
          0
          0
        214
        113
        108
        160
        105
          0
        106
          0
         82
         47
         91
         69
        162
        118
          0
          0
          0
          0
          0
        198
          0
        150
          0
        105
          0
          0
        139
          0
        114
          0
          0
          0
          0
          0
         44
          0
         21
        194
         12
          0
          0
          0
          0
          0
        255
         91
        233
         71
          0
          0
          0
        255
         61
          0
          0
         52
        204
         34
         98
          0
          0
          7
          0
          0
         27
        183
         83
          0
          0
        233
          0
          0
          0
          0
          0
          0
         76
        138
          0
        104
          0
          0
          0
         68
          0
          0
          0
          0
        148
         12
         69
          0
          0
          0
          0
          0
          0
        154
         40
          0
          0
          0
        148
          0
         21
          0
          0
          0
         81
          0
        131
        131
          0
          0
          0
         40
        186
         33
          0
         55
        246
          1
        255
          0
          0
          0
          0
          0
        255
          0
         82
          0
         71
          0
          0
          0
          0
         68
          0
        128
          0
         23
         77
          0
         79
          0
         50
        255
         92
          0
         13
          0
         18
         38
        255
          0
          0
         80
        130
          0
        255
          0
        106
          0
         86
        255
          5
         73
         87
        190
          0
          0
          0
        207
        129
          0
          0
        255
          0
          0
          0
        171
          0
          0
        113
         94
        255
          0
          0
          0
          0
          0
          0
        165
          0
        255
          0
        255
          0
        149
         75
        154
          0
          0
        253
          0
          0
          0
          0
        255
         66
          0
          0
         75
          0
          0
          0
         81
        188
          0
          0
          0
          0
          0
          0
          0
          0
          0
         95
        255
          0
        255
          0
          0
          0
         81
         50
        178
         51
         34
          4
          0
         57
          0
          0
          0
          0
          0
        235
          0
          0
        216
          2
          0
          0
          0
         42
        115
         70
        224
         45
          0
          0
          0
         61
          0
          0
          0
          0
        228
          0
        117
        217
          0
          0
          0
          0
        167
          0
         50
          0
          0
          0
        128
        255
         31
          0
          0
        104
        212
         60
        255
          0
          0
          0
          0
         10
        142
          0
         50
          0
          0
        151
          0
          0
          0
          0
          4
          0
          0
          0
        151
        207
          0
          0
        215
         68
        248
          0
          0
         81
        197
         32
        236
          0
          0
          0
          0
          5
        102
          0
          0
         69
          0
         96
          0
          0
          0
          0
          0
          0
        142
          0
          0
          0
          0
          0
        162
        183
          0
         42
          0
         22
        141
         10
        118
          0
          0
        140
          0
         73
         84
         18
          0
          0
          0
         38
          0
        126
          7
         22
          0
          0
         86
          0
         62
          0
          0
        255
        139
         61
        166
        217
          0
          0
        171
          0
        255
        171
        255
          0
          0
         90
         68
         25
          0
          0
          0
         81
          0
          0
        119
          0
        116
        194
          0
          0
        129
        169
          0
          0
        203
          0
         71
        171
          0
         46
          0
         91
        255
          0
          0
         77
          0
         94
        182
         42
         54
          0
        199
         68
        132
        246
        255
          0
          0
          0
         25
         35
         55
          0
        104
          0
          0
          0
        248
        212
          0
         34
          0
          0
        255
          0
        255
        116
          0
         98
        139
         64
         69
        255
         84
         85
         77
          0
         15
         86
          0
          0
         92
          3
          0
         48
         51
         56
          0
          0
          0
          0
          0
         72
          0
         91
        132
          0
        255
        155
          0
        144
        110
         43
         38
          0
          0
         39
          0
          0
