          0
        168
         14
          0
          0
        117
          0
        145
        132
        177
         60
          0
          0
          0
          0
        161
         85
          2
        216
         72
        123
        175
          0
          0
          0
          0
          0
          0
          0
          6
          0
          0
          2
        111
          0
          0
          0
          0
         16
          0
         88
        120
          0
          0
          0
          0
        149
         63
        255
          0
          0
        137
        110
          0
          0
        158
        116
         67
        206
         19
          0
        130
          0
        135
          0
          0
          0
          0
          0
          0
        137
          0
         91
        255
         23
        168
          0
        158
        123
          0
        255
          0
         31
         65
          8
          0
          0
        255
        131
         60
        218
          0
         20
          0
          0
        152
          0
          0
         36
          0
          0
          0
         44
          0
          0
         68
          0
          0
          0
         75
        217
        186
        169
          0
          0
          0
         75
          0
          0
          0
        137
         13
          0
          0
          0
         40
          0
         28
          0
          0
          0
         63
        255
         93
          0
         76
        198
        113
          0
          0
          0
        249
        104
          0
        255
          0
        255
         14
          0
        179
        193
          0
          0
        134
          0
         14
          8
          1
         29
        169
        242
          0
          0
          0
        100
        140
          0
          0
          0
          0
        114
          0
        120
          0
          0
          0
        255
          0
          0
          0
         87
          0
        214
        255
         74
         73
          0
          0
        112
         27
        175
          0
        255
          0
          0
          0
        236
          0
         16
        162
          0
         51
          0
          0
          0
          0
          0
         47
         75
        197
         73
         39
          0
          0
          0
          0
          0
         91
         90
          0
          0
        123
        229
          0
          0
          0
         18
          0
          0
          0
          0
         99
         30
          0
          0
          0
         43
         14
        143
        123
          0
          0
          0
         48
        142
          0
          0
        255
          0
          0
        239
         10
          0
        135
          0
        144
          0
          0
          0
          0
         45
        112
          0
         52
         10
        254
         92
          0
          0
         69
        217
         34
        187
         62
        255
         96
         95
          0
         76
          0
          0
        107
          0
        110
          0
        122
          1
        115
        255
          0
          0
          0
          0
          0
         41
          0
          0
          0
         42
         14
          0
        227
        127
          0
        255
        175
          0
          0
          0
          0
          0
        255
        154
          0
        115
         14
         63
          0
          0
          0
         97
          0
         80
          0
         60
          0
          0
        116
        128
          0
         62
        255
          0
          0
          0
         96
          0
          0
          0
        178
          0
          0
        255
        255
         13
         32
         73
          0
          0
          9
        166
        169
          0
          0
          0
          0
          0
          0
         10
        110
          0
          0
        146
          0
          0
          0
         98
          0
          0
        228
          0
          0
          0
          0
        255
        255
          0
          0
          0
         15
          0
          0
        127
        115
        255
          0
          0
        255
         81
         41
          0
          5
          0
         69
        149
          0
          0
          0
         31
        149
          0
          0
          0
        242
          0
        168
          0
        255
          0
          4
          0
         88
         99
          0
          0
        107
          0
          0
        114
         70
          0
          0
          0
          0
         12
          0
         38
          0
          0
          0
         54
          1
          0
        123
        255
          0
        101
          0
         59
          0
          0
          0
        183
         94
          0
        100
         59
         43
        255
         19
        123
         44
        240
         16
          0
          0
          6
        255
         60
          0
          0
          0
        210
         71
          0
         96
        255
        162
         56
          0
          0
          0
          0
          0
          0
        121
          0
        127
         89
         45
          0
         70
          0
          0
        109
        142
          0
          0
          0
          0
          0
         74
          0
          0
          0
         22
          0
          0
          0
          0
        227
          0
          0
        134
        154
        136
          0
        107
          0
          0
          0
          3
