          0
          0
          0
        255
          0
        107
          0
        120
         57
          0
          0
          0
         22
          8
          0
          0
         53
        105
          0
          0
          0
         40
        127
        218
          0
          0
          0
          0
        123
          0
        255
        223
         83
          0
          0
         11
          0
        165
        229
         39
        127
        126
          0
        178
          0
         10
         18
        255
          0
          0
        255
        156
          0
          0
        110
        109
        177
         71
         98
        162
          0
         82
          0
          0
          0
          0
          0
          0
          0
          0
          0
         57
        101
         65
          0
        255
          8
          0
        255
          0
        140
        188
          0
        194
          0
         49
        154
        169
         27
          0
         71
          0
          0
        146
        176
          0
         41
          0
          0
        127
          0
        150
          0
         75
          0
          0
        121
        199
          0
          0
        255
        137
         99
          0
          0
          7
          0
          0
          0
        211
        255
          0
        124
          0
         63
        122
        181
          0
          0
          0
          0
        169
          0
        152
        208
         82
         48
          0
         18
        255
          0
         31
          0
        136
        169
          0
        255
        154
          0
          0
        165
        135
         69
          0
          0
         26
        114
        137
        255
        255
         71
         39
        110
          0
          0
          0
          0
         90
        128
          0
         17
         45
          0
         55
          0
          0
         44
        210
        255
        191
          0
         97
        125
        159
          0
          0
          0
        179
        147
        145
        255
          0
        186
          0
          0
         93
          0
          0
        189
        119
        163
        148
         25
         37
        137
         70
          0
        118
          0
          0
          0
          0
          0
         99
         41
        198
        176
          0
         10
        104
        138
          0
        224
          0
        237
          0
          0
          0
          0
          0
          0
        137
        128
        197
         26
        248
          0
         45
          0
        255
          0
          0
          0
          0
         98
          0
         27
          0
          0
          0
         21
          0
          0
          0
         81
          0
          0
          0
          0
        210
          0
         87
          2
        114
          0
          0
          0
          0
         52
          0
        240
          0
        145
          0
        255
          0
         91
         66
        116
         18
         87
        129
          0
        213
          0
         57
          0
        233
          0
        104
          0
          0
          0
        102
         94
         54
          0
          0
        172
        204
          0
          8
          0
          0
          0
          0
          0
          1
          0
          0
          0
         45
          0
         18
          0
        255
        132
         37
          0
         78
          0
          0
          0
          0
          0
         80
          0
         69
        108
         19
          0
        219
         37
         53
         79
          0
          0
        127
          0
         98
          0
         50
          0
          0
          0
         93
          0
        255
        154
        118
          0
          0
         64
         88
          0
        255
        165
          8
         39
         49
        146
          0
         45
         45
          0
          0
         64
          0
          0
          0
        255
          0
          0
          0
          0
        138
          0
         26
          0
        135
        223
          0
          0
          0
          0
        111
          0
          0
        215
        157
          0
         44
          0
          0
          2
        157
        109
         89
        255
          0
          0
          0
        255
          0
          0
        144
          0
        173
          0
          0
          0
          0
          0
         30
          0
          0
         72
          0
          0
         20
        202
          0
          0
          0
          0
         38
          0
         55
         61
        109
        139
          0
          0
        154
        255
        115
          0
         49
          0
          0
        255
          0
          0
          0
          0
        105
          0
         94
         32
         77
          0
         56
         71
          0
          0
          7
          0
          0
         13
        192
          0
          0
          0
        255
        142
        194
          0
          0
          0
          0
         42
          0
        251
          0
        156
        255
         84
         85
          0
          0
          0
         39
        134
        157
        111
          0
          0
         58
          0
        168
        102
          0
          0
         81
          0
          0
         43
         12
        255
         10
        101
          0
          0
          0
          0
          0
          0
        255
          0
        142
        255
         34
        225
          0
          0
        158
        133
        120
         54
         86
          0
          0
          0
          0
          0
         36
         39
          0
          0
          0
          0
          0
          0
          1
          0
        219
        255
        108
         47
        232
         24
        129
        173
        180
          0
        128
          0
          0
        146
          0
        188
         66
          0
          0
         19
          0
          0
          0
         72
          0
        136
          0
          0
        180
          0
          0
          0
        195
          0
          0
         11
        255
        186
         28
          0
        236
        107
          0
          0
         89
          0
          0
         61
        107
          0
        152
          0
        249
         44
          0
          0
          0
        163
         75
        134
          0
         38
          0
         47
          0
        255
          0
          0
          0
        113
         15
          0
          0
          0
          0
          0
         40
        251
        115
          0
          1
          0
          0
        100
        173
        107
        152
          0
         89
         98
          0
          0
          0
          0
         62
         80
         15
          0
          0
          0
          0
        226
         75
          0
        236
          0
         35
          0
          0
        255
          0
         17
          0
         23
        131
          0
        208
         31
        196
          0
          0
          0
        122
        228
        125
          0
          0
          0
        111
        238
          6
          0
          0
        161
         49
          0
        255
          0
        174
          0
          0
        207
          0
        170
         38
          9
          0
          9
        169
          0
          0
          0
          0
          0
        132
        255
        159
          0
          0
         99
         90
        213
          0
         56
          0
        239
          0
          0
         25
         20
         82
          0
        133
        183
          0
          0
         58
          0
          0
        132
        234
         46
          0
          0
          0
          0
        114
         51
        119
          0
          0
         48
          0
          0
          0
          0
          0
          0
         51
        179
          0
          0
          0
        143
         14
        139
        129
          0
         94
          0
          0
         20
          0
          0
          0
          0
         39
          0
          0
        255
          4
          0
          6
          0
         49
          0
          0
         23
        255
        184
        153
          0
          0
        180
        156
          0
        133
          0
        130
         64
        180
          9
         46
          0
          0
         31
          0
          0
          0
          0
        200
         94
          0
          0
          0
        100
         28
        230
        122
         70
        255
          0
        137
        152
         21
        119
          0
         28
          0
         68
        123
        206
        120
          0
          0
          0
        243
        118
          0
          0
          0
         95
          0
        255
        216
          0
          0
        129
        100
          0
          0
         10
        255
          0
        105
          0
          0
          0
          0
         28
        199
        147
         45
        128
        176
        118
        234
          0
         34
          0
          0
        251
          0
         51
         58
          0
        131
          0
          4
         15
         76
         51
        154
         40
        255
        128
         95
          0
          0
          0
        108
          0
          0
        247
         39
          0
         98
        121
          0
         46
        119
          0
        173
          0
        255
        102
          0
          0
        116
          0
          0
          0
         47
         28
          0
          0
          0
        237
        106
          0
          0
          0
         14
          0
        154
          0
          0
         81
         48
         65
          0
          0
        223
         48
          0
          0
        255
         20
        193
          0
        177
         26
        150
          0
          0
        255
          3
        117
        255
          0
         72
          0
        251
          0
          0
          0
          0
          0
          0
        107
          0
          0
          0
         67
        134
          0
         16
          0
          0
          0
          0
          0
          0
          0
          0
         41
          0
          0
          0
          0
          0
          0
         65
          0
          0
        110
          0
         58
          0
          0
          0
        222
          0
          0
          0
         45
        250
          0
        185
          0
         20
          0
        185
        255
         78
          0
          0
          0
          0
          0
          0
          0
          0
         38
         16
          0
          0
          0
          0
          0
          0
          0
        126
          0
         45
          0
          0
          7
        253
         42
        167
          0
          0
          0
          0
        255
          0
          0
          0
        168
          0
          0
          0
          0
        255
          0
        142
          0
          0
          0
        118
          0
        175
        221
        158
         19
        158
          0
          0
          0
          0
         78
        176
          0
          0
        150
          0
          0
          0
          0
         90
          0
          0
          0
          0
          0
          0
         46
          0
        213
          0
        208
        102
          0
         33
        194
         80
          0
        104
        117
          0
          0
          0
          0
         22
          0
          0
         67
          0
          0
         76
          0
        100
          0
          0
        255
         12
         58
          0
          0
          0
          0
         18
          0
          0
          0
        124
        198
        119
         75
         97
         30
         66
         59
         54
          0
        116
          0
          0
          0
         72
        255
         39
         50
          0
          3
          0
        222
          0
         94
          0
          0
         67
         20
        186
        104
          0
          0
          0
        170
        102
        222
        138
          0
          0
          0
        255
          0
          0
          0
          0
          0
          0
         23
        102
         87
          0
         64
          0
          0
         79
         95
        232
          0
         59
          0
          0
          0
          0
          0
          0
        220
          0
        142
        149
          0
        236
         23
         65
          0
        126
        255
        238
        114
        179
          0
        207
          0
         24
         90
          9
          0
          0
          0
         57
          0
         66
          0
          0
          8
          0
          0
        255
        173
          0
        192
         76
          0
          0
          0
         49
          0
          0
          0
          0
          0
        210
          0
         10
          0
         36
        133
          0
          0
         66
         81
        255
          0
         82
        120
        144
          0
          0
        126
        122
        131
          0
        198
         12
          0
          0
         23
          0
          0
         46
          0
        229
          0
          0
         45
        153
          0
          0
         23
          0
          0
          0
         86
        255
          0
         68
         17
          0
          0
         67
          0
          0
          0
        159
          0
         17
          0
          8
         23
          0
         16
        194
          0
          0
         80
          0
        255
        200
          0
          0
          0
          0
          0
         19
        100
        192
        130
        147
          0
          0
          0
        177
         10
         68
          0
         94
         68
          0
          0
          0
          0
          0
        103
        150
          0
          0
         50
        144
          0
          0
          0
          0
         64
          0
        220
         34
          0
          0
         50
        151
          0
         92
          0
        150
          0
         88
          0
        153
          0
        146
          0
          0
          0
        128
          0
        110
          0
          0
          3
         54
         49
        155
          0
          0
          0
          0
          0
          0
          0
          0
         19
         41
          0
          0
          0
         63
          0
          0
        161
          0
          0
        121
          0
         71
          0
        255
          0
        125
        255
          0
          0
         44
        175
          0
        109
          0
         67
          0
          0
         80
          0
        255
          0
         46
          0
        255
        122
         61
          0
          0
         64
          0
        134
        129
          0
         77
        106
         87
          0
        142
          0
          0
         71
          0
        255
         57
          0
          0
        110
         18
        255
         85
         47
        255
          0
        139
        215
          0
          0
        169
          0
         54
         79
        146
        250
          0
         48
         43
          0
        245
          0
         69
          0
        255
          0
          0
        255
        155
          0
         22
         84
         66
        255
          0
         75
        209
          0
        145
        255
          0
        138
        128
          0
        124
        151
          0
          0
        103
          0
        137
         76
        163
          0
         37
        232
          0
         32
        215
          0
        218
         11
          9
          0
        181
        110
          0
          0
        107
          2
        110
          0
          0
        201
         89
          0
        206
          2
          0
         95
         31
          0
         16
          0
          0
          0
        136
         19
          0
          0
        184
          0
          0
         69
          0
        101
         84
        255
          0
         56
        199
          0
         11
          0
        255
          0
         28
         25
          0
        134
          0
          0
         35
          0
        110
         44
          0
         32
          0
          0
        157
          0
          0
        105
         88
          0
          0
          0
         50
          0
          0
          0
        255
         38
         65
          0
          0
          0
         34
          0
         76
        226
          0
          0
         98
          0
          0
          0
          0
          6
         45
          0
          0
         48
        217
          0
          0
          0
          0
         43
        160
        212
        127
         71
          0
         97
         99
          0
          0
          0
        137
          0
         34
          0
          0
          0
         50
          0
        149
          2
        255
          0
          5
          0
         44
        102
        195
        255
          0
         61
        150
          0
          0
        255
        153
         13
        255
          1
         41
          0
          0
         79
        103
          0
        220
        244
          0
        222
        125
          0
          0
        117
          0
          4
        104
          0
         70
         70
        199
        220
        106
          0
         35
          0
        117
          0
          9
        101
          0
          0
        108
          0
          0
        120
          0
          0
          0
         63
        130
        217
         98
          0
          0
          0
         41
          0
          0
          0
        255
          0
         41
          0
          0
         58
          0
          0
          0
        255
        107
         52
          0
          0
          0
          0
          0
          0
          0
        118
         80
        160
         70
        143
        132
          0
          0
          0
         17
          0
        103
         86
        127
        107
        175
        255
         22
          0
         56
          0
        220
         69
          4
          0
          0
          0
         82
          0
         35
         91
          0
        147
         57
        179
        130
        219
         83
          0
          0
         88
         43
         40
        183
         30
          0
          0
        192
        255
        178
          0
          0
          0
          0
          0
        153
          0
        255
          0
          3
          2
         63
          0
         26
          0
         60
         53
          0
          0
         14
          0
          0
         53
        150
          0
         43
        255
         53
         83
        196
         94
         90
          0
          0
          0
          0
        255
          0
          0
        255
        108
          2
          0
         55
          0
          0
         43
          0
          0
          0
          0
         71
          0
         30
         13
          0
         93
         80
          0
          0
          0
          0
        255
          0
          0
          0
         85
          0
        255
         10
         36
        255
          0
        134
          0
          0
          0
        118
         80
          0
        224
          0
        255
          0
          0
         14
          0
         61
         53
          0
          0
          0
          0
         45
          0
         44
          7
          0
          0
          0
         13
        162
          0
          0
        166
          0
          0
        120
          0
        111
          7
         64
          0
          0
        142
        159
          0
          0
          7
          0
          0
         86
          0
         40
         70
          0
          0
        180
          0
         35
        132
          0
        255
          0
        130
        255
        173
          0
          0
        255
         81
        183
          0
          0
        223
         26
          0
          0
         83
          0
          0
          0
          0
          0
          0
          0
         17
          0
         10
         11
          0
          0
         87
          0
          0
        104
        151
        255
         85
        158
          0
          0
         14
         81
         92
          0
        125
         22
        207
          0
          0
          0
          0
          0
          0
          0
          0
          0
         72
         59
          0
         15
         90
         27
          0
          0
          0
          0
         41
        255
         75
        153
         72
          0
          0
         83
          0
          0
          0
          0
        217
          0
          0
          0
          0
          7
          0
         62
          0
          0
        121
          0
          0
        145
         73
          0
          0
          0
          0
          0
         84
        164
        148
        149
          0
        255
         69
        181
         63
         43
        255
          0
        115
          0
          0
         32
         41
          0
         13
        198
        113
          0
          0
          1
          0
        132
          0
          0
          0
          0
          0
          0
        156
        255
         79
         84
          0
        255
          0
        155
        111
          0
        254
          0
          0
        141
        145
          0
          0
          0
          0
        187
          0
          0
          0
         41
          0
        169
          0
         85
          0
          0
          0
          0
          0
        255
          0
         43
          0
         58
        132
         98
         16
         78
         25
         62
          0
        175
          0
          0
         16
         63
         97
          0
          0
          0
         60
         81
        123
         22
        118
         35
         92
          2
          0
         28
          0
        190
        140
          0
          0
        239
