          0
        132
          0
          0
         54
          7
          0
          0
          0
         52
         58
         44
          0
          0
        117
          0
        245
         85
          0
        250
        143
        243
          0
         24
        255
          0
          0
          0
          0
         70
         31
        208
        139
          4
          0
        139
         90
        255
          0
          0
        219
          0
          0
         30
          0
          0
        161
          0
          0
          0
          0
         95
         94
          0
          0
          1
          0
          0
          0
        147
          0
         49
          0
        255
          0
          0
          0
         63
        255
        136
         27
          0
          0
          0
         26
         27
          0
          0
        135
          0
         97
        255
         94
         66
         89
          0
          0
          0
          0
         31
        171
          0
          0
         89
          0
        255
         73
          0
          0
         96
          0
        253
          0
        151
          0
          0
          0
          0
          0
          0
          0
          0
        255
          0
          0
        137
          0
          0
          0
         38
          0
         63
          0
         51
         11
          0
          0
          0
        249
         35
          0
          0
         15
          0
          0
          0
         31
          0
          0
          2
        255
          0
         69
         95
        181
        255
         27
        150
          0
        163
          0
         64
         72
          0
        139
        179
          0
        255
          0
         15
          0
         15
        255
          0
          0
          0
          0
          0
          0
        147
          0
          0
          0
         24
         70
          0
          0
        255
          0
        126
          0
          0
          0
          0
          0
         86
        174
         49
          0
        142
          2
        255
          0
        109
        255
          0
        255
        212
         48
         19
         58
          0
          0
          0
          0
          0
        100
          0
        140
          0
          0
         71
          0
          0
          0
         93
          0
         40
          0
          4
          0
          0
         93
        243
        121
          0
          0
         14
        203
          0
          0
          0
          0
          0
         46
          0
          0
          0
        181
          0
        255
         62
          0
          0
          0
          0
          0
          0
          0
          0
         82
          0
         29
          0
          0
         82
          0
         95
          0
        154
        243
          0
          0
          0
         42
        143
        152
         36
          0
          0
         31
         94
          0
        255
          0
          0
          0
        108
          0
         80
          0
          0
          0
         41
         40
        195
          0
          0
          0
          0
        255
        113
          0
        255
         77
         54
          0
        125
        155
          0
        255
          0
        104
          0
        116
         34
          0
          0
          0
         12
          0
          0
        185
          0
          0
         43
          0
        105
          0
        207
         63
          0
        255
         21
          0
          0
          0
         52
          0
         62
          0
          0
        255
        234
          0
          0
         28
        118
         60
         26
          0
         57
        142
          0
          0
        118
        118
          3
         57
        246
        133
         67
          0
          0
          0
          0
         83
        165
          0
          0
          0
          0
         21
         40
          0
          0
         81
          0
        255
        230
          0
          0
          0
          0
          0
         11
         30
        141
         82
          0
          0
          0
         25
         31
         70
         25
          0
         86
        255
          0
         93
          0
         93
        124
         60
          0
          0
          0
          0
         50
          0
         76
          0
          0
          0
         97
        120
         54
         70
          0
          0
          0
         45
          0
        108
          0
          0
          0
          0
         33
        255
          0
         69
          0
          0
         62
          0
          0
          0
          0
         37
        255
          0
         90
        157
        255
        255
          0
          0
          0
          0
          0
         14
          0
         89
          5
        196
        255
          0
        156
          0
          0
          0
          0
          0
          0
          0
          0
          0
          0
        255
        234
         90
          0
        255
          0
          0
          0
        255
          0
         65
          0
          0
          0
         97
         19
         84
          0
        194
        156
          0
          0
          0
          0
         65
          0
          0
          0
         31
        124
         74
          0
        255
         68
         46
        215
          0
          0
         92
          0
          0
          1
        110
        100
          0
          0
          2
          0
        139
          0
        135
        131
