        168
          0
         83
        129
         12
          0
        106
          0
          0
          0
         83
          0
          0
         51
          0
          0
         13
         62
          0
         77
         56
        183
          0
         28
          0
          0
          0
          0
        173
         10
        255
        249
          0
          0
          0
        178
         28
          0
          0
         55
          0
          0
          0
          0
          0
          0
        207
          0
          3
          0
          0
          0
         56
        249
        255
          0
          0
          0
         53
          0
         78
          0
          0
        221
          0
         32
         16
          0
         52
          0
          0
          0
          0
          0
          0
          0
          0
         28
          0
        141
         11
         40
        180
        113
          0
         85
          0
          0
          0
         73
          0
          0
        108
          0
          0
        113
        119
         17
         26
          2
         32
         17
          0
          0
        105
        251
          0
        121
          0
         70
        171
          0
          0
          0
         36
        209
          0
        159
          0
          0
        154
          0
         17
        137
         60
          0
         95
         50
        112
         19
         30
          0
        149
          0
          0
        255
        255
         95
          0
         54
          0
         24
          0
          0
          3
         23
          0
        212
         91
          0
        255
          0
         73
          0
          0
        213
        171
          0
         75
         33
          0
          0
          0
        142
         51
          0
         64
          0
        176
        176
        104
         23
          0
         66
        252
        198
          0
         34
          0
          0
          0
          0
          0
         54
         85
          0
        110
        255
         96
         87
         73
         24
        157
          0
          0
          0
          0
        155
          0
          0
          0
         67
          0
         80
          0
          0
        158
         74
          5
          0
         68
          0
         53
          0
          0
          0
          0
          0
        102
          0
          0
        102
          0
          0
         41
          0
         57
         57
         14
        192
          0
          0
        131
          0
         48
          6
          0
         43
         66
         79
         36
         66
          0
        176
          0
        177
          0
          0
          0
          0
          0
        169
          0
          0
          0
        210
          0
         52
         67
          0
         30
        160
         79
        103
          0
        196
         70
         50
        213
         40
          0
          0
        126
        114
          0
         13
         45
          9
          0
         68
          0
          0
          0
          0
         53
          0
          0
        203
         46
          0
          0
         25
         34
         35
          0
          0
        117
          0
          0
          0
          0
         45
          0
         68
         38
         93
          0
        129
         74
        229
        225
         15
          0
          0
          0
        183
          0
        128
          0
        158
          0
          0
          0
         53
          0
          0
          0
          0
          0
          0
         95
          0
          0
         44
         63
          0
          0
          0
         30
          4
         67
          0
          0
         33
          0
          0
          0
        192
          0
        118
        255
          0
        162
          0
          0
          0
          0
         25
          0
        255
        147
          0
          9
         50
        177
          0
          0
          0
          0
         98
          0
         62
        111
        215
        255
          0
        124
         29
        145
          0
        220
          0
          0
         26
          0
          0
         87
        126
          0
         86
          0
          0
        255
        239
          0
        115
          0
          0
          0
          0
          0
          0
          0
        160
          0
         57
          0
          0
          0
         24
          0
          0
          0
          0
          0
        183
          0
          0
         74
         54
          0
          0
         22
          0
        255
          0
         65
          0
          0
          0
        173
          0
          0
         26
          0
          0
          0
          0
        255
          0
          0
          0
          0
         75
          0
         36
          0
        255
        189
          0
          0
        198
         17
          0
          0
          0
          0
        255
        106
        144
          0
          0
        196
          0
         23
        121
          0
        124
        128
        159
        242
         45
          0
          0
          0
          0
          0
          0
        195
        112
         55
          0
         41
          0
          0
          0
          0
          0
          0
          0
         78
          0
          0
          0
          0
         95
          0
        118
        204
          0
          0
        220
          0
         97
          0
          0
          0
          0
          0
          0
          0
        229
          0
          0
         35
        173
         38
          0
        118
         49
          0
        107
         34
        104
          0
         23
        192
          0
          0
          0
          0
          0
        102
          9
        255
         36
          0
          0
        202
          0
          0
         19
          0
        226
        185
         49
          0
          0
         77
          0
          0
          0
          0
        210
          0
          0
          0
         51
          0
         61
          0
         52
          0
         19
        111
        181
        234
         71
          0
          0
          0
        255
        144
          0
        144
          0
          0
         81
          0
          0
         39
          0
          0
          0
          0
        255
          0
         31
          0
          0
        132
          0
          0
          0
          7
          0
         48
        195
          0
         70
         53
         83
         26
        132
        214
          0
        115
         28
          0
         17
          0
          0
         86
        136
          3
          0
        255
        180
         10
          0
        157
          0
        155
          0
        128
        108
         65
        134
         36
          0
        255
          0
          0
          3
        183
        172
        159
          0
          0
        131
         15
          3
          0
         22
         24
         48
         81
          0
          0
          0
          0
        138
          0
          9
          0
          0
        117
         48
         96
        196
          0
          0
          0
          0
         25
          0
         35
        185
        210
          0
          0
        156
          0
          0
         20
          0
          0
          0
         27
          0
          0
          0
        106
          0
          0
         48
        232
          0
          0
         57
         51
        167
         32
          0
          0
          0
         65
          0
        134
         87
          0
          0
          0
        201
         35
          0
          0
          0
         30
          0
          0
        255
          0
          0
          0
         87
          0
          0
         79
          0
          0
         91
         30
        123
        145
         43
        255
          5
        100
         34
          0
          0
        179
          0
          0
        243
        106
          0
         64
          0
          0
        155
          0
          0
        163
         69
         57
          0
          0
          0
          0
         56
          0
          0
        186
        132
          0
         78
          0
          0
          0
          0
          0
          0
          0
          0
          0
          0
        130
          0
         35
          0
          9
          0
        120
        254
        255
          0
         34
          0
          0
          0
        236
          0
          0
          0
          0
          0
          9
          0
        255
          4
          0
          0
        146
          0
          0
          0
          0
          0
        147
         78
          0
          0
        104
          0
          9
         99
         89
          0
          0
        135
        234
          0
          0
         59
        123
          0
        116
        148
          0
          0
          1
         65
          0
         15
          0
        189
        218
          0
          0
          0
          0
         67
          0
        112
          0
          0
          0
          0
        255
        227
        106
          0
          0
          0
         46
          0
          0
          0
          0
        135
          0
         61
          0
          0
        112
          0
          0
        150
        217
        116
          0
        181
        167
         61
          0
          0
          0
         24
          0
        255
          0
        155
          0
          0
          0
          0
          0
          0
          0
          0
          0
         35
          5
          0
        255
         36
         46
          0
          0
         30
        173
         59
          0
        206
          0
          0
          0
        228
          0
          9
          0
          0
          0
        213
          0
          0
          0
         25
          0
          3
          0
          0
          0
          0
        101
        233
        255
          0
         38
          0
          0
        199
          0
         20
         27
        255
          0
          0
          0
          0
          2
          0
          0
          0
        255
        223
         98
         92
         73
          0
          0
          0
          0
          0
         35
          0
         92
        150
        255
          0
         38
         72
          0
          0
          0
        132
          0
        255
          0
         74
         71
          0
          0
          0
          0
          0
          0
        255
          0
         41
          0
         72
          0
          0
          0
          0
        189
         69
        119
          0
          0
          0
         99
         95
        202
          0
          0
          0
          0
        246
         61
          0
         63
          0
          0
          0
          0
          0
          0
          0
         41
          0
          0
         12
          0
        251
         81
          0
         64
         59
          0
          0
          0
          0
          0
          0
          0
          0
         11
          0
         19
          0
         82
          0
         38
         95
         88
        121
          0
        255
          0
          0
         63
         39
          0
         43
          0
          0
          0
          0
          0
          0
         24
         56
        255
          1
          0
          0
          0
          0
          0
          0
        255
          0
        122
         21
          0
        216
         15
          0
          0
          0
        255
          0
          0
        124
        149
         43
        210
         80
          0
          0
         69
          0
          1
         24
          0
          0
        114
          0
        162
        101
        196
         95
         51
        176
         41
         43
         78
         30
          0
        124
          0
        255
        189
          0
        105
        111
          0
         27
        132
        133
          0
        109
          0
          0
          0
          0
        255
         67
        114
          0
          0
        139
          0
          0
          0
        191
         95
         69
         99
        204
          0
          0
         97
         56
          0
         25
          0
          0
          0
          0
        124
          0
         24
          0
          0
          0
          0
         60
         62
         13
          0
          0
          0
        215
          0
          0
          0
          0
         14
          0
          0
        199
          0
         41
          0
         73
          0
          0
          0
          0
          0
         80
        192
          0
          0
          2
          0
        210
          0
          7
        255
          0
         10
          0
        118
          0
          0
          0
          0
        227
          0
          0
         62
        180
          0
          0
          0
          0
          0
          0
          0
         79
          3
          6
          0
         13
          0
        101
          0
        154
        123
         40
         75
          0
        137
          0
        139
        225
          0
          0
         79
        207
          0
         10
        100
        174
          3
          0
          0
          0
          0
          0
          0
         71
        223
         77
         10
          0
         98
         65
        152
         22
          0
        130
        216
          0
         30
         21
        200
          0
        154
         14
          0
          0
          0
          0
          0
         26
          0
         29
         53
          0
        200
        116
         56
          5
          0
         69
          9
        186
          0
        127
        111
          0
          3
        161
          0
          0
          0
         87
          0
          0
          0
          0
          0
          0
          0
         50
         70
        252
         29
        144
        107
          0
          0
        224
          0
          0
          0
         11
        217
        248
        113
         76
          0
          0
         11
        181
        255
          0
          0
          0
        145
          0
          0
          0
          0
        165
         32
          0
          0
        128
          0
        158
          0
          0
          0
         72
          0
         27
        215
          0
        154
         27
          0
        127
          0
          0
          0
        208
        255
         49
         99
          0
         34
        217
          0
          0
          0
         18
        138
          0
         76
          0
          0
          0
          0
          0
          0
         24
         30
        124
          0
          0
        184
          0
         88
        108
          0
        192
         32
         34
        106
          3
         64
          0
          0
        110
        246
        145
        121
        198
          0
          0
          0
         19
          0
        169
          0
        255
        228
        222
         95
        110
          0
         53
        242
          0
          0
        119
          0
        181
          0
         27
          0
         66
         31
          0
          0
          0
        162
          0
          0
        226
          0
         17
         76
          0
          8
        105
          0
          0
          0
        206
          0
        138
          0
          0
         30
          0
         65
        101
          0
        160
          0
        114
        255
          0
         93
          0
          0
          0
          0
          0
          8
        157
          0
          0
         14
          0
          0
          0
         36
          0
        255
        184
          0
          0
          0
          0
        132
          0
          0
          0
          0
        104
          9
         16
        183
          0
         43
          0
          0
        151
        219
          0
          0
         62
          0
         57
          0
          0
          0
          0
          9
          0
        255
         19
         90
         22
          0
          0
        128
          0
          0
          0
        126
        193
         82
         88
        175
          5
        116
         49
         91
        210
          0
          0
          0
        211
          0
          0
         18
          0
          0
          0
          0
          0
          0
        255
         46
          0
          0
          0
          0
        177
         63
          0
         54
          0
          0
        142
        255
         78
         37
        102
        180
          7
          0
          0
          0
          0
        177
          0
          0
          0
         68
          0
          0
         60
          0
        255
          0
        144
        245
         54
        206
          0
          0
         93
          1
          0
          0
          0
        255
         23
          0
         13
         38
          0
         13
         54
          0
        201
          0
          0
         93
        194
          0
          0
          0
          0
          0
          0
          0
          0
        193
         78
        253
          0
          0
         22
          0
         43
         38
          3
          0
         77
          0
          0
          0
          0
          0
         75
          0
         25
          0
          0
          0
        206
          0
         37
          0
         29
        255
          0
         81
          0
          0
         43
          0
          0
        111
         48
          0
          0
         71
          1
          0
          0
          0
         42
         42
         42
          0
          0
        255
          0
          0
          0
         99
         29
         45
          0
          0
        255
        255
         84
          0
          0
          0
          0
         37
          0
          0
         91
          0
        181
         48
        177
        255
          0
          0
          0
        122
          0
        148
          0
          0
        156
        197
         73
          0
         91
          0
          0
          0
          0
          0
          0
          0
          0
          0
          0
          0
          0
          0
          0
          0
        180
          0
          0
        255
         15
          0
         50
         88
          0
          0
          0
          0
        209
        162
         45
          0
        151
          0
        104
         15
          0
        145
          0
          0
          0
          0
          0
        172
          0
        105
          0
        204
         98
        107
        153
        255
         16
          0
          0
          0
         64
        186
        139
          0
        161
        162
         62
          0
          0
          3
          0
          0
          0
        255
         81
         31
        127
          0
          0
        183
          0
          0
          0
         22
        104
        138
         40
          0
          0
        160
         63
          0
        220
          8
          0
        217
        103
         66
          0
          5
          0
         34
         80
         77
        163
          0
        233
         60
          0
        235
          0
          0
         47
          0
          1
          0
        184
          0
        190
          1
         96
          0
         34
          0
          0
         63
          0
          0
        192
          0
          0
          0
          0
          0
          0
         21
        255
          0
         37
          0
          0
          0
          0
          0
          0
          0
        103
          0
          0
        120
          0
        255
        103
          0
          0
        112
        100
          0
          0
          0
         70
          0
         28
          3
          0
          0
         16
          0
         96
          0
        186
          0
          5
          0
          0
          0
          0
          0
         22
          0
         45
         10
          0
        255
         51
          0
         76
          0
         39
        201
         30
          0
          0
          0
          0
          0
          0
          0
          0
          0
        255
          0
        101
          0
          0
          0
         12
          0
          0
        127
        106
         34
         47
          0
          0
          0
          0
         74
          0
        183
          0
        115
        107
          0
        218
          0
          0
          0
          0
          0
          0
          0
        255
        255
         93
          0
        141
          0
          0
          0
          0
         86
          9
          0
         29
          0
          0
          0
          0
         68
         10
          0
          0
          0
          0
         33
          0
          0
          8
          0
          0
          0
          0
         10
          0
          0
          0
          1
          0
          0
         41
          0
          0
         55
          0
         11
          0
          0
          0
          0
         67
         49
         16
          0
          0
          0
         40
          0
          0
          0
          0
          0
        227
          0
         24
          0
        255
          0
         15
          0
         17
          0
         23
          0
          0
        139
          0
        150
          9
          0
          0
          0
          0
          0
         15
         49
          0
        140
          2
          0
         31
          0
          0
          0
        129
          0
          0
          0
         44
          0
         96
         77
         92
          0
         22
          0
          0
          0
          0
        108
         20
         15
          0
          0
          0
          0
         30
         15
        110
          0
         55
          0
          0
        132
         65
         26
         46
          0
         93
          0
        255
          0
         79
         60
         48
          0
          0
          0
          0
          0
         78
        173
        104
         28
          0
        255
          0
          0
         44
          0
          0
        245
         98
         47
          0
