          0
          0
          0
          0
          0
          0
        255
        207
          0
        102
          0
          8
          0
          0
        124
          0
          0
          0
          0
          0
        255
          0
          0
          0
          0
        222
         22
        105
          0
          0
         20
          0
         71
          0
          0
        126
        102
          0
        255
          0
          0
         35
          0
          0
          0
         70
          0
         18
          0
          0
         44
          0
        255
          0
         61
         41
          0
        163
          0
        192
          0
         55
          0
        255
        201
          0
          0
          0
        195
          0
        255
          0
          0
          0
          0
          0
         64
          0
         34
          0
          0
         48
          0
         88
          0
          0
         29
          0
          0
         86
          0
        255
          0
        123
          0
          0
         61
         10
          0
        186
          0
          0
         67
        255
        110
          1
          0
          2
        255
          0
        202
          0
          0
         84
          0
          0
          0
          0
          0
        179
          0
        205
          0
          0
        186
        242
          0
          0
          0
         38
          0
         23
         87
          0
          0
        127
         16
          0
          0
          0
          0
          0
         58
          0
          0
        100
          0
          3
        255
          0
         62
          0
          0
          0
          0
        171
        255
          0
          0
          0
         58
          0
          0
        101
        175
          0
          0
        130
          0
          0
          0
          0
         61
          0
         29
          0
          0
          0
          0
        184
          0
          0
         94
          0
          0
         54
          0
        255
        156
          0
        133
          0
          0
          0
          0
          0
          0
          0
        149
        255
        107
         36
          0
          0
         51
          0
        114
          0
         12
        153
         29
          0
          0
         46
          0
          0
          0
          0
          0
        231
          0
          0
          0
          0
          0
         24
          0
          0
          0
          0
          0
        255
          0
          0
          0
          8
          0
         53
          0
         22
          0
        143
          1
          0
          0
          0
          0
         47
          0
         76
         24
        243
          0
        196
          0
          0
        143
          0
        159
         62
          0
          0
        255
        255
          0
          0
          0
          0
          0
         15
          0
          0
          0
          5
          0
          0
          0
          0
         17
        178
        140
        107
          0
         13
        255
        254
        216
        175
          0
          0
          0
          0
          0
          0
          0
          0
         37
         80
         50
         21
          0
          0
        177
          0
        196
          0
          0
          0
          0
          0
          0
        124
          0
          0
         51
          0
        255
        224
        255
         53
          0
         45
          0
        178
         46
          0
          0
          0
        131
         30
          0
          0
        108
          0
        205
          0
          0
          0
        214
        188
          0
          0
         21
        135
          0
        151
        255
          0
        111
        207
        138
         52
        169
          0
          0
        133
        206
          0
          0
        255
          0
        133
          0
          0
        255
          0
          0
          0
        170
        139
          0
          0
        255
         20
          0
        182
         64
          0
          0
          0
        255
          0
        255
        255
         31
          0
          0
          0
          0
         84
          0
          0
          0
        123
          0
          0
          0
          0
          0
        104
        154
         42
          0
          0
        214
          0
         90
         54
          0
        122
        255
          0
        139
          0
        231
          0
        130
          0
         87
          0
        115
          0
          0
         10
         13
         96
          0
          0
          0
         54
        255
        213
          0
        123
          0
         69
          0
          0
         65
         42
        246
          0
          0
          0
        255
          0
        255
          0
         21
          0
          0
          0
          0
          0
        160
          0
          0
          0
         74
          0
          0
          0
          0
          0
          0
          0
          0
          0
          0
          3
          0
         48
          0
          0
          0
        228
        166
        248
        255
         24
          0
         21
         18
        160
          0
          0
          0
         69
          0
        120
          0
          0
          0
          0
         85
          0
          0
          0
         92
          0
        172
          0
          0
          0
          0
         56
          0
          0
          0
          0
        255
          0
        195
          0
          0
        107
         18
          0
        255
        255
          0
          0
        157
         11
          0
          0
          0
          0
          0
         50
          0
        108
        255
         63
         83
          0
         57
         93
          0
        255
          0
        255
        255
         58
        222
          0
          0
          0
        187
          0
          0
          0
        152
         45
          0
          0
          0
          0
        204
          0
         14
        126
          0
          0
        255
          0
         49
          0
          0
          0
         20
          0
        252
          0
        255
          0
          0
          0
          0
        175
          0
         87
          0
        255
          0
         41
          0
          0
          0
         62
          0
          0
          0
          0
          0
        212
        255
          0
         93
        143
          0
        147
        249
          0
        200
          0
        255
        255
          0
          0
        151
        202
          0
         73
          0
          0
          0
         76
          0
          0
        255
          0
          0
        135
          0
        106
          0
          0
          0
         47
        106
         60
          0
          0
         76
        255
          0
         47
        255
          0
          0
          0
          0
          0
          0
         47
          0
          0
         86
         63
          0
          0
          0
         69
          0
        142
        128
        112
          0
          0
        255
          0
          0
         71
          0
          0
        226
          0
          0
          0
        169
          0
          0
          0
         13
          0
          0
          0
        255
         43
          0
        110
          0
         47
          0
         29
          0
         68
          0
          0
          0
          0
        255
          0
          7
          8
         10
         51
          0
          0
        206
        245
          0
          0
        143
          0
          0
          0
          0
         93
        255
        165
        129
          0
        102
         37
        167
          0
        231
          0
         75
        126
          0
          0
        255
         99
          0
         42
         93
          0
        255
          0
          0
          0
          0
          0
          0
          0
        115
         63
          0
          0
         34
          0
          0
          0
        194
          1
        255
          0
          7
        183
          0
        106
          0
          0
        108
          0
         75
          0
          0
         39
        255
          0
        182
          0
          0
          0
          0
          0
        186
          0
        240
          0
        255
        255
          0
          3
          0
          0
          0
          0
          0
          0
        199
          0
          0
        249
        255
          0
          0
          0
          0
         31
         24
         93
          0
         93
        255
          0
        196
          0
          0
         13
          0
         88
        198
          0
          0
          0
          0
          2
          0
          0
          0
          0
        226
         36
         22
        194
         38
          0
         20
        140
         69
        179
          0
        255
        255
          0
          0
          0
        150
          0
        209
          0
          0
         85
        255
          0
          0
        142
         43
         39
        145
          0
          0
          0
          0
        174
          0
          0
          0
          0
          0
        146
        119
          0
          0
          0
        188
          0
        255
          0
          0
          0
        219
         28
          0
          0
         65
          0
         74
          0
          0
          0
        255
          0
          0
          0
          4
         99
          0
         92
        114
          0
          0
        149
          0
        186
         23
          0
        255
          0
        255
          0
          0
          0
          3
          0
          0
          0
        255
          0
          0
         67
         40
          0
         59
          0
          0
          0
        206
        101
         33
        234
        255
          0
         56
         67
          0
        100
        255
        255
          0
          0
        255
          8
         65
          0
          0
          0
         99
          0
        144
          0
          0
        138
        194
          0
         41
          0
          0
          0
         63
          0
         13
        149
          0
          0
          0
         72
        209
         50
          6
          0
        156
          0
        255
         95
          0
          0
          0
          0
          0
         34
          0
          0
          0
          0
        138
         34
          0
          0
          0
          0
          0
        131
         47
         29
        255
          0
          0
        139
          0
        163
         61
          0
          0
        225
        255
          0
        153
          0
        159
        194
         55
         78
          0
        136
          0
        112
          0
         45
          0
          0
         96
        100
          0
         47
          0
        255
        247
          0
          1
          0
          0
          0
        255
        149
          0
        255
          0
          0
          0
          0
          0
        152
          0
          0
          0
        190
        143
          0
          7
         47
          0
         29
          0
          0
          0
        149
          0
        171
        255
          0
          0
        183
          0
        166
        115
          0
          0
          0
          0
         27
          0
          0
          0
          0
        255
         61
        255
          0
         30
          0
          0
          0
          0
          0
          0
        162
        131
          0
         74
        119
          0
          0
          0
        109
          0
          0
          0
        237
          0
          0
          0
        236
        157
         23
          0
          0
        254
         80
         66
          0
        133
        124
          0
          0
          0
          0
        192
          0
         83
          0
        214
          0
          0
          0
          0
        183
          0
        129
        255
          0
          0
         67
        213
          0
          0
         15
          0
          0
          0
         49
          0
          0
          0
         37
         62
          0
          0
          0
          0
          0
          0
        186
          0
          0
        255
          0
          0
        175
          0
          0
          0
          0
          0
          0
        214
         61
          0
          8
          0
          0
        255
         46
          0
          0
          0
        105
        108
          0
        206
         49
          0
          0
          0
         96
          0
         91
        255
         92
          0
        133
        128
         89
          0
        255
          0
        255
          0
         65
        154
          2
          0
          0
          0
         51
        255
          0
          0
          0
          0
          0
          0
         55
        229
          0
        123
        198
          0
          0
        255
         31
          0
        194
          0
         38
          0
         40
        237
          0
          0
          0
         53
          0
          0
          0
          0
         62
        182
          0
        182
        151
          0
          0
         42
          0
          0
         59
         22
         61
          0
         46
        255
          9
          0
        148
          0
          0
        255
          0
          0
          0
          0
          0
          0
          0
          0
          0
        255
          0
          0
         81
         43
          0
          0
          0
        255
          0
         19
         13
          0
        105
        111
          0
          0
         51
         56
          0
          0
          0
        255
          0
         72
          0
          0
         68
        113
          0
          0
          0
          0
          0
          0
        237
        108
          0
          0
          0
          0
          0
          0
        178
          0
          0
          0
          0
        255
         32
         13
        175
         95
         93
          0
          0
          0
          0
         15
          0
          0
          0
          0
          0
          0
         76
          0
          0
          0
         93
          0
          0
        161
          0
          0
          0
        149
        117
          0
        255
          5
          0
          0
        159
          0
        191
          0
          0
          0
          0
          0
          0
         25
          0
          0
          0
        236
          0
          0
          0
        160
         36
          0
          0
        182
          0
        187
        147
          0
         22
        163
          0
        255
         66
          0
        126
          0
          0
          0
          0
         18
          0
        255
         14
        160
          0
        174
        142
        255
          0
        255
        223
         39
        122
          0
          0
        183
         51
          0
          0
         72
          0
          0
          0
        255
          0
          0
        155
        111
          0
        255
        255
          0
        105
        255
        255
        100
          0
          0
          0
        251
          0
        255
        196
        117
          0
         21
          0
        148
          0
        255
          0
          0
         84
        159
        245
          0
          0
         75
        105
          0
          0
        255
        255
         82
          0
          0
        229
          0
          0
        106
          0
          0
          0
          0
          0
        115
         97
         34
          0
          0
          0
          0
        100
        152
        138
         45
          0
        255
          0
          0
          0
          0
          0
          0
        231
          0
          0
        255
          0
          0
          4
        190
         22
        119
         90
         83
          0
         30
        103
          0
          0
        184
         63
          0
        191
         68
         31
        200
          0
         23
          0
          0
        180
          0
        161
        255
        232
        254
         22
         50
        206
          0
          0
         93
        160
          2
         78
          0
          0
          0
          0
          0
          0
        255
          0
        150
        109
          0
        106
          0
          0
         87
          0
          0
          0
         24
        148
        255
          0
          0
          0
        255
          0
          0
          0
          0
          0
        115
          0
         89
        148
          0
        125
          0
          0
          0
         16
          0
          0
          0
        104
         17
          0
        255
          0
         94
        102
          0
         42
          0
        239
          0
         54
        255
          0
         14
          0
         69
          0
          0
          0
        196
        255
          0
         48
          0
          0
          0
          0
          0
          0
          0
        167
          0
        255
        255
          0
          0
         63
          0
        206
          0
          0
        255
          0
        255
          0
          1
          0
          0
          0
          0
          0
        142
        249
         22
          0
          0
         37
          0
          0
          0
          0
          0
          0
          6
          0
        255
         95
          0
          0
          0
          0
        255
        228
          0
          0
        255
          0
        144
          0
          0
          0
         36
          0
        255
        163
         86
          0
          0
          0
        255
          0
          0
          0
        226
        139
          0
          0
        255
         94
          0
         72
          0
          0
          0
          0
        237
          0
          0
          0
         50
          0
          0
          0
        173
         93
        255
          0
          0
          0
          0
          0
         64
         74
        156
         86
          0
        156
          0
        255
        255
          0
          0
         87
         46
          0
          0
         10
          0
          0
        255
          0
        104
         26
          0
        186
        114
         47
        255
         70
        165
          0
         54
          0
          0
         76
        255
          0
          0
         44
          0
          0
        144
          0
          0
         48
          0
          0
          0
          0
          0
          0
        255
          0
          0
          0
          0
          0
        227
         51
        255
        255
        155
          0
          0
          0
        143
          0
        124
          0
        105
        132
         11
          0
          0
          0
         49
         63
          0
        209
          0
        183
          0
          0
        255
        255
         27
         53
          0
         72
          0
         86
          0
          0
          0
          0
         88
          0
        212
          0
          0
          0
          0
         61
        222
        255
        233
          0
        104
          0
         43
          0
        255
          0
          0
          0
          0
         21
        228
         53
          0
          0
          0
          0
          0
         52
        102
        126
         35
          8
          0
          0
          0
          0
          0
        169
          0
          0
          0
         46
        100
          0
         60
          0
          0
        255
         18
        208
        255
          0
        104
          0
          0
          0
        255
          0
          0
         62
         79
        161
         73
          0
         55
          7
          0
        135
         98
          0
          0
         59
          0
         63
          0
        172
         32
          0
          0
        255
        217
          0
          0
          0
         63
          0
          0
        187
          0
          0
          0
         64
          0
        126
         32
         16
         92
         49
          0
          0
          0
          0
          0
          0
        119
          0
          0
        123
          2
          0
          0
        217
          0
         84
          0
        255
          0
          0
         25
          0
        167
          0
          0
          0
          0
        107
         69
         17
        101
         50
          0
        100
        226
        179
          0
          0
          0
         32
          0
        142
          0
          0
         29
        170
         25
          6
        255
        255
         71
          0
        144
          0
          0
         80
          0
          0
         13
        104
         75
          0
          0
         10
        186
          0
          0
         76
          0
        133
          0
          0
          0
         81
          0
          0
          0
        139
          0
          4
        255
        255
         86
          0
        155
          0
          0
          0
          0
          0
        185
          0
          0
         44
         66
          0
        241
         27
         50
         98
          0
          9
          0
         71
          0
        144
          0
          0
          0
          0
          0
         27
          0
          0
         87
          0
         78
          0
        255
          0
          0
          0
        164
          0
         15
         49
          0
         74
         82
         19
          0
        199
          0
          0
         17
         17
          0
        119
          0
        216
          0
          0
        140
          0
          0
          0
          0
          0
         66
          0
        149
         75
          0
        211
          6
          0
         49
          6
         72
          0
          1
         61
          0
        127
         83
          0
          2
          0
          0
          0
          0
          0
          0
          0
        159
          0
        255
          0
