          0
         10
         14
          0
        172
          0
          0
         11
          0
          0
        212
          0
          0
          0
        255
        109
          0
          0
          0
          0
        117
        255
         61
         62
         81
        107
        230
          0
        104
          0
          0
        172
          0
          0
        130
          0
          2
        222
          0
          0
          0
          0
          0
          0
        116
          0
          0
        233
          0
          0
          0
          4
          0
          0
          0
          0
        191
        135
          0
        121
         29
          0
          0
         58
          0
          0
          0
        255
          0
          0
          0
          0
         35
          0
          0
        196
         86
          0
          0
        115
          0
          0
        111
          0
          0
        255
          0
        160
        152
        206
          0
        178
          0
          0
         44
          0
          0
          0
        141
        255
          0
          0
          7
         93
          0
          0
          0
          0
          0
          0
          0
         15
          0
         27
          0
         12
          0
        238
          0
          0
          0
        151
          0
        127
          0
         13
         30
         55
          0
         57
          0
          0
          0
         58
         12
        100
          0
        173
         18
          0
          0
          0
        255
         89
          0
          0
          0
          0
          0
          0
         33
        149
        208
         82
          0
        201
          0
          0
          0
         71
          0
          0
          0
          0
          0
        250
          0
        115
        169
          0
          0
          0
          0
          0
          0
        116
          0
          0
         18
          6
          0
          0
         25
          0
         72
        157
          0
        195
         63
          0
          0
         21
          0
         77
        112
          0
          0
          0
        104
          0
          0
          0
          0
          0
         73
          0
         33
         82
          0
          0
        247
          0
          0
          0
          0
          0
          0
        125
          0
        179
          0
          0
          0
         38
         88
          0
         47
          0
        151
          0
        155
         71
         99
          0
         68
          0
         78
          0
          0
          0
          0
          0
          5
          0
        188
          0
         55
          0
         56
         71
          0
          0
          0
          0
          0
         56
         37
          0
          0
          0
          0
         96
          0
          0
          0
        111
        116
          0
          0
        238
        255
         67
          0
        102
          0
          0
          0
         11
          0
          0
        226
          0
        241
          0
        215
          0
        101
          0
         48
        204
        225
          0
        145
          0
          0
          0
         28
          0
          0
          0
          0
         33
          0
        190
          0
         44
          0
         36
         73
          0
        255
          0
         15
          0
        142
          0
         56
          0
        129
          0
         12
          0
        134
          0
          0
          0
          0
          0
         47
          0
          0
          0
         88
          0
          0
          0
          0
          0
          0
          0
          0
          0
        255
         69
         55
        255
          0
        194
          0
         60
         32
        151
          0
        209
        118
          0
          0
         52
         11
          0
          0
          0
          0
        196
          0
          0
          0
          0
         75
        191
          0
          0
          0
         34
        255
         63
         23
        131
          0
        176
        141
          0
        156
          0
          0
          0
        211
          0
         71
          0
         10
         59
          0
        156
          0
          0
          0
        240
          0
          0
          0
          0
          0
          0
        153
          0
        255
        121
          0
        255
          0
          0
        171
          0
          0
          0
          0
          0
         57
          0
         24
          0
          0
          0
        223
          0
        211
         53
        159
        243
        255
        133
          0
          0
          0
         60
         45
          0
          0
         10
          0
          0
          0
          0
        116
          0
          0
        121
        111
          0
         69
          0
          0
          0
        234
          0
         40
          0
        187
          0
          2
        209
          0
          0
          0
          0
          8
         65
         26
        217
        255
         35
          0
        226
          0
          0
          0
          0
          0
         48
          0
          0
          0
          0
          0
        137
        180
          0
        151
          0
          0
         94
          0
        186
          0
          0
          0
        110
        221
         45
          0
         10
         24
         44
          0
          0
          0
          0
          0
         68
          0
         65
          0
          0
         20
          0
        132
          0
          0
        119
          0
        255
        178
          0
          0
         65
        255
          0
          0
          0
          0
         11
          0
        150
          0
         44
        138
          0
        255
        212
          0
          0
         39
        101
          0
          0
        145
          0
         32
          0
        107
          0
          2
          0
        118
        255
          0
          0
        255
          0
        102
        118
          0
         55
          0
         10
        250
          0
          0
        255
        167
        120
         11
          0
         99
          0
        121
          0
          0
          0
        182
         25
        122
          0
          0
         49
         74
          0
          0
          0
          0
          0
        141
         23
          0
          0
        177
         42
         80
          2
          0
        255
          0
        204
          0
          0
        241
         35
         57
          0
        127
          0
          0
          0
        120
          0
         86
          0
        216
         91
          0
          0
          0
         20
        125
        187
          0
          0
          0
          0
        197
         56
          0
        255
          0
        106
         68
          0
          0
          0
         34
          0
          0
        255
          0
          0
         64
          0
        255
          0
        157
          0
          0
          0
          0
          0
         98
          0
         15
         94
          0
          0
        246
          0
          0
        255
        216
         93
          0
          0
          0
        106
          0
          3
          0
          0
         53
         54
          0
         76
          0
        239
          0
         96
         18
          0
          0
          0
        148
        100
        212
         73
          0
        196
        255
          0
         13
          0
          0
         63
          0
          0
          0
          0
         98
        155
        112
          0
        172
          0
          0
         90
          0
        255
         19
        255
          0
         44
          0
        124
         29
          0
          0
         67
          0
          0
        255
          0
          0
          0
        137
        171
          0
        189
         68
        109
         58
        160
        200
          0
        217
          0
        183
         99
        179
          0
          0
        142
          6
         96
         26
          2
          0
        173
         66
          0
          0
          0
          0
         22
          0
         34
        255
          0
          0
         23
         14
        123
          0
         34
          0
        209
          0
        154
        255
         77
          0
        255
          0
          0
          0
        255
        255
        121
         59
         47
          0
         23
          0
          0
        255
         89
          0
          0
        255
          0
          0
          0
          0
          2
          0
          0
         21
        255
        203
         42
        112
          0
          0
          0
        157
         29
        255
        107
        255
          0
         96
        171
          0
          0
          0
          0
        255
          0
          0
          0
          0
         58
          0
          0
          0
         52
         27
          0
          0
        255
         51
          0
        163
          0
        148
          0
          0
          0
          0
          0
          0
         47
        105
          0
          0
         63
          0
          0
         58
          0
          0
        255
          0
         82
          0
         14
         98
        114
         62
        179
        150
          0
        113
          0
        244
          0
          0
        136
          0
          0
         35
          0
          0
        114
        161
         54
          8
          0
          0
          0
        185
          3
          0
        255
          0
        135
        178
         69
        211
         71
        147
          0
          0
          0
         21
          0
          0
          0
          0
          0
        232
         81
         89
         25
        255
        200
        145
          0
          0
         16
          0
          0
        255
         92
          0
        255
        255
         96
          0
          0
          0
          0
          0
          0
         59
          0
        100
          0
         41
          0
        165
        255
         42
          0
          0
         35
        255
         17
        103
          0
          0
          0
          0
          0
        146
         97
          0
          0
          0
         88
         22
          0
          0
          0
          0
          0
        170
        255
        102
          0
          0
          0
         85
          0
        122
         58
          0
         52
          5
          0
          0
         64
          0
          5
          0
          0
         10
          0
         69
          0
         60
         28
          0
          0
        222
         44
         68
        129
          0
        255
          0
        172
        255
          0
        100
        255
          0
        255
         56
         86
          0
          0
          0
         82
          0
          0
        173
        255
          0
        143
          0
         68
        220
          0
          0
          0
        255
         38
          0
          0
          0
        255
          0
        236
          0
         40
          0
        167
        141
          0
          0
         39
        255
        168
        119
        247
          0
          0
          0
          0
          0
          0
          0
          0
        213
        191
        134
          0
         32
          0
        134
        115
          0
          0
        217
        240
          0
          0
        104
         11
        194
          0
          0
        107
        255
        155
        174
        102
          0
        107
         19
          0
          0
          0
          0
          0
          0
         76
          0
         39
        145
         74
          0
        115
         73
          0
        125
          0
          0
         91
          0
          0
        239
          0
          0
        163
          0
          0
         86
          0
          0
         15
          0
          0
          0
        178
          0
          0
          0
         34
          0
          0
          0
        169
         59
          0
        112
          0
         30
          0
          0
          0
         99
        255
          0
        232
          0
        239
          0
          0
         63
        118
          0
        120
        109
          0
        255
          0
          0
          0
         68
          6
          0
          0
        220
         30
          0
          0
        166
          0
        170
        156
        243
        110
          0
          0
          0
         35
        160
        159
        255
         46
        156
          0
          0
          0
        171
          0
        123
         38
          0
          0
          0
        131
         57
         64
         23
          0
          0
        146
          0
          0
        109
         58
          0
          0
          0
        223
         96
          0
          0
          3
          0
          0
          0
        136
         51
          0
         77
         67
        114
          0
          0
          0
          0
        115
          0
          0
        109
        175
         40
        115
        147
          0
          0
          0
         57
          0
          0
          0
        210
         21
          0
         26
          0
          0
          0
         63
          0
         77
          0
          0
        237
         59
          0
          0
         56
        210
          0
          0
         80
        113
         24
         84
          0
        255
         29
        214
        174
        108
        250
        255
          0
         66
          0
        209
          0
         66
          0
        135
        255
          0
          0
         15
          0
          0
         21
          0
        222
          0
        106
         29
         79
          0
         42
         34
         18
          0
          0
         21
          0
         17
          0
        255
        224
          0
         66
          0
        255
         63
          0
        185
         12
          0
          0
          0
        255
        105
         40
         47
        255
          0
          0
          0
         27
        162
        155
         45
         37
          0
        133
         32
          0
         32
          0
          5
        229
         20
          0
         12
          0
        158
         94
        146
          0
        129
          0
          0
        181
          0
          0
          0
          0
        108
          0
          0
        112
          0
          0
          0
        114
          5
          0
          0
          0
        110
          0
          0
        221
          0
          0
         38
          0
        220
         69
         24
          0
         59
          0
          0
        175
          0
          0
          0
          0
        121
          4
          0
        255
          7
         76
        151
          4
          0
         25
         36
          0
          0
        235
         96
          0
        135
          0
         69
          0
         20
         96
        120
          0
         86
          0
          0
        199
          0
          0
          0
        159
        153
          0
          0
          0
         32
          0
         66
          0
          0
         14
         32
         11
        109
          0
        255
          0
        141
          0
         16
          0
          0
         37
          5
         66
          0
        209
        117
        253
          0
          0
          0
          0
         54
          0
          0
        252
         99
         16
        182
          0
          0
        206
        255
          0
         95
          0
        165
        209
        163
         58
        151
          0
          0
        151
          0
          0
        137
          0
          0
          0
        157
          0
          0
          0
        133
          0
          0
        177
          0
          0
          0
         27
          0
        194
          0
          0
         85
        202
          0
        197
          0
          0
         86
          0
         44
         70
          0
          0
        116
          0
          0
        255
          0
          0
        255
          0
        198
          0
        106
        217
          0
        122
          0
         54
          0
         84
          0
         10
          0
        255
          0
          0
        163
         54
        255
         10
         87
          0
         37
          0
          0
        207
          0
          0
          0
          0
          0
        255
          0
          0
         20
        184
         36
          0
          0
          0
        255
          0
          0
          0
         76
          0
        167
        218
        102
          0
          0
         83
          0
         56
        217
         21
          0
        174
         22
          0
          0
        180
         54
          0
          0
        150
          0
          0
         93
          5
        173
        108
          0
          0
          0
         23
         99
          0
        142
        172
         45
        170
         86
          0
          0
        101
        195
         28
         97
          0
        140
        118
          0
          0
          0
        255
         54
          0
          0
        255
          0
          0
         36
        225
          0
         14
          0
          0
        103
        189
         44
        164
          0
          0
          0
        255
        113
         36
         75
          0
         57
         40
         38
        101
          0
          0
        255
          0
         96
          0
          0
        232
          0
        150
        144
         46
          0
        205
          0
          0
         43
        255
          0
          0
          0
          0
        175
          0
         72
        146
          0
          0
         38
         87
          0
         51
          0
          0
        240
          0
         49
          0
         93
        140
         88
          0
          0
        104
        255
        159
          0
        176
          0
          0
        255
        213
          0
        142
        164
          0
         45
        134
         38
          0
         76
          0
          0
        255
         86
          0
          0
          2
        184
          0
         37
        207
         27
          5
          0
        192
        255
         93
          0
        191
          0
          0
        173
          0
         46
          0
         55
          0
          0
          0
        130
          0
          0
          0
          0
        178
         69
          0
          0
          0
        150
        144
         56
          0
         73
         22
          0
          7
          0
        137
        112
          0
          0
          0
          0
        148
        255
          0
         47
          0
          0
          0
          0
          5
        126
          0
          0
          0
         56
          0
        113
          0
        211
          0
          0
        241
         90
          5
          0
         67
          0
        118
          0
         91
         24
        229
          0
         44
          0
         12
        186
          0
          0
         56
        116
          0
          0
         60
          0
        235
        156
          0
          0
        255
          0
          0
          0
        167
          0
        133
         15
          0
         61
         88
          0
        255
          0
          0
        113
          0
          0
         15
          0
        172
         73
        103
        159
          0
         25
          0
        128
          0
         87
          0
          0
        255
          0
        116
          0
         49
         55
         79
         62
        162
        255
        181
          0
          0
         21
         35
         71
          0
         68
          1
        255
          0
          0
          0
         24
         44
          0
          0
          0
        255
        139
          0
          0
         34
          0
          0
          9
        141
          0
          0
        200
          0
        255
        168
          0
          0
          0
         29
        197
          0
          0
        137
         33
        255
          0
          0
         59
         24
          0
         91
         38
        214
          0
        179
          0
          0
          0
        100
          0
        207
          0
          0
         71
        135
        255
         92
          0
          0
         24
          0
          4
          0
        255
        172
        170
         17
          0
          0
        200
          0
        124
          0
        245
        162
         97
          0
        178
          0
          0
          0
          0
        150
          0
         31
          0
          0
        202
          0
          0
          0
          0
         62
          0
          0
          0
          0
          0
          0
          0
          0
          0
          0
        153
        209
         68
        175
         25
          0
        151
        127
          0
        192
          0
          7
          0
        116
          0
        194
         49
          0
          0
          0
         99
        147
        144
          0
          0
        176
          0
          0
          0
          0
        199
          0
        140
          0
         66
          0
          0
          0
        215
          0
         14
         10
          0
        132
          0
          0
          0
        202
         32
          0
          0
         17
          0
          0
          0
          0
          0
        122
          0
        255
          0
          0
        194
         14
          0
        179
        170
          0
         21
          0
        187
          0
          0
          0
          0
        129
          0
          0
          0
         66
         96
         67
          0
         44
         52
        208
          0
         10
         67
         32
        137
          0
          0
          0
         70
          0
         45
          0
        255
         57
          0
          0
          0
          0
          0
          0
          0
         48
          0
