        217
         75
         24
          0
         55
        124
         91
        255
        108
        134
        255
          0
          0
          0
          0
          0
          0
          0
          0
          0
          0
        188
        215
         45
          0
          0
          0
         20
          0
          0
          0
          0
          0
         59
          0
          0
          0
          0
         33
          0
         97
         98
        255
        255
          0
        128
         49
         23
          0
        231
        255
          0
          0
          0
        100
          2
          0
          0
         69
        144
          0
          0
          0
          0
          0
         15
        119
        172
          0
          0
         13
          0
          0
          0
        255
          0
          0
         65
          0
          0
          0
         71
        109
         11
         23
        197
        116
        150
         11
         39
         71
        123
          0
          0
          0
          0
        255
          0
         76
          0
          0
          0
         37
        138
          0
        157
        255
        254
        255
        105
          0
        169
          0
         88
          0
          0
          0
          0
          4
          0
          0
          0
          0
         51
        118
         46
          0
        138
        255
         54
         49
          0
          0
          0
         66
          0
         65
         98
        255
         55
          0
        102
          0
          0
          0
         55
        255
         57
          0
         66
         95
        199
          0
         58
         22
        120
        141
         93
          0
          0
          0
          0
         69
        207
          0
          0
         93
          0
          0
        149
         76
         40
          0
         49
          4
        192
          0
        248
          0
          0
          0
         52
         85
          0
         15
          0
         14
         13
         16
          0
          0
          0
          0
          0
         11
          0
        156
          0
         66
          0
          0
        126
        255
          0
         50
         61
          0
         19
          0
          0
        169
         29
          0
          0
         66
          0
          0
         34
        154
        166
         84
        100
          0
        145
        255
          0
          0
          0
          0
          0
          0
          0
          0
        121
        255
        255
        123
        100
         54
          1
          0
          0
        255
         20
          0
         97
          0
          0
         15
        159
         97
          0
        152
          0
          0
          0
          0
          0
          0
        213
        229
          0
          5
        255
          0
         56
        255
          0
          0
          0
          0
          0
         56
          0
         71
          0
        157
        185
        142
         54
         67
          0
          0
          0
        159
        124
          0
          0
          2
          0
          0
        173
          0
        144
          0
        255
          0
         52
          0
          0
         71
         31
         86
          0
          0
         57
        255
          0
         19
          0
        160
        156
        171
          0
        187
        125
          0
        145
         54
          0
          0
        105
        161
         82
        178
        222
          0
         90
         37
         47
          0
          0
         19
        109
          0
          0
        228
        121
        255
          0
         75
          0
          0
          0
          0
          0
        130
          0
          0
         27
         61
         64
          0
          0
          0
         19
          0
        153
          0
         14
         22
         92
          0
          0
         34
          0
          0
        218
        255
        209
        255
         48
          0
          0
        195
          0
          2
        255
          0
          0
         37
          0
         80
          1
          0
        110
          0
        159
          0
         84
          0
          0
          0
          0
          0
        210
          0
          0
          0
          0
          0
        161
          0
          0
         22
        172
        198
          0
          0
        255
          3
         53
          0
         28
          0
          0
          0
          0
        107
         38
          0
        203
         13
        104
          0
        173
        255
          0
          0
         63
          0
         46
          6
          0
          0
          0
          0
          0
          0
          0
          0
        218
        119
        125
         79
          0
         56
          0
        124
          0
         25
        117
          0
          0
          0
          0
          0
         77
        255
          0
          0
         10
          0
          1
        200
          0
          0
          0
          0
        199
          0
        199
          0
        255
         94
         83
          0
          0
         75
        160
          0
          0
        159
        211
          0
         28
        111
          0
          6
         97
          0
        161
          0
         92
         37
          6
         28
         27
          0
          0
          0
          0
        136
          0
         19
          0
         95
         32
         90
          0
        142
          5
          0
          0
        155
        186
          0
         28
          0
        229
          0
          0
        255
         26
         81
          0
         52
          0
          0
          0
        255
          0
          6
          0
        189
         83
         53
         70
        125
          0
          0
          0
         97
         16
          0
          0
          0
        115
          0
         54
        106
        255
        125
          0
          0
        133
          0
         71
          0
          0
        255
          9
          0
          9
        107
          0
          0
        167
          0
          0
        146
         68
          0
        128
          0
         38
          0
         33
          0
          0
          0
         20
          0
          0
          0
         68
          0
        231
          0
          0
          0
          0
          0
        113
          0
        185
         39
          0
          0
          0
          0
          0
          0
          0
          0
        119
          0
          0
          0
          0
        118
         15
          0
         48
          0
        196
          0
          0
          0
        182
        149
        173
          3
        146
        130
        175
          0
          0
        182
          0
          0
          0
         60
          2
          0
         17
          8
         59
          0
          0
          0
         29
        110
          9
        201
        146
         41
         94
          0
          7
        255
          0
          0
         15
         27
         67
          0
        196
          0
          0
         79
        112
          0
          0
          0
          0
        141
         86
         61
          0
          0
         15
        212
          0
          0
          0
         13
          0
         52
         25
          0
         98
          0
          0
          0
         86
         52
        107
        103
          0
        255
          0
         17
          0
        113
        255
          0
          0
        134
         56
         76
        122
          0
          0
        219
          0
          0
          8
          0
        251
          0
        160
          0
         69
          0
          0
          0
         53
          0
          0
        255
          0
          0
          0
          0
          0
          0
        208
          0
        255
        200
          0
          0
         71
          0
          0
        255
         25
          0
        173
        115
          1
        120
        156
         41
          0
        255
        184
          0
        131
         69
         26
          0
          0
        229
         94
          0
        133
          0
          0
         44
          0
          0
        142
         23
          0
          0
         56
          0
          0
          0
          0
         58
          0
          0
        201
          0
          9
          0
          0
        145
        172
         30
          0
        242
          0
          0
          0
        153
          0
          0
          0
         46
          0
         57
          0
        175
         41
          9
          0
         45
         19
        140
        163
          0
         94
          0
         65
          0
          0
          0
          0
        216
         46
         50
        136
         76
          0
          0
          0
          0
         19
          0
          0
          0
         29
         27
          0
        197
        169
         35
         35
          0
          0
        113
        118
        159
         53
          0
        121
         91
         49
        255
          0
          0
        130
         10
        121
        144
          0
        213
          0
          0
          0
          0
          0
          0
          0
          0
          0
         26
         45
          0
          0
          0
         17
          4
          0
          0
          0
         16
        212
         67
         50
          0
          0
          0
          0
          0
          0
         20
         42
          0
        144
          0
         17
          0
        231
        170
        255
          0
         67
          0
          0
          0
          0
          0
          0
          0
          0
          0
         62
         59
        139
         94
        123
          0
          0
          0
          0
          0
          8
        226
        130
          0
          0
        119
          0
        114
          0
          0
          0
         13
         90
          0
          0
          0
          0
          0
         39
          0
          0
          0
          0
         78
        150
        112
          0
          0
        195
         23
         96
          8
          0
        164
          0
          0
         71
          0
          0
        185
          0
          0
          3
          0
          0
        162
          0
          0
          0
          0
          2
          0
         34
          0
          0
         25
         34
         83
         51
        255
          0
          0
         76
         75
          0
         87
          0
          0
          0
         16
          0
        197
          0
          0
          0
          9
          0
          0
         53
          0
          0
          0
         61
          8
        142
         62
         53
          0
        255
          0
         82
        255
          0
          0
        128
          0
        144
         12
          0
        254
          0
          0
          0
         70
        129
          0
          0
         43
          0
        171
          3
         13
        127
        255
         17
        143
        128
        105
          0
          0
          0
          0
          3
          0
          0
          0
        148
          0
          0
        156
        102
          0
          0
         44
          0
          0
          0
         43
          0
        160
        169
          0
          0
          0
          0
          0
          0
          0
         39
        235
          0
         25
         27
          0
        129
          0
        117
          0
          0
         10
          0
          0
        127
          0
         11
        118
          0
          0
          0
          0
          0
          0
         11
          0
          0
         87
        159
          0
         55
        158
        110
          0
        111
          0
          0
          0
          0
        255
        223
          0
         94
          0
        192
        168
          0
        255
          0
        133
        118
          0
          0
          0
          0
          0
          0
         35
         17
         48
        120
          0
          0
         48
         60
          0
        172
         38
          0
        126
        118
          0
         49
          0
          0
          0
          0
         41
        230
          0
          0
          0
         54
         85
          0
        150
          0
        118
         67
          0
        108
        108
        113
        255
          0
          0
         34
          0
          0
          0
          0
         46
        166
          0
         66
        154
          0
          0
        128
        220
        212
          0
         47
          0
          0
        193
          0
        151
          0
         32
         93
         70
        175
        179
        143
          0
         30
          0
         32
          0
          0
         98
        230
          0
         27
          0
          0
          0
         78
          0
          0
         13
         34
        255
          0
          0
          0
        101
          0
          0
        255
          0
          0
         61
          0
        154
          0
          0
         27
          0
          8
        165
        182
         38
          0
        126
         19
        255
          0
          0
         15
          0
          0
         50
        138
        255
          0
         91
          0
         70
         75
          0
        255
         21
          0
          0
        140
        127
         11
          0
         39
          0
        173
          0
         36
          0
        255
          0
        102
        255
          0
         40
         12
          0
          0
          0
         94
          0
         30
          0
          0
        167
        199
         18
          0
         66
          0
        147
          0
         97
         60
          0
         55
        166
        137
          0
          0
          5
        237
        155
        133
        255
          0
          0
          0
          0
          7
         72
         35
          0
        186
        122
          0
          0
          0
          8
        255
          0
          0
        214
          2
          0
          0
          0
         44
          0
         34
          4
         55
        118
        245
          0
         43
        255
         94
          2
        114
         22
         25
        115
          0
        255
          0
         79
          0
          0
          0
        137
          0
          0
          8
        172
          0
          0
          0
          0
         66
          0
         61
          0
         41
         19
        232
          0
         94
        255
          0
         80
        135
         18
        166
        182
        122
        255
         16
         51
        142
          0
        198
          0
        255
          0
          4
          0
        169
          0
        157
        255
          0
         13
         17
          0
        162
         77
          4
          0
         92
        255
          0
        241
          0
          0
          0
         65
          0
        255
        142
          0
          0
          0
        255
          0
        255
        135
         89
          0
          0
          0
          0
          0
         73
          0
         82
          0
          0
          0
          0
          0
         32
          0
        101
          0
         15
         41
          0
         37
          0
          0
          0
          0
          0
        134
          0
        156
          0
          0
        139
          0
          0
         63
          0
          0
          0
          0
         39
          0
          0
         28
          0
          0
        116
          0
          0
          0
        160
          0
        155
          4
          0
          0
          0
          0
          0
         21
          0
          0
         38
          0
         11
          0
          0
          0
         68
          0
        111
        108
        167
        250
          0
         36
          6
          0
         36
        255
        255
         23
         85
          0
         91
         16
         82
        255
          0
          0
         88
         31
          0
          0
          0
         26
          0
          0
         72
        142
         60
          0
          0
         33
          0
        216
         94
          0
        255
        131
          8
        255
          0
        106
         82
         82
          0
          0
         87
         77
         50
          0
        106
         46
        231
         12
          6
        158
          0
          0
          0
         36
          0
        255
         98
          0
        220
        163
          0
          0
        255
          0
        130
          0
          0
         55
          0
          0
          0
        255
         10
        255
        142
        125
          0
          0
        100
         48
        255
          0
          0
          0
          0
          0
        158
          0
          0
         62
          0
          0
        250
         51
          0
          0
        106
          0
          0
         14
        173
          0
        197
         68
         62
          0
          0
         72
         29
        123
          0
        162
        215
          0
          7
        189
        160
          4
          0
        255
          0
          0
          0
         27
        251
         18
         13
         14
          0
        255
         49
         73
        119
          5
        139
          0
         96
          0
          3
          0
          0
          0
         37
        142
        255
          0
         44
          0
          0
        167
         20
          0
         66
          0
         34
          0
          0
         43
        132
          9
          0
        255
          2
          0
        134
          0
         58
          0
          0
        255
          8
          0
          0
        216
          0
          0
          0
         89
         28
        103
          0
        145
         59
          0
          0
         95
        134
          0
          0
        105
        255
          0
         60
          0
          0
          0
        166
         80
        235
         59
        202
          0
        159
          0
          0
         54
          0
        142
          0
        120
        156
         37
          0
         41
          0
          0
          0
          0
        138
          0
        242
         69
          0
          0
          0
        255
        255
          0
        124
         37
        105
        203
          0
        158
        121
         16
          0
        139
          0
          0
          0
         60
         41
          0
          0
          0
          7
          0
         97
        150
        172
          0
         59
         64
          0
          0
         21
        255
         10
          0
          0
         31
         37
        255
        234
          0
          0
          0
        130
          0
          0
          0
          0
         51
          0
          0
          0
          0
         15
          0
          0
         18
          0
          0
          0
          2
          0
          0
         64
        255
        255
          2
          0
          0
          0
          0
          0
          0
          0
          0
        112
          0
        239
        137
         48
        132
          6
          0
          0
          0
          4
          0
         47
          0
        234
          0
          0
         62
          0
        112
        161
          0
          0
         64
          0
          0
          0
          0
          0
          0
          0
        154
          0
          5
        122
        133
        255
          0
          0
          0
          0
          0
          0
          0
          0
          0
         20
        232
          0
         95
        181
          0
        143
          0
        255
         92
          0
          0
         52
          0
          0
          0
        187
          0
          0
         87
          0
          0
         94
          0
          0
        205
          0
          0
         65
          0
          0
        112
         67
          0
          0
        114
        174
          0
         70
          0
        222
          0
        161
          0
         49
          0
          0
          0
          0
          0
          0
          0
          0
          0
          0
          0
        140
          0
         85
          0
        157
          5
         33
          0
         42
          0
          0
        127
        244
          0
        127
        255
          0
          1
        169
         22
          0
          0
          0
        255
          0
          0
          0
          0
          0
          0
        157
         43
          0
          0
        135
        161
         74
        224
          0
        159
        123
        217
         24
          0
        255
          0
        103
        255
         66
        147
          0
         15
          0
          0
          0
        255
          0
          0
          0
        108
          0
        162
        255
          0
          0
          0
         80
        110
        145
        255
          0
        146
        201
        190
          0
          0
          0
          0
         98
        255
         60
          0
          0
          0
        209
        218
          0
          0
          0
          0
          0
        122
          0
          0
        255
        129
          0
        196
         37
          0
         38
        178
          0
          0
          0
          0
        234
          0
        182
          0
         87
        255
          0
          0
          0
          2
         58
        255
          0
        255
        143
          0
         67
          0
        255
          0
        255
          0
        161
        204
         12
        162
          7
          0
          0
        130
          0
         91
        159
         29
         99
          0
        143
        255
        157
          0
          0
         16
          0
         87
          0
          0
        185
         11
          0
        201
          0
          0
          0
         46
         83
         45
        144
        140
          0
