          0
          0
          0
        197
          0
        255
          0
         32
          0
         71
          0
         22
         19
        197
          0
          3
        142
          0
         88
         61
        219
        161
        229
          0
        136
          0
          0
        255
          0
          0
         30
          0
          0
          0
          0
        255
          0
        255
        180
          0
          0
          0
        255
          0
          0
        119
         28
          0
          0
         83
        213
          0
          0
          0
        255
          0
          0
         77
          0
        156
          0
          0
          0
          0
          0
         87
          0
        255
          0
        255
         61
          0
          0
          0
          0
         71
          0
          0
        118
         57
          0
        255
        185
         11
          0
         82
          0
        128
          0
         80
          0
        255
        143
          0
          0
          0
          0
          0
          0
        255
        151
        255
          0
        255
          0
          0
        255
         93
          0
          0
        189
         21
          0
          0
        204
         35
          0
        255
        255
        135
          0
          0
          0
        255
          0
          0
          0
         45
          0
          0
          0
         21
          0
        255
          0
          0
          0
          0
        255
          0
          0
          0
          0
          1
        137
        255
        219
          0
          0
          0
          0
        112
        133
          0
          0
         64
          0
          0
          0
         50
          0
          0
          0
        156
          0
        255
        209
          9
        255
          0
          0
          0
         98
        155
          0
          0
         24
          0
         49
          9
        147
        123
        143
        115
          0
          0
          0
        244
          0
          0
          0
          0
          0
          0
          0
          0
          0
        227
        172
          0
          0
          0
        137
          0
          0
        120
        171
          0
        107
          0
          0
          2
          0
        141
        112
         62
        125
        102
          0
         83
          0
          0
          0
          0
          0
        255
          0
          0
          0
          0
          0
          0
          0
          0
          0
          0
          0
         95
        171
          0
         32
         73
         77
          0
          0
          0
          0
          0
          0
         47
          0
          0
          0
          0
          0
          0
        245
          0
          0
          0
         60
          0
          0
          0
          7
          0
          0
        255
        170
          1
          0
          0
        149
          0
          0
        130
        156
          0
        226
        103
          0
          0
          0
        255
          0
          0
        147
          0
          0
        255
        255
        161
          2
        255
          0
          0
          0
          4
        114
          0
          0
        203
          0
          0
          0
        201
          0
        173
          0
          0
          0
         23
          0
         94
        255
         90
          0
          0
          0
          0
          0
          0
        255
        255
          0
          0
          0
         11
         87
          2
          0
          0
          0
        210
          0
         45
         82
        255
          0
         21
          0
          2
          0
          0
         36
         78
         29
         74
         19
        253
         20
          0
          0
        255
          0
          0
          0
        255
        185
          0
          0
          0
        130
          0
        102
          0
          0
         11
         85
          0
         24
          0
         52
        204
        255
          0
         65
          0
          0
        172
          0
        244
          0
          0
          0
          0
         62
        255
          0
        255
         76
          0
         49
         47
        255
          0
        149
          0
         33
         85
          0
         41
          0
          0
          0
        208
        255
          0
        101
          0
        110
        255
        143
          0
          0
          0
        255
          0
        196
        255
          0
          0
          0
          0
        211
        111
        181
          2
          0
          0
          0
          0
        177
          0
          0
          0
          0
          0
        236
          0
         71
          0
        255
        255
         50
          0
          1
          0
        115
        255
          0
        255
         37
          0
         16
        103
          5
        137
        255
        136
        142
          0
          0
        117
          0
          0
        180
          0
        255
          0
        255
          0
          0
         82
          0
        255
          0
        255
          0
         13
        158
        255
        255
        255
        155
        112
         15
          0
          0
          0
          0
          0
          0
         71
          0
          0
          0
        255
          0
          0
          0
         65
          0
          0
         75
          0
          0
          0
          0
          0
          0
         55
        255
          0
        136
        140
        103
        251
          0
          0
          0
        148
        255
        255
         32
          0
          0
          0
          0
          0
          0
         80
        178
        177
        255
        138
          0
          0
          0
        118
          0
         40
        224
          0
        182
        137
        197
        200
          0
        255
        170
        103
          0
          0
         41
          0
          0
          0
          0
          4
        136
          0
          0
        133
        255
          0
        255
         81
         76
          0
        255
        255
          4
          0
         22
          0
        255
          0
        255
         38
          0
        255
          7
          0
         73
          0
          0
          0
         63
          0
          0
          0
          0
        161
          0
          0
        255
          0
          0
          0
          0
          9
        255
          0
          0
          0
          0
          0
         23
        112
        245
        147
          0
        157
         39
         47
          0
         38
         69
          0
        163
          0
          0
        112
          0
        203
         46
          0
          0
          0
         36
         11
          0
          0
        255
         33
         58
          0
          0
          0
        203
          0
        255
        239
         11
         37
         75
          0
          0
          0
        255
        102
        109
          0
          0
        134
          0
        255
        135
        154
          0
          0
        235
          0
          0
          0
         62
          0
         24
          0
          1
          0
         64
          0
        173
        255
          0
        255
          0
          0
          0
          0
          0
        255
         23
          0
          0
        121
          0
        226
          0
        167
         69
          0
        255
          0
         40
        114
          0
          0
         67
        255
          0
          0
        122
         41
        185
          0
          0
          0
          0
          0
        255
          0
         37
          0
          0
         48
          0
        104
          0
        255
         41
          0
          0
        255
          0
        122
          0
          0
        112
        222
          0
        255
          0
          0
        118
        255
         71
        255
          0
          0
         57
          0
          0
          0
          0
          0
          0
        170
         38
         23
          0
          0
        139
          0
          0
          0
        162
          0
        129
          0
          0
          0
        165
          0
          0
         37
          0
        230
         11
          0
         64
        255
          0
          0
        200
          0
          0
          0
          0
         82
         38
          0
          0
         64
          0
         16
        255
          0
        255
         42
          0
          0
        255
        255
          0
          0
         94
          0
          0
        255
         29
        255
          0
        255
         41
          0
          0
         41
        255
        157
        163
         34
          0
          0
          0
          0
          0
          0
          0
        232
          0
          0
          0
          0
          0
          8
         54
          0
         34
          0
          0
        255
         46
          0
         11
        255
         96
        255
          0
         17
        116
        123
          0
         37
        191
         71
          0
        255
          0
          0
          1
          0
          0
        135
          0
         61
        255
          0
          0
         36
          0
          0
          0
          0
        255
        145
          0
          0
          0
          0
          0
         52
          0
          0
        110
          0
        201
         68
        134
        255
          0
          2
        255
          0
        255
        123
          0
          0
          0
          0
        202
          0
          0
          0
         43
         43
        255
          0
          0
        255
          0
          0
          0
        108
          0
         82
        154
          0
         24
          0
         82
          0
          0
          0
        255
         98
          0
          0
          0
          0
         12
          0
          0
          0
          0
          0
        149
        125
          0
        255
          0
          0
        224
          0
        195
         60
         81
          0
          0
          0
          0
          0
          0
        189
          0
          0
         13
          0
        211
        116
          0
        169
         10
          0
          0
        255
        105
          0
        255
          0
        255
          0
         27
        255
          0
        152
          0
        108
        185
         13
        166
          0
        115
        107
          6
        139
         73
          0
        255
        138
        255
          8
          0
          0
         75
          0
         36
        255
         53
          0
        255
          0
          0
        255
          0
          0
          0
          0
        255
          0
          0
          0
         10
         62
        121
         53
         16
        255
        118
          0
          0
          0
          0
          0
        111
          0
          0
          0
          0
          0
        216
          3
        129
          0
        255
          0
          0
          4
          0
          0
         41
          0
        255
          0
          0
          0
          0
          0
          0
          0
          0
        126
        246
         38
          0
         48
          0
          0
          0
        255
          0
          0
        198
          0
          0
          0
         53
          0
          2
          0
         86
        228
          0
          0
        255
         15
          0
          0
          0
          0
         49
          0
        198
        156
          0
        101
         31
          0
         56
          0
          0
          0
          0
          0
         32
          0
        176
        105
        144
        255
          8
          0
        234
          0
          0
         38
          0
        121
        161
          0
         93
         55
         22
         41
         27
          0
          0
          0
          0
         35
          3
        164
         90
          0
          0
          0
        116
          0
        242
        111
          0
        106
         81
          0
         95
          0
          0
         97
          0
        189
        100
          0
          0
         40
          0
        191
        165
          0
          0
          0
          0
         40
         22
          0
         98
          0
          0
          0
          0
          0
        255
          0
          0
        199
          0
        255
         16
        255
         68
         55
        137
        205
          0
         63
          0
          0
          0
        101
          0
          0
        255
          0
          0
         89
         25
         15
        255
          0
         24
          0
        203
          0
        137
          0
          0
        149
          0
          0
         65
          0
          0
        143
          0
          0
        176
          0
          0
          0
          0
        255
          0
          0
          0
          0
        255
         66
          0
        169
        255
        165
          0
          0
          0
         51
        255
          0
          6
        255
          0
        255
         19
          0
        153
         71
          0
        114
        161
          0
          0
         50
        113
         89
        224
          0
        255
        138
          0
        137
          0
         12
        135
        147
         67
        113
         40
          0
        255
        220
          0
        255
          0
        255
          0
        217
          0
          0
          0
          0
          0
          0
          0
          6
          0
        255
          0
        153
          0
        187
          0
          0
         18
          0
          0
          0
         28
        255
          0
         86
        152
         33
        255
          0
          7
          0
          0
        102
          0
          0
        255
        222
          0
        199
         14
          0
          0
         24
          0
        156
         78
        181
        255
         60
          0
          0
          0
          0
          0
          0
        100
         23
        255
          0
          0
          0
          0
          0
          0
          0
         13
          0
          0
          0
          0
        197
        126
          0
          3
        113
          0
          0
          0
        170
          0
         70
          0
          0
        154
          0
         61
         45
         38
          0
          0
        229
        102
        255
         43
        255
         45
          0
          0
         79
        255
         17
        163
          0
          3
         20
          0
          0
         15
        134
          4
          0
          0
         88
         10
        157
          0
         89
          0
          0
          0
          0
          0
         76
        255
        171
         49
        255
        186
          0
          0
         58
        104
        139
          0
         25
          0
         90
         42
          0
         25
          0
        255
         67
        164
         89
          0
          0
        255
         48
         75
          0
          0
          0
        252
          0
        102
        255
         44
        255
         43
         55
          0
          0
          0
         34
         89
          0
          0
          0
          9
          0
         23
          0
          0
          0
        162
          0
         62
         51
          0
         51
          0
          0
         26
          0
          0
        125
          0
         99
          0
        255
          0
          0
        255
         58
        255
        187
          0
          0
          0
          0
          0
        255
          0
          0
          0
          0
        255
        135
        172
          0
          0
        219
         23
          0
          0
          0
          0
          0
        255
        255
        101
        162
        255
          0
          0
        143
          0
          0
          0
          0
          0
         62
        148
          0
        198
         97
        255
          0
        255
          0
          0
         56
        183
         42
          0
        185
         43
          0
          0
        255
        255
         22
          0
        255
         43
          0
         65
          0
          0
          0
          0
         23
         24
          0
        164
        226
          0
          0
          0
        107
        255
          1
          0
         14
          7
          0
          0
        255
          0
          9
        187
          0
        255
        129
         43
         86
          0
         23
          4
          0
          0
          0
          0
        139
        158
          0
          0
         63
          0
        148
        145
        204
        255
         76
         36
          0
          5
        255
          0
          0
          0
          0
        111
          8
        255
        255
          0
        186
         73
         22
          0
         94
          0
        255
        142
         67
          0
         54
          0
        216
        194
          0
          0
         31
        255
         93
        121
          0
          0
        255
          0
        255
          0
          0
          0
          0
         92
          0
          0
          0
          0
          0
          0
          0
          0
         36
          0
         32
        190
         24
         52
          0
        185
          0
          0
          0
          0
         87
         36
         81
          0
          0
        189
          0
          0
         18
        137
          0
          0
          0
          0
        177
          0
        255
          0
          0
          0
          0
          0
          0
          0
         57
          0
        218
          0
          0
          0
          0
         97
         94
          0
         12
          0
          0
          0
          0
          0
        137
          0
          1
        255
          0
          0
        255
        202
          0
         23
         81
        255
          0
          0
          3
          0
          0
          0
          0
          0
          0
          0
          0
        255
         78
        111
          0
        255
        100
          0
          0
          0
         80
        199
          0
          0
        255
        109
        255
          0
          0
          0
        123
         51
        255
        133
         22
         89
          0
          0
        144
         48
          8
          0
        186
        255
         62
         18
         42
          0
          0
          0
        255
          0
          0
        255
          0
        125
          0
         25
        255
        179
         67
        255
        151
          0
        239
          0
         80
          0
        110
          0
          0
         51
          0
          0
          0
          0
          0
          0
         33
        119
         84
          0
          0
          0
          0
        255
          0
        255
        225
         27
        255
          0
          0
          8
          0
         57
          0
         38
        114
        130
         23
          0
          0
         42
        178
          0
        146
        126
          0
          1
         75
          0
          0
        124
          0
          0
          0
          0
        151
          0
          0
          0
          0
          0
         39
          0
          0
          0
          0
          0
          0
          0
          0
          0
         11
        143
         66
        243
         83
          0
        110
          0
         36
        255
          0
          0
          9
        201
          0
          0
          0
         70
        255
         67
        255
          0
          0
        255
         33
          0
         17
          0
          0
          0
         67
          0
        181
        105
          7
         59
        173
         12
         85
         47
          0
        255
          0
         16
          0
          0
        161
          0
          0
        161
          0
          0
        155
          0
         84
          0
         67
          0
        122
          0
          0
          0
         74
          0
          0
          0
          0
          0
          0
          0
          0
        107
         12
          0
          0
        118
          0
          0
        129
          0
          0
        255
        255
          0
        255
          0
          0
          0
          0
          0
          0
          0
          0
          0
         84
          0
        194
          0
          0
          0
          0
         90
          0
         35
        157
          0
          0
         10
          0
          0
         72
          0
          0
        255
        255
          0
        255
         41
         59
          0
         95
        255
          0
          8
          0
          6
          0
          0
         90
          0
          0
         45
          0
          0
         83
         24
        129
        255
          0
          0
          0
         41
        135
          0
          0
        255
        255
          0
          0
          0
        210
          0
        101
          0
          0
          0
        114
          0
          0
         10
        255
          0
          0
          0
          0
        255
          0
          0
         83
        255
          0
          6
          0
          0
        110
          0
          0
         18
        255
          0
        255
          0
         29
          0
        100
          0
          0
          0
        178
          0
         97
          0
          0
          0
          0
         88
        207
          0
         35
          0
          0
        255
          0
         55
          0
          0
          0
          0
          0
          0
          0
          0
        255
          0
        110
          0
          0
          0
         63
          0
          0
          0
         92
          0
        255
          0
          0
          0
        128
         65
          0
         71
        174
          0
          0
          0
        255
          0
          0
