          0
          0
          0
          0
        155
          0
        195
          0
         56
          0
        138
          0
        137
          0
          0
        243
          0
          0
        201
          0
        255
        155
        255
          0
         38
         42
        254
        157
          0
        255
          2
          0
          9
          0
          0
          0
          0
        117
          0
        154
        131
         86
          0
        110
          0
        189
          0
         84
        165
         42
          0
          0
        151
         43
         47
          0
         76
          0
          0
         29
         20
        255
         80
        112
          0
         41
         27
          0
        150
          0
          0
        177
         75
          0
         23
        161
          0
        205
          0
          0
        185
        121
         61
          0
        255
        179
          0
          0
         58
         20
          0
          0
         54
          0
         67
          0
         29
          0
         18
         41
        185
         25
          0
          0
         92
          0
         73
          0
         92
        255
          0
          0
        146
        255
          0
          0
        176
          0
        223
        174
         34
        140
          0
        239
         22
        122
          0
          0
          0
          0
          0
        190
        183
          0
          0
          0
        140
          0
        114
        255
        180
        255
          0
         57
         93
        232
        255
          0
         37
        139
        255
          0
         47
          0
          0
          0
          0
          0
          0
        103
        149
          0
         81
          0
          0
          0
          0
        235
        138
         83
        128
        200
          0
          0
          0
        121
        105
        255
        104
        119
        202
        238
        255
          0
         28
          0
         95
        234
          0
        255
         56
          0
        200
          0
          0
          0
         73
         19
         10
        243
          0
         94
          0
         91
          0
        103
          0
          0
        160
          0
          0
          0
          0
          0
          0
         46
         41
          0
        255
        184
        126
          0
         83
        117
          0
        103
        131
          0
          9
          0
         94
          0
        137
          0
          2
          0
        151
        179
         85
          0
        153
        165
          0
          0
        255
          0
          0
          0
          0
          7
          0
         43
        232
          0
          0
         82
          0
          0
          0
          0
        216
         36
          0
         33
        140
        103
         68
        255
          0
          0
          0
        112
         15
          0
          2
          6
        182
        226
        255
          0
         44
          0
          0
          0
          0
         16
          0
         15
        184
          0
         20
        121
        166
         35
          0
          0
          0
         29
        150
          0
          0
        140
         64
         46
          0
        174
         69
        113
        174
          0
          0
        236
         44
          9
         30
        165
         60
          0
          0
          0
          0
          0
         70
          0
        124
          0
          0
        219
          0
          0
          0
        197
          0
        255
          0
         44
         51
          0
        144
          0
        132
        198
         21
         41
          0
        167
          0
        186
          0
          0
          0
          0
          0
         12
         83
          0
         43
          0
        207
          0
        156
          0
         23
          0
        176
        255
          0
          0
        134
          0
          0
          0
          0
         44
        188
          0
          0
          0
          8
         60
        203
          0
          0
          0
        114
         90
        131
          0
        129
        103
        125
          0
         52
         90
          0
          0
          0
          0
          0
          0
         10
          0
        169
         41
        255
        255
          0
          0
          0
         63
         67
        155
          0
         54
          0
          0
          0
         72
          0
         31
         54
          0
        203
        235
         69
          0
        168
         72
         70
          0
          0
          0
          0
          0
        155
         69
          0
          0
         31
         13
         66
         32
          0
         24
          6
          0
          0
        125
        252
          0
          0
          0
         75
          0
        219
          0
         70
          0
          0
          0
          0
        255
         19
          0
          1
        197
          0
          0
          0
          0
        255
          0
         71
        180
          0
         51
         55
          0
        169
        100
        214
         67
        107
          0
         36
         40
          0
          0
         38
         26
          0
          0
        105
          0
         80
          0
          0
          0
          0
          0
          0
        255
        255
        255
          0
        120
          0
        158
          0
          0
          0
         63
