          0
          0
         10
          0
        255
        142
          0
         24
         92
        127
         71
         64
          0
        255
          7
         54
          0
          0
         31
        255
          6
          0
          0
          0
          0
          0
          0
          0
          1
          0
          0
          5
          0
          0
          0
          0
          0
          0
        186
          0
          0
          0
         85
         87
          0
          0
          0
         93
        226
         48
          1
        199
        179
          0
        250
        185
        255
          0
          0
          0
          0
        157
          0
          0
          0
          0
         59
          0
        255
          2
          0
          0
          0
          0
         87
        104
          8
        255
          0
         80
          0
         65
         10
          0
          0
          0
        176
         28
        253
          0
          0
          0
        115
         65
         42
          0
         65
          0
          0
          0
          0
          0
         76
          0
         80
          6
          0
          0
         54
          0
          0
         13
          0
          0
          0
          0
          0
        167
          0
         94
        255
          0
         61
          0
          0
         74
         50
        121
          0
          0
          0
          0
          0
          0
          0
         93
          0
          0
         26
         66
          0
          0
        161
         22
          0
        142
          4
        255
        119
          0
          0
          0
        255
          0
          0
          0
          0
        146
          0
        183
         64
        206
          0
          0
        208
          0
          0
          0
          0
        180
         31
          0
        137
          0
          0
          0
        164
          0
          0
          0
          0
         22
        255
        208
        131
         75
          0
          0
        170
          0
          0
         37
          0
          0
          0
          0
          0
        143
          0
        219
         77
          0
         82
          0
          0
        255
          0
         49
          0
          0
          0
          0
        154
          0
          0
        118
          0
          0
         59
          0
          0
        142
          0
         64
          0
          0
          0
          0
          0
          0
          0
          0
        122
         17
         49
          0
          0
          0
        164
         83
          0
        212
          0
         99
          0
         25
          0
          0
        255
          0
          0
          2
        123
          0
         36
          0
          0
        127
        106
          0
        255
          0
          0
        139
          0
        169
         59
         89
          0
          0
          0
          0
          0
        255
          0
          0
          0
          0
          0
          0
        219
          0
          0
          0
          0
         80
          0
        213
         49
          0
          0
          0
        114
        132
        183
        209
          0
         90
        106
         90
          0
        181
          0
        106
        118
          0
         77
         85
          0
         82
        255
          0
        179
          0
         54
          0
         45
         84
          0
        114
          0
        130
        172
          0
          0
         95
         65
          0
          0
          0
        128
         48
        248
        255
        165
         28
        239
         36
         74
          0
         79
          0
          0
         82
        255
        117
         26
          0
         75
          0
        104
        227
          0
          0
          0
          0
          0
          0
          0
        255
         31
         48
         47
         66
          0
          0
         40
         41
        183
          0
          0
        255
         60
         31
          0
        123
         56
          0
         55
          0
          0
         20
          0
          0
          0
          0
          0
         24
          0
        130
          0
        106
          0
          0
          0
        107
          0
          0
        255
         25
         21
          0
        107
          0
        163
          0
          0
          0
          0
          0
          0
          0
         33
         81
          0
          0
          0
        234
        239
         88
          0
          0
          0
          0
        142
          0
          0
         78
          0
          0
        156
          0
          0
        131
          0
        234
          0
          0
        255
          0
          0
          0
          4
          0
          0
          0
          0
         22
          0
         97
         14
         42
          0
          0
         18
          0
        192
        210
          0
          0
          0
          0
          0
          1
          0
         36
          0
        180
          0
          0
        222
        255
          0
          0
          0
          0
         41
         43
        231
          2
          0
         49
          0
         15
          0
        165
         20
          0
          8
          0
         57
         21
          0
          0
         81
        123
          0
          9
         65
        255
         97
          8
          0
         78
          0
          0
          0
          0
        125
         50
          0
          8
