          0
          0
          0
          1
          0
          0
        255
         81
          0
          0
          0
        125
          0
          0
         11
          0
          0
          0
        181
         60
          0
         43
          0
          0
         47
          0
          0
          0
          0
          0
         79
          0
          0
        185
          0
          0
        135
         78
        181
          0
          0
         83
          0
         50
          0
          0
          0
          0
          0
          0
          0
         68
        190
         35
          0
          0
         80
          0
          0
        125
         14
          0
        111
         59
          0
          4
          0
          0
         49
        129
         11
          0
          0
          0
         90
          0
          0
          0
         59
         58
          0
          0
         69
         61
        109
         94
          0
        255
         24
          0
         87
          0
        157
          0
         19
        112
          0
         70
          0
        101
        202
          0
        138
          0
          0
        255
        119
          0
          0
          0
         40
        106
          0
          0
          0
          0
          0
         24
          0
          0
         59
         27
        128
        225
        182
          0
        127
          0
          0
          0
          0
          0
          0
          0
        254
          0
        150
          0
         71
         42
          0
          0
          0
         96
          0
          0
          0
         54
          0
          0
        150
        255
          0
        134
          0
         92
        255
          0
          2
          0
          0
        204
          0
        139
        125
          0
          0
          0
          0
          9
         97
         21
          0
          0
         18
          0
          0
          0
          0
         75
          0
          0
          0
          0
          0
         97
          0
          0
         48
          0
         94
         29
         32
        102
        108
         77
        199
          0
        187
          0
          0
          0
          2
        110
          0
          0
          0
        175
          0
         43
        220
         60
         24
        103
        162
        237
        103
          0
          0
          0
          0
          0
          0
          0
         62
        165
        145
          0
          0
        153
         66
        180
        247
        255
        255
          0
         10
          0
         39
          0
          0
          0
         18
          0
          0
          0
        175
          0
         86
        140
         52
         27
        184
        126
          0
         41
         63
        173
         29
          0
        255
          0
        201
          4
          0
          0
        187
          8
        196
          0
          0
          1
          0
         14
          0
         18
         67
        110
         95
          0
         22
        179
          0
         74
        255
        126
          0
          0
          0
          0
          0
          0
          0
          0
          0
        230
          0
        188
        235
         84
          0
        101
          0
          0
          0
          0
          0
         39
         98
          0
        165
        255
          0
          0
          0
          0
          0
        103
          0
          0
          0
        206
        158
          0
         74
        196
        103
          0
        255
          0
        115
        113
         58
          0
          0
          0
        134
        184
        226
         74
         11
          0
        119
        255
          0
        236
          0
        255
        145
        115
          0
          0
         14
        186
          0
          0
        255
         78
        109
          0
        255
        164
          0
          0
          0
        136
          0
          0
          0
         86
          0
          8
          0
        114
        189
         21
          3
         45
         92
          0
        255
         42
          0
         73
        102
        196
          0
          0
          0
        126
        109
         11
          0
          0
          0
          0
         12
          0
         53
          0
         23
        139
        107
          0
         83
          7
         60
          0
          0
        240
        165
        175
          0
          0
          0
          0
         98
        154
          0
         66
        243
        250
        128
          0
        130
        255
        228
         69
        106
        218
          0
          0
          0
         69
         24
          0
         68
         50
          0
          0
          0
          3
          0
          0
          0
          0
         24
          0
          0
          0
         65
          0
          0
         38
        209
          0
          0
        105
        255
          0
         95
          0
         50
          0
          0
        144
         55
          0
         82
         48
          0
          0
          0
          0
          0
        118
         18
          0
         29
          0
         28
          0
         77
          0
          0
        178
         23
         89
          0
         63
          0
          1
        129
          0
          0
          0
          0
          3
         97
         16
        159
         49
          0
          0
         96
        237
        156
        232
        230
          0
          0
          0
