        255
          0
        167
          0
        228
        113
          0
        147
          0
        159
        255
          0
          0
          0
        104
        113
         70
        153
          0
        112
         66
          0
        113
         36
        203
          0
          0
         44
        120
          0
          0
          0
          0
         59
        142
          0
         45
        234
          0
        167
         19
          0
          0
        147
          0
        141
         99
        133
        153
          0
        128
         32
          0
         58
          0
         22
          0
          0
          0
         13
          0
        157
          0
         54
          0
        165
          0
          0
         15
        255
         11
          0
        142
        142
        255
          0
         76
         88
         81
        110
          0
          0
         87
         21
        143
         83
         48
         55
          0
          0
          0
          5
         42
         16
          0
          0
          0
        114
        111
          0
         49
          0
         31
          0
        101
        230
        255
          0
          0
        181
        107
         52
        145
        124
         97
         65
          0
         89
          0
         30
          0
          0
         23
          0
        142
          0
          0
         17
          0
          2
          0
          0
          0
          0
          0
          0
          0
        191
          0
          0
          0
        182
         92
         13
          0
        105
         67
         13
          0
          0
         52
          3
        224
          0
          0
          0
        109
        110
          0
         93
        255
        186
          0
          0
         51
        176
          9
          0
          0
        186
          0
          0
          0
        135
         40
        126
          0
        140
         66
          8
          0
          0
          0
         19
          0
          0
        112
          0
         60
         59
          0
          0
         57
        215
          0
          0
          0
        191
          0
          0
          0
        180
          0
        113
         30
        145
         35
        111
         28
         94
         65
        144
          0
         36
          0
          0
          0
          0
          0
         96
          5
          6
          0
          0
        132
          0
          0
          0
         51
        120
          0
          0
          0
        112
        255
          0
          0
         51
          0
         98
        123
        125
         52
        103
        137
         93
         19
         18
          0
          0
         64
         66
          0
          0
          0
         86
        255
          0
          0
        255
        166
        255
         45
          0
          0
        108
          0
        104
          0
         73
         86
        155
         28
          0
         50
        124
        173
          0
         93
          0
          0
          0
          0
         38
         86
          0
          0
        113
          0
         14
          0
          0
         15
        255
        193
          0
         44
          0
          0
          0
         42
          0
         27
        171
         70
        115
          0
        152
        221
          0
         89
          0
          0
          0
          0
          0
         63
         10
          0
         52
        255
         85
         89
        255
        132
         13
          0
        170
        107
          0
          0
          0
          0
          0
        116
          0
          8
        106
        108
          0
         86
         21
          0
         77
          0
          9
         27
         19
         20
         16
          0
         32
          0
        138
          0
          0
        114
        155
         75
          0
          0
         40
          0
          0
          0
        108
         36
          0
          0
         44
         44
         50
          0
          0
         55
          0
          0
         74
          0
          0
         19
         66
          0
         41
          0
          0
        140
          0
        113
        255
        234
          0
        180
          0
          0
          0
          0
          0
          0
          0
          0
         99
         85
         12
          0
          0
         94
          0
         63
          0
          0
         37
          0
          0
         13
          0
          1
          0
         55
          0
        229
        132
          0
          0
        109
          0
          0
          0
         41
         55
        117
        180
          0
         94
         44
        149
        183
          0
          0
          0
        187
          0
        118
          0
        159
          0
          0
         19
         14
          0
         55
          0
          0
          0
          0
          0
          0
          0
          0
         48
         28
          0
          7
         12
          0
          0
         50
         29
        211
          0
         51
          0
        173
          0
          0
          0
        133
          0
          0
         10
         28
        249
         77
         76
          0
        217
          0
          0
         43
          0
          0
         97
         51
          0
         18
        161
          0
          0
          0
        125
        150
          0
         18
          0
         98
          0
          0
          0
        133
         33
         79
         89
          0
          0
         60
        255
          0
         99
          0
         18
          0
        198
          0
          0
          0
         62
        108
         84
          0
        166
        102
        151
        231
          8
          0
          0
          0
        118
         99
          0
         60
        137
          0
          0
          0
          0
          0
        106
          8
        148
          0
          8
         65
          0
        255
          0
          0
         91
         29
          0
          0
         68
         65
        135
          0
         78
         64
         84
          0
         13
          0
          0
         30
         64
          0
         82
          0
          0
         47
         98
        182
         18
         36
         46
        107
          0
         23
          0
          7
         24
         76
         57
          0
          0
         25
         44
         46
          0
         16
         59
         98
          0
         63
         18
         65
          0
        159
          0
          0
          0
          0
          0
        245
          0
        240
          0
          0
         63
        255
         79
          0
          0
         62
         79
          9
        171
         84
         65
        161
        101
          0
          0
        161
          4
          0
         90
        125
          0
          0
          0
          0
        131
        136
        106
        237
        123
        111
        135
          0
          0
         15
         97
         38
          0
         42
        161
          0
         11
         64
         50
        218
          0
          0
          0
          0
          0
         12
         79
        112
          0
         35
         87
        177
        126
          0
        255
        159
        255
          0
         91
         88
          0
          0
          0
          8
        121
         14
         30
         28
         46
          0
         34
        233
          0
         59
          0
          0
          0
        123
        125
        138
          0
          0
         49
          0
          0
        172
         61
         44
        116
        183
        118
         25
          4
          0
          0
          0
        124
          0
        105
          4
        156
         37
         17
          0
         30
          0
         14
        192
         43
         59
        106
         22
         31
          0
          0
        255
         46
         53
        255
          0
        242
          0
          0
          0
        108
          0
          0
         18
          0
        131
          0
         11
        128
         36
         67
          0
          0
          0
          0
          0
          0
         89
          0
          0
          0
          0
          0
          0
          0
          0
          0
        162
        147
          0
          0
          0
        137
          0
         52
          0
         37
         85
        121
         68
          1
         79
        101
        185
          0
         10
          0
        182
          0
          0
          0
        138
         64
          0
          0
        107
          0
          0
          0
         83
        187
         87
          0
          0
          0
          0
          0
          0
          0
         43
          8
         66
         68
         67
          0
          0
          0
         15
          0
          0
          0
          0
         81
         37
          0
          0
        101
          0
          0
          0
          0
          0
        108
          0
          0
         27
          0
          0
          0
          0
          0
          0
          0
         44
        109
         70
         14
        164
          0
         31
          0
        116
         12
         91
          0
          1
         30
          0
         64
          0
         82
          0
          0
         84
        143
          0
          0
        124
        194
          0
         88
          0
        115
         15
          0
          0
          0
         28
        145
          0
          0
         32
          0
         23
          0
          0
         81
         19
         81
          0
          4
          0
        255
         71
          0
        142
          0
          0
          0
         74
         66
         54
          0
          0
          0
         30
          0
        153
          2
         80
        143
         19
          8
        100
          0
        113
         25
          0
        140
          0
          0
         33
          0
          0
        240
          7
        220
        124
        255
        123
          0
        104
         56
          0
          0
          0
          0
          0
         28
          0
         25
         66
        156
          0
          0
         50
          0
          0
         57
         22
        125
        118
         77
          0
         35
          4
        182
         30
          0
         81
        255
         98
          0
        162
          0
          0
          0
         53
          0
         70
        182
        112
          0
         33
         87
        174
          0
          5
          0
        107
          0
         29
        141
        122
         26
          0
         19
          0
          0
          0
        223
          0
        184
          0
          0
          0
         61
          0
        151
          0
         59
          0
         67
          0
         30
         62
         87
        138
          0
         14
          0
         63
          0
          0
         48
        157
          0
          0
         86
         72
          0
        109
        255
        170
        186
        159
          0
          0
        241
          0
          0
          0
        240
         56
         63
          0
         97
          0
        100
         39
          0
          0
          0
          0
          0
        126
          8
        157
          0
        117
         65
          0
        143
         76
        110
        236
          0
          0
          0
          0
          0
          0
         79
          0
         92
          0
         56
          0
          0
         71
        115
        218
          8
        107
          0
        211
         45
        103
          0
        138
         98
        171
          1
         45
        129
          0
          0
          0
        255
        249
          0
          0
        255
          0
         80
          0
        104
         45
         40
          0
          0
        115
          0
          0
         52
          0
          0
          0
          0
         57
          0
        132
          0
          0
          0
         68
         30
         32
        255
        215
        125
          8
          0
          0
        251
          0
          0
          0
          0
         91
        163
          9
          0
         72
         98
          0
          0
         48
          0
        121
         33
          0
         53
         80
         62
        157
         67
        137
          0
        138
          0
          0
        136
        197
          0
        131
          0
        118
        105
          8
         49
          0
        155
          0
        143
         66
         48
          0
          4
         28
          0
          0
          0
          0
          0
        140
          0
         71
          0
          0
        217
        150
          0
        255
        216
        245
         23
         95
          0
          0
        126
          0
          6
         21
         42
          0
          0
         66
         17
        141
          0
         33
          2
          0
          9
         94
        104
         52
          0
          0
         23
          0
          0
          0
          0
         71
          0
          0
          0
        111
         88
        255
          0
         47
        172
          0
          0
         83
        115
        121
         83
          0
         31
         38
          0
          0
          0
          0
         50
          0
          0
         15
         61
        255
         92
          0
          0
        143
        221
          0
         30
         41
          0
          0
         70
         27
         61
          0
          0
          0
        110
          0
         40
        223
          0
         65
          0
          0
          0
         35
          0
         29
          0
          0
          0
          0
          0
         79
          0
        121
        150
        173
        121
          0
        142
          0
          0
          0
         85
         18
        130
          0
         58
         88
        113
         85
          8
          0
          0
          0
          0
          0
          0
         22
          0
        116
         74
        102
          0
         28
          0
         86
          0
          0
          0
          0
        247
          0
        120
         51
          0
        121
         48
         90
          0
          9
        119
          0
          0
         42
         21
          0
          0
          0
         17
          0
         91
        188
         74
        138
        132
          0
          0
          0
         68
          0
          0
         58
          0
        255
        135
         33
         59
          0
          0
         48
        117
         31
         32
          0
         32
         61
          0
          0
         72
         16
        120
          0
          0
          0
         71
         80
          0
         24
        177
         37
        194
        140
          0
         99
          0
        181
        119
          0
          0
        121
        182
         55
          0
          7
         10
          0
          0
          0
          0
          0
          0
          0
          0
          0
          0
          0
          0
         48
          2
         27
          0
        235
        255
          0
         34
          0
          0
          0
         89
          0
          0
        108
        114
          0
          0
          8
         47
        197
          0
         80
          0
          0
          0
          3
         24
        104
         59
          0
         72
          0
        241
          0
         62
         57
        255
        141
         27
          0
          0
          0
        106
          0
        162
          0
         13
        116
          0
          0
        120
          0
         79
         17
         40
          0
         33
          0
        102
        122
         33
         62
         12
         22
        246
         93
          0
        139
        240
          0
          0
         44
         10
          0
         74
          0
          0
          0
          0
          0
        138
        144
        136
          0
          0
          9
          0
        126
          0
         90
         33
          0
         68
          0
         57
          0
         73
         80
          0
        255
        136
        223
         62
          0
        104
          0
         78
          0
          0
         83
          0
          0
          0
         45
         66
        199
          2
        100
          0
          0
          0
          0
         32
        126
         20
          0
        115
        208
          0
         95
        255
          0
          0
          0
          0
          0
        160
        255
          0
          0
        132
         91
         96
          0
         42
        151
         75
         92
          0
          0
          6
         22
          0
          0
          0
         84
          0
          0
          0
        253
          0
        155
         86
         51
         54
          0
          0
          0
        235
        253
        110
          0
         82
         14
         25
          0
        144
         20
         43
        219
          0
        102
         51
        139
          0
         83
          0
          0
        104
        143
         88
          0
          0
          0
        248
          0
        113
        135
          0
        158
          0
          0
        108
         26
          0
          0
         40
        154
        124
         40
        143
        125
          0
         35
          0
          0
         17
          0
          0
         22
          0
         85
        113
          0
          0
          0
          0
          0
        197
         46
          0
          0
          0
        255
         93
         29
         40
          0
        140
          0
          0
         73
          9
          1
          0
          0
          0
        185
         36
          0
         52
          0
          0
         91
         54
          0
          0
         60
         82
        255
        195
         57
          0
          0
        167
          0
        141
         37
          0
          0
          0
          0
         32
          0
         42
          0
          0
          0
          0
        184
         24
         19
         70
         15
         25
          0
         83
          0
        248
         54
          0
          0
          0
          0
         27
          0
          0
          0
          0
         44
          0
         19
          0
        122
          0
         82
        141
        157
          0
          0
         65
         45
         10
         54
          0
        154
        117
          0
         31
          0
        102
        161
          0
        202
        203
        206
         65
        115
        255
          0
        125
          0
          0
        126
          6
         71
        165
         66
         74
        197
         72
         59
          0
          0
          0
          0
          0
         30
          5
          0
         68
          0
        111
        132
          0
        230
          0
        211
          0
          0
          0
          0
        131
         27
         63
          0
        162
         48
        121
         18
         73
          0
          0
          0
          0
        141
          0
         43
          0
          0
         31
          0
         38
        255
          0
         48
        255
          0
        255
          0
          0
        102
          0
          0
          0
          0
         95
         28
         29
        111
        134
        124
         41
         18
          0
          5
         21
          0
          0
          0
          0
        104
          0
          0
        127
          0
        141
          5
          0
        110
        159
        204
          0
          0
        137
          0
        110
          0
          0
        135
         21
         37
          0
         37
          3
          0
         25
         70
          0
          0
          0
          0
         24
        102
        119
          0
          4
          0
        215
          0
          0
         98
        169
          0
          0
        156
         89
          0
        134
         75
        155
          0
        184
          9
         46
         60
         18
          0
          0
         27
         88
          0
         35
          0
          0
        137
          0
          0
         98
        255
        211
        118
          0
        136
        255
        100
         15
          0
        255
          0
        115
         75
         13
          0
        154
          0
         87
          0
          0
        228
          0
         68
          0
        128
          0
          0
          0
          2
        106
          0
         63
          0
        105
         88
        255
          0
        177
         70
          0
        139
         48
          0
          0
          0
          0
          0
          3
          0
          0
         45
         54
        196
         58
         23
          0
        213
         24
         54
          0
         26
         30
         35
          9
          7
        119
          0
          0
        140
        182
          0
          0
         88
         63
          0
        137
         24
          0
          0
          0
          0
        169
         93
         58
          0
          0
          0
          0
        155
         65
         58
          0
          9
          0
         32
         29
          0
        186
        105
          0
         59
        233
        116
          0
         76
        185
          0
         95
          0
         13
         93
          7
          0
          8
         39
         26
          0
          0
         14
          0
          0
          0
         38
          0
        101
         71
          0
         37
          0
          0
          0
          0
        114
         51
         90
          0
        130
         21
          0
          0
         47
          0
         55
         36
          0
          0
          0
         63
        175
         33
         92
         50
          0
          0
         16
        124
          0
          0
          0
         66
