          0
          0
         92
          0
          0
          0
          1
        136
          0
          0
        231
          0
         33
          0
         21
         66
          0
          0
          0
          0
         95
        104
          0
         14
          0
          0
          0
        255
          0
         84
          0
        129
          0
          0
         66
         23
        104
          0
          0
        127
        209
          0
          9
          0
         64
          0
          0
         20
          0
          0
          0
        148
        101
         81
          0
          0
          0
        144
          0
          0
          0
        220
        117
         72
          0
          0
         21
         35
          0
          0
          0
        153
         62
          0
        238
          0
         50
          0
          0
        173
          0
          0
         61
          0
        132
         29
          0
          0
          0
         69
         85
          0
          0
        197
         68
         83
        253
          0
          0
         47
         73
          0
          0
        121
         29
        255
          0
          0
         42
         66
          0
          0
         37
          0
          0
        144
          0
          0
          0
          0
          0
          0
         61
          0
          0
          0
          0
         96
          0
          0
          0
          0
        255
          0
         85
          0
         27
          0
        142
          0
        127
          0
        255
        124
          4
         73
         19
        243
          0
          0
          0
          0
          0
          0
          0
          0
         16
        102
          0
          0
          0
          0
          0
         13
          0
          0
          0
          0
          0
         36
          0
          0
         66
          0
          0
          0
          0
          0
          0
         62
        218
          0
        255
        140
          0
        114
          0
        217
          0
          0
        116
         34
          0
          0
         12
         12
        113
          0
         12
          0
          0
         28
          0
          0
        132
          0
        162
          0
          0
         83
          0
          0
          0
         91
        255
          0
         44
          0
          0
        255
          0
         50
         92
         28
         92
          0
        179
          0
          0
        229
          0
          0
         70
        255
        254
         16
          0
          0
          0
          0
          0
          0
         35
        218
          0
         21
        180
        201
          0
          0
          0
          0
        102
          0
          0
          0
        143
        187
        142
          0
        222
         59
         19
         24
         18
          0
        175
          0
          0
          0
         20
        200
          0
        144
         72
          0
         95
        103
        203
          0
          0
          0
          0
          0
         97
         92
          0
         86
          7
          0
          0
          0
          2
          0
          0
         55
          0
          0
         44
          0
          0
          0
          7
          0
          0
          0
         63
        245
          0
          0
         73
          0
          0
          0
         91
        215
         91
          0
          8
         69
          0
        241
          0
         46
          0
        157
        153
          0
        189
          0
         43
          0
          0
        101
         98
          0
          0
          0
          0
        196
          0
          0
        255
          0
          0
          0
         62
        255
         82
        118
          0
          0
         12
          2
        212
         15
          0
          0
          6
          0
         45
        255
          0
          0
          0
        182
          0
         17
          0
        173
          0
        196
          0
        101
        255
        175
          0
          0
         67
          0
         26
          0
          0
          0
        128
         52
         48
          0
        188
          5
          0
          0
          0
        255
         80
          0
        138
          0
        207
         25
          0
          0
          0
          0
         53
         16
        255
          0
         12
          0
         22
          0
          0
         82
          4
          0
          0
          0
          0
         44
        183
          0
        100
        184
         47
          0
         88
          0
         42
          0
        255
         15
         33
          0
          4
          0
        111
         19
        255
         26
         57
        120
          0
          0
         21
        255
          0
          0
        135
         49
         11
          0
          0
        136
          0
          0
          0
         27
        224
          0
         74
         33
         57
          0
         23
         52
          0
          0
         72
          0
        255
          0
        107
          0
         95
        255
         35
        164
          0
         23
          0
          0
          0
         52
          0
          0
        108
          0
          8
          0
          0
         19
          0
          0
          0
          0
         30
        126
          0
          0
         19
          0
          0
          0
         20
         56
         87
          0
          0
         95
          0
          0
