        255
          0
          0
         92
        255
          0
        108
          0
          0
          0
         72
          0
         41
          0
          0
        182
          0
          0
          0
        189
        140
          0
          0
          0
        101
          0
          0
          0
        165
          0
          0
         89
        178
        171
          0
        255
        255
          0
          0
         51
         14
          0
          0
          0
          0
          0
        130
          0
          0
          0
        255
        255
          0
          0
        111
          0
          0
          0
         16
        124
          0
          0
          0
        118
        203
          0
          0
          0
        255
        255
          0
          0
        129
          0
         14
          0
         76
        167
        158
         99
          0
          0
        245
          0
          0
          0
          0
         58
          0
         14
          0
        149
        255
         18
          0
          0
        131
        103
        111
          0
        255
          0
          0
          0
        112
          0
         52
          0
         65
        127
        140
         51
          0
          0
        255
         21
         39
        211
          0
        119
        174
          0
          0
          0
          0
          0
          0
          0
          0
        169
          0
        131
        255
        255
        231
          3
        113
          0
        153
          0
         98
        135
         60
         36
          0
          0
          0
          0
          9
          0
          0
          0
          0
          0
          0
          0
         41
          0
        233
        152
          0
        107
         33
          0
        255
         99
          3
         37
          0
         84
         54
          0
          0
          0
        121
          0
          0
          0
          0
          0
          0
        211
          0
          0
          0
          0
         11
         44
          0
          0
          0
         85
        131
         84
          0
          0
          0
        255
         64
          0
          0
         81
          0
          0
         83
          0
          0
        118
          0
          0
          0
          0
          0
        177
         27
          9
          0
          0
          0
         33
        255
          0
        255
        145
          0
         98
        150
          0
         39
          0
          0
         71
          0
         81
         12
          0
         21
        175
         74
          0
         46
          0
         62
          0
        145
          0
          0
         43
          0
         47
          0
          0
         11
          0
          0
         28
          0
        140
         18
          0
          0
          0
          6
          0
        154
        117
          0
          0
         49
          0
          0
         10
          0
         74
        240
        255
          0
          0
          0
        116
          0
          0
          6
         43
          0
          0
        255
         74
          0
          0
          0
          2
        255
          0
        185
          7
        114
          0
          6
          0
          4
        244
          0
          0
         24
          0
        255
          0
          0
         21
          1
         47
         26
        195
         59
          0
          0
        255
          0
         94
        105
         50
          0
        168
          0
          0
        132
         13
          0
          0
         33
          0
         84
          0
          0
          0
          0
          0
          0
          3
          0
          0
        106
          7
        156
          0
          0
         93
        255
        208
          0
          0
         37
          0
        209
         54
        255
          0
        154
          0
         64
          0
          0
          0
         61
          0
          0
          0
          0
          0
        182
          0
         19
          0
          0
        105
          0
          0
        123
          0
          0
         86
          0
          0
         90
          0
          0
          0
        255
          0
        189
         78
         44
         53
        153
         43
        116
          0
          0
         73
          0
          0
          0
        241
         39
          0
          0
          0
         80
         55
          0
          0
          0
          0
          0
          0
          0
          0
          0
        149
        255
        255
          0
         90
         51
          0
        153
         83
          0
         45
          0
          0
          0
          0
        198
          0
          0
        207
          0
          0
          0
          0
        135
          0
          0
        248
          0
          0
          0
          0
          0
        255
          0
          0
          0
          0
         95
         30
          0
        125
        112
          0
          0
         61
          0
        227
          0
        255
         63
          0
        101
          0
         66
          0
          0
          0
          0
        244
        131
         58
          7
         67
          0
         79
        155
        255
        148
          0
          0
          0
        106
        163
         73
          0
         85
          0
        161
        219
          0
        135
        116
          0
         23
        106
        136
        136
          0
          0
          0
        225
          0
          9
        150
        133
        169
          0
          0
        255
         95
          0
        148
         71
          0
          0
          0
          0
          0
         20
          0
         46
          0
        255
        101
          0
          0
        135
          0
          0
          0
          0
        255
          0
        255
          0
          0
          0
         33
          0
        255
          0
        232
         81
         44
         16
        124
         67
          0
          0
          0
         49
          0
          0
          0
          0
         13
          0
         19
        255
          0
          0
          0
         74
        255
          0
        255
          0
         23
         48
          3
          0
        255
          0
        196
        102
         14
          0
        134
        113
          0
        178
          0
         20
          0
         49
          0
          0
         12
          0
          0
          0
        131
          0
          0
        172
          0
          0
          0
          0
          0
          4
        107
         55
        255
        255
          0
          0
        102
          0
          0
         52
        104
          0
          0
         12
          0
         98
        255
        193
          0
          5
          0
          0
        185
          0
        214
          0
          0
        218
          0
          0
          0
         86
          0
          0
        255
          0
          0
          0
         71
          0
          3
        135
         24
          0
          0
         65
          0
          0
          0
          0
         55
          0
          0
          0
        134
         43
          0
          0
          0
         32
          0
          0
          0
         62
        185
          0
          0
          0
          0
          0
         50
          0
          0
          0
         70
          0
          0
          0
          0
          0
          0
          0
          0
          0
          0
          0
        138
          0
         64
        158
          0
          0
        243
          0
         19
         50
         95
          0
          0
        255
        201
        113
        150
          0
         43
        134
        114
          0
         73
         71
        206
         29
        255
        255
         49
         62
          0
        247
          1
          0
          0
         54
        148
         71
        255
          0
          0
          0
         57
          0
        189
        255
        121
         43
          0
          0
          0
         31
         48
        159
         73
          0
         92
          0
          0
        255
        149
          0
          0
        108
        179
        145
          0
          0
        105
          0
        255
          0
        255
          0
        203
          0
         78
          0
          0
          0
        130
        152
          0
        183
         61
        109
          0
        118
        255
        150
        255
          0
          0
          0
        127
          0
          0
          0
         98
          9
        255
        162
        209
          0
         90
         27
        148
          0
          0
          0
        124
         89
         69
         38
         34
          0
          0
        255
          0
          0
        255
          0
          0
          0
          0
        200
        168
          0
         31
        171
         67
         82
          0
        223
          0
          0
          6
         35
          0
          0
          0
          0
          0
          0
         66
          0
         49
          0
         92
         10
          0
         44
         30
         15
        114
          0
         17
          0
        130
          0
         49
          0
          0
         57
          0
         76
        209
          0
        166
          0
          0
          0
        255
        255
        159
         42
          0
         18
          0
          0
          0
         40
          0
          0
          0
          2
          0
          0
          0
          0
         97
          0
          0
          0
        156
         74
          0
         81
          0
          0
          0
          0
          0
        241
         46
         18
          0
          0
         64
          0
          0
        152
          0
          0
          0
         39
          0
          0
        144
          0
          0
        212
        140
          0
          0
          0
        213
          0
        255
         71
          0
          0
          0
          0
          0
        179
        255
        255
         56
         52
          0
        189
          0
        124
         95
          0
          0
          0
          0
          0
        110
        255
         34
          0
        147
          0
          0
        233
        185
          0
          0
          0
          0
         61
        255
         25
          0
         89
          0
          0
        199
         76
         24
          0
          0
         54
          0
          0
          0
          0
        255
          0
        255
          0
          0
          0
          0
        210
          0
          0
          8
         18
         29
          0
        255
          0
          0
        122
         52
          0
        255
          0
          0
          0
          0
          0
        158
        147
        101
         64
        122
        164
         55
        126
        102
        255
         41
          0
          0
        255
          0
         43
          0
          0
        255
        208
          0
          0
          0
         71
         41
          0
          0
        255
         43
        118
         12
        108
          0
          0
         51
        171
        151
        215
        255
         14
          0
          0
          0
        122
         46
          0
          0
          0
          0
          0
          0
         69
          0
          0
          0
         13
          0
        255
        255
          0
        174
         39
          0
          0
        129
          0
         42
        161
          0
          0
          0
          0
          0
          0
          0
          0
          0
        147
          0
         17
        139
          0
          0
        148
        148
          0
         65
         92
         52
         96
          0
          0
         90
          0
         18
          0
          0
          0
          0
          0
        134
          0
          0
          0
          0
          0
         61
          0
         45
          0
          0
          0
          0
          0
        217
         55
        255
          0
          0
          2
          0
          0
          0
        255
        221
         50
        139
         19
        145
        101
        104
         82
          0
         10
          0
          0
          0
          0
          0
        122
         14
          0
          0
        175
        119
        183
          0
        185
          0
          0
        255
          0
          0
          0
          0
          0
        147
         18
        122
          0
          0
        131
          0
        168
          0
          0
         97
        177
        210
          0
        147
          0
         87
        193
         84
          0
          0
          1
          0
         90
        255
          0
        100
        137
          0
        255
          0
        255
         53
         67
         16
          0
          0
        196
         98
          0
        137
          0
        255
          0
        255
          0
         21
          0
        120
          0
        132
         16
         71
        172
        255
        156
          0
          0
          0
         36
        199
        242
          0
          0
          0
          0
          0
         87
         14
        153
         22
          0
          0
         61
          0
          0
        255
        119
          0
         89
          0
          0
         86
          0
         89
          0
          0
          0
        255
          0
          0
        126
        133
          0
        167
        255
          0
         12
          0
        177
          0
        173
          0
          0
          0
          0
         30
        161
          0
          0
        100
          0
         77
        255
        190
         50
          0
          0
        106
         81
          0
          0
         40
        173
          0
        255
          0
        189
         69
         66
          0
          0
          0
          0
          0
          8
          0
        203
          0
        169
          0
          0
          0
          0
          0
          0
          0
          4
          0
          0
          0
          0
          0
          0
          0
         68
          0
         47
          0
          0
        140
          0
          0
          0
          0
        182
          0
          0
          0
          6
        255
          0
          0
          0
         20
         96
          0
          0
        168
          0
         13
          0
         79
          0
         68
          0
          0
          0
        101
        255
        255
        255
          0
         79
          0
         69
        163
          0
          0
          0
          0
          0
          0
         77
          0
         80
          0
          0
         45
          0
          0
         34
          0
        136
          0
          0
        255
          0
          0
          0
        108
          0
          0
          0
          0
          7
         78
          0
        111
         96
         18
          0
        118
          0
        255
          0
        255
        255
         11
         96
        100
          4
          0
          0
          0
          0
        255
          0
          0
          0
          0
          0
          0
        255
        255
        255
        109
          0
         74
          0
          0
        125
         94
          0
          0
          0
          0
        101
        255
         88
          0
          0
          0
        226
        123
          0
         15
          0
        255
          0
        255
          0
         13
          0
         12
          0
          0
        255
        160
          0
          0
          0
          0
          0
          0
         51
        115
         66
          0
          0
          0
          0
          0
          0
          0
        217
        128
         16
         80
          0
        255
         62
          0
          0
          0
          0
          0
         97
        255
         86
          0
         69
          0
         50
        145
        141
         85
          0
         58
         26
          0
          0
        255
          0
          0
          0
        122
          0
          0
          0
         52
         51
        167
        166
        255
          0
        255
        137
          0
          0
        215
         86
         35
          0
        152
          0
          0
        159
          0
          0
        126
        149
          0
          0
          0
          0
        112
          0
         99
         99
          3
        194
        255
         27
        255
        203
          0
          0
          0
          0
          0
          0
          4
        255
         20
          0
         72
          0
          0
          2
          0
          0
          0
         92
          0
         71
          0
          0
         95
         40
          0
          0
          0
         53
          0
         30
          0
        207
          0
          0
          0
          0
        166
          0
          0
          0
        222
        106
         57
          0
          0
          0
          0
         20
          0
          0
          0
          0
        255
          0
         61
         65
          0
          0
          0
          9
          4
         76
          0
        240
          0
          0
         85
          0
        189
          0
        255
        255
         75
         71
          0
          0
          0
          0
          0
          0
          0
         52
          0
         82
        255
          0
          0
         12
          0
          0
         73
        105
          0
          0
        255
         54
        255
          0
        163
          0
          0
        101
        255
          0
        219
          0
         66
         36
          0
          0
        103
          0
        125
        226
        255
         63
        191
          0
          0
          0
        107
          0
        142
        237
         33
          0
        204
          0
        255
         92
         10
        133
          0
        124
        255
        255
        164
          0
         70
        104
          0
          0
        100
          0
          0
          0
        255
        180
        125
          0
          0
          0
         65
          0
          0
        156
        131
          0
          0
        253
        255
         18
          0
          0
         77
        111
        183
          0
        145
          0
         23
          0
          0
          0
          0
         89
          0
        186
         10
        203
        255
         63
          0
          0
          0
          0
        130
          0
          0
         57
          0
        117
        205
          0
          0
          0
          0
        255
          0
          0
        222
         23
          0
          0
          0
        125
        101
        134
          0
          0
          0
          0
          0
          0
          0
          0
          0
          0
        104
          0
          0
          0
        198
          0
        234
          0
          0
         35
        212
          0
         85
         97
         76
         38
          0
          0
          0
         99
         22
         46
        153
        197
          9
          0
        198
         74
        137
        149
          6
          0
          0
         26
          0
          0
        106
         20
          0
          0
          0
          0
         58
          0
        255
        255
          3
          0
          0
          0
         66
         73
         59
          0
         22
          0
          0
        128
          0
          0
         94
          0
        163
          0
        100
          0
          0
          0
          0
          0
          0
        158
          0
          0
          0
          0
         11
          0
          0
         98
        136
         90
         74
          0
          0
        135
        139
          0
          0
          0
          0
          0
          0
          0
        158
          0
         23
          0
        136
         20
          0
          0
          0
         98
          0
          0
        212
         53
          0
          0
          0
         84
        147
          0
         75
          0
         59
        248
          0
          0
          0
        218
         74
         88
          0
          0
        136
          0
          2
        204
          0
         49
          0
          0
          0
          0
         41
          0
          0
          0
          0
          0
        222
          0
        124
          0
        122
          0
         37
          0
         91
        234
          0
         43
        148
          0
          0
          0
        110
          0
         54
          0
         87
         27
          0
        228
          0
          0
          0
          0
          0
          0
        255
        224
        170
          0
          0
          0
         80
          0
         23
          0
         58
          0
          0
        153
          0
          0
          0
         60
          0
         40
         89
          0
        137
          0
          0
          0
          0
          0
          0
          0
          0
         18
          0
          0
        164
        117
         95
         22
          0
          0
         29
          0
         71
         28
          0
          0
         27
          0
         26
          0
          0
        255
          0
          0
          0
         53
          0
          0
        255
          0
          0
          0
          0
        161
          0
          0
          0
          0
         40
          0
          0
          0
         63
          0
        119
          0
          0
          0
          0
          0
          0
        170
        101
          0
         56
          0
         35
        139
          0
          0
          0
        131
          0
          0
         40
        126
          0
        255
        174
          0
          0
        120
          0
        181
          0
          0
         89
        222
         36
          0
        136
        195
         97
         96
          4
         42
          7
          0
         86
         47
          0
         49
          0
          0
