          0
        141
        131
          0
          0
          0
         63
        255
         34
         74
          0
        112
          0
         36
        255
          0
          0
          0
          0
        255
         62
         14
        193
         11
        202
        147
          0
         33
         68
          0
          0
         46
          0
          0
          0
          0
          0
          0
          0
          0
          0
         56
          0
          0
          0
         35
          0
         67
          0
          0
          0
         76
        194
          9
          0
          0
         52
        148
         40
        108
         23
        176
         18
         25
          3
        133
          0
          0
          0
          0
          0
         53
         18
         73
         18
        132
          0
         13
          0
          0
          0
        125
          0
        130
          0
         13
          0
          0
         86
        164
          0
        190
         19
          0
        255
          0
         33
          0
         66
         44
          0
          0
          0
         60
          0
          0
        105
        108
          0
          0
        170
         46
          0
          0
         44
        145
         83
          6
        139
        107
          0
          0
          0
        255
          0
         23
        255
        105
          0
        120
         20
        139
        215
          0
         32
          0
          0
         23
          0
          0
          0
          0
          0
          0
          0
          8
         55
          0
        206
         26
         25
         45
        159
         76
          0
         47
        113
          0
        215
        100
         71
        108
         94
         99
         89
          0
          0
         61
          0
         11
          0
        143
          0
          0
          0
          0
          0
        146
        224
         43
          0
          3
          0
          0
          0
         51
          0
        255
          0
        169
        255
          0
          0
         87
        105
          0
        230
          0
          0
          0
          0
          0
          0
        114
         45
        249
          0
          0
        170
          0
          0
          0
          0
         79
          0
          0
         59
         70
          0
          0
          0
          0
        255
        142
         16
          0
         35
          0
         45
          0
        208
          0
         42
         76
         32
          0
          0
        194
          0
         19
          0
          0
         21
          0
          0
         88
          0
          0
        217
          0
          6
        220
          0
         71
          0
         76
          0
          0
        132
          0
        253
          0
        105
         44
          0
          0
          0
          0
         83
         31
         25
          0
        253
          0
          0
          0
          0
          0
        106
         51
        230
        124
          0
        213
        155
          0
        255
        130
          0
        163
          0
          0
          0
          0
          0
          0
          0
         52
         48
          0
          0
        179
        133
          0
          0
          0
          0
          5
          0
          0
         10
         46
          0
        146
         13
          0
        233
          0
        171
          0
          0
        146
        130
          0
          0
         40
          0
          0
          0
         64
          0
         75
         87
        194
          0
          0
        255
          0
          0
          0
          0
          0
          0
          0
         25
        185
          0
          0
          0
         26
        220
         10
          0
         82
         81
          0
        241
          0
        189
          0
         18
          0
         58
          0
        108
        183
        255
          0
          0
          0
          0
          0
          0
          0
          8
          0
        149
          0
          0
        105
          0
        196
        255
          0
         38
          0
          0
          0
          0
          0
         23
          0
          0
         38
          0
          0
         29
          0
          0
         75
        225
          0
        137
        255
        165
         41
         76
         55
          0
        189
          0
          0
          0
          0
        255
         43
         65
        124
          0
        132
          0
          0
          0
          0
         60
          5
        157
          0
         21
          0
          0
         54
          0
          0
        127
         74
          0
         14
         56
         11
          0
        148
        195
        255
          0
          0
        255
          0
        109
         62
          0
          0
          0
          0
          0
          0
          0
          0
          0
         63
          0
        255
          0
         84
          0
          0
          0
          0
        235
          6
         11
        102
        189
        195
          0
        255
        223
          0
        255
        182
         10
          0
          0
          0
          0
         88
          0
          0
         62
         48
        123
          0
         80
          0
        133
          0
         44
        148
          0
          0
          0
         91
          4
          0
          0
          0
          0
        255
          0
         45
         88
          0
