        255
          7
        255
          0
          0
         46
          0
          0
         62
          0
          0
          0
          0
          0
          0
          0
          6
          0
          0
         20
        247
          0
         60
          0
         73
          0
        120
          0
          0
        255
        121
          0
          0
          0
          0
          0
        255
         22
          0
          0
        126
        113
        248
          0
          0
          0
          0
          0
          0
          0
          0
         93
          0
          7
         30
          0
          0
        231
          0
          0
        230
        101
         81
          0
        118
          0
          0
          6
        255
         72
          0
          0
          0
          0
        255
         51
          0
        241
          0
        211
          0
          0
          0
         41
          0
          0
          0
        139
          0
          0
        218
        102
         80
        255
        236
          0
        255
          5
          0
          0
        255
          0
          0
          0
         57
        255
          0
          0
          0
        225
          0
          0
          0
        179
        184
          0
         44
          0
         15
          0
          0
          0
          0
          0
         61
          0
        250
          0
          0
         83
          0
         19
        255
          0
         87
          0
         71
          0
        255
          0
          0
          0
          0
          0
         21
          0
          0
         75
          0
        149
         14
          0
        113
        181
        187
          0
         43
          0
         54
          0
          0
        107
          0
          0
        255
          0
        168
          0
         57
        197
          0
        150
          0
          0
          0
          0
        149
          0
          0
         14
          8
          0
        221
          0
          0
          0
        152
         36
         88
        255
         82
          0
          0
          0
          0
         20
        255
        100
          8
        117
        189
        105
        255
         44
        227
          0
          0
          0
          0
         49
          0
         27
        255
          0
          0
          0
          0
        200
          0
          4
        141
        255
        255
          0
          0
          0
        255
         16
          0
        137
          0
         88
        108
          0
          0
         45
          0
          0
          0
        140
          0
          0
          0
         67
          8
          0
          0
          0
          0
        196
        204
         83
        168
        255
         50
          3
        255
        101
          0
         38
        200
          2
        188
          0
         81
          0
          0
        229
          0
        224
          0
          0
        195
          0
          0
          0
          0
          0
          0
        189
         77
          0
          0
         49
          0
         85
        143
          0
          0
         46
          0
          0
          0
        217
          0
         39
        218
        182
        255
        120
          3
        255
          0
         54
          0
          0
          0
          0
          0
         30
          0
          0
          0
          0
        146
        153
          0
        255
          0
         89
        194
          0
        255
          0
          0
        228
          0
          0
          0
          0
          0
         70
         22
          0
          0
         18
          0
        255
          0
          0
        141
          0
         17
          0
          0
          0
          0
          0
          0
        255
          0
          0
        192
         64
        255
          0
        255
        142
          0
          0
          5
        145
          0
         83
        107
          0
          0
          0
          0
          0
          0
          0
          0
        221
          0
         16
          0
          0
          0
          0
         12
        245
         62
          0
          0
         39
          0
          0
        255
          0
          0
         10
          0
          0
          0
        255
        113
         33
          0
          0
         92
         33
          0
         44
          0
         20
         83
          0
          0
          0
          0
        165
          0
          0
          0
          0
          0
         73
          0
          0
         85
          0
         24
          0
        192
         77
        255
        145
          0
        108
          0
          0
          0
          0
          0
          0
        197
          0
          0
         94
         63
          0
        108
          0
         42
        255
          0
          0
          0
         56
          0
          0
        255
         97
          0
        138
          0
          0
        255
         94
          0
          0
          0
          0
         15
          0
          0
         35
        158
          0
        171
         77
          0
        255
          0
          0
          0
        255
          0
         19
        219
          0
        255
          0
        255
         79
         31
          0
        131
          0
          0
          0
          0
          0
        255
        112
          0
          0
         21
         82
         80
          0
          0
         13
          0
        255
        102
        119
          0
          0
          0
          0
          0
          6
          0
          0
          0
        130
        156
          0
          0
          0
          0
        255
          0
        191
        248
          0
        133
          0
          0
         81
          0
        224
        161
          0
          0
          0
         89
          0
         65
        255
        147
          0
         29
         90
        255
          0
        206
          0
          0
          0
          0
          4
        255
        255
          0
          0
          0
         57
          0
          0
          0
          0
         83
          0
          0
          0
          0
         97
          0
        171
          1
        255
          0
         29
          0
         47
          0
          0
        124
         80
         75
        101
          0
         38
        255
          0
         91
         71
          0
          0
         20
          0
          0
          0
        255
         58
          0
          0
          6
        108
          0
         97
        217
        255
        107
         48
        255
         22
        255
          0
          0
          0
        214
          0
          0
          0
        255
        146
         29
          0
        255
          0
          1
          0
         68
          0
          0
          0
        141
          0
          0
        255
          0
          0
        165
        255
         67
         33
          0
         38
        255
          0
          0
          0
        140
         47
         68
          0
        255
          0
          0
          0
         66
         18
          0
          0
         47
          0
         19
        206
          0
          0
          0
          0
          0
        163
         19
        255
        202
         90
        255
          0
          0
          5
          0
          0
          0
          0
          0
          0
          0
          0
          0
          0
          0
        118
          0
        255
         73
         35
         76
          0
         63
          0
          0
          0
          0
         10
        134
        255
        170
          0
        142
         86
        255
          0
          0
          0
          0
         32
         12
          0
          0
          0
        150
        167
        255
          0
         51
          0
        129
          0
        255
          0
        188
          0
        179
        167
          0
          0
        150
          0
        255
         64
          0
          0
          0
          0
        255
          0
         48
          0
          0
        237
        255
         13
          0
          0
          0
        121
          0
        131
          0
         48
          0
          0
          0
          0
         38
         39
          0
         63
        180
        255
         74
          0
          0
        106
          0
          0
          0
         33
         80
          1
         87
          0
          0
        255
          0
          0
          0
          0
        104
          0
          0
          0
         42
          0
        144
          0
        111
         84
         36
          0
          0
          0
          0
         15
        130
         45
        255
          0
        255
        183
        185
         17
          0
          0
          0
         81
          0
         32
          0
         82
          0
          0
          0
         37
        185
          0
          0
        128
          0
          0
          0
         51
          0
        255
          0
          0
        104
          0
        255
          0
        255
          0
          0
         86
          0
          0
        210
          0
          0
          0
         75
          0
          0
          0
          0
          0
          0
          0
          0
          0
          0
          0
        104
        163
          0
        255
          0
         81
          0
         48
        255
         44
          0
          9
        165
          0
          0
        121
          0
          0
          0
          0
        255
        223
          0
          0
         12
         54
        161
          0
          0
         38
         48
          0
         90
          0
          0
        255
          0
          0
          0
          0
          0
          0
          0
        114
          0
          0
          0
         19
          0
        201
          9
          0
        255
          0
          0
         67
         11
         64
         63
          0
          0
          0
          0
        109
          0
        193
          0
        255
        160
          0
          0
         52
          0
          0
          0
         33
        103
          4
          0
         48
          0
         33
        181
        196
          0
         74
         55
          0
         49
          0
        211
          0
          0
          0
          0
         66
          0
        170
          0
         86
         60
          0
          0
         73
          0
          0
          0
          0
          0
        150
        201
         74
          0
        162
          0
          0
          0
          0
          0
        208
        106
          0
         15
          0
        214
         19
          0
          0
          0
          0
          0
        255
        206
         77
          0
          0
        112
         31
        255
         44
          0
          0
          0
        207
        255
         15
          0
         24
        255
        110
        255
          0
          0
          0
        123
          0
          0
         29
         95
         11
          0
          0
         75
        255
        161
          0
        137
         94
          0
          0
        255
          0
         55
         86
         76
          0
          0
          0
        255
          0
          0
          0
        134
          0
          0
          0
        114
          0
         86
         74
          0
         27
          0
        140
          0
        255
         33
          0
          0
         19
          0
          0
          0
          0
          0
          0
          0
          0
          0
          0
         53
         78
          0
          0
          0
          0
          0
        172
          0
          0
        201
          0
          9
          8
          0
        173
        239
        124
          0
         48
          0
         86
        255
          0
          0
          0
          0
          0
          0
         43
         72
        255
        255
          0
        177
          0
          0
          0
          0
          0
          0
          0
        197
          0
         64
          0
          0
         47
        168
        255
        255
        103
          0
         10
        142
          0
          0
        170
        106
         19
        174
        201
          0
        255
          0
        106
          0
        224
         60
         27
          0
          0
        156
          0
         64
        102
          0
        204
         99
          0
          0
        255
          0
          0
          0
          0
        255
          0
          0
          0
          0
          2
          0
         49
          0
         48
          0
        231
          0
          0
        255
        240
          0
         67
          0
          0
          8
         51
          2
          0
          0
          0
         13
          0
         79
          0
          0
         12
        255
          0
          0
          0
          0
         18
          0
         77
          0
          0
          5
          0
          0
          0
          0
         98
          0
          1
        146
          0
        181
          0
         55
         85
         83
          0
          0
          0
        255
         34
         62
         15
          0
          0
          0
          0
         86
         99
         66
          0
          0
         65
          0
         16
          0
          0
         57
          0
          0
         32
          0
          0
        116
          0
        102
         74
          0
          0
          0
          0
        131
         56
        255
         82
        255
          0
        255
          0
          0
          0
          0
        177
        255
          3
          0
         14
        255
        105
          0
          0
         16
         88
         39
          0
          0
          0
         85
        253
          0
        184
          0
        255
         16
         90
        102
         54
          0
          0
        137
         90
          0
          3
          0
         25
          0
        240
          0
          0
        255
        109
        184
          0
          0
          0
          0
          0
         66
          0
         36
          0
          0
          0
         83
        255
         11
          0
          0
          0
          0
          0
          0
          0
         87
          0
        186
         17
        255
        255
          0
        103
          0
          0
          0
         17
          0
          0
         52
          0
          0
         80
         73
         30
          0
          0
         60
          0
          0
          0
        255
        103
          0
          0
        255
        203
        220
          0
          0
         46
          0
        255
          0
          0
          0
         27
        118
          0
          0
         24
         48
        192
        171
          0
         99
        167
          0
        144
         75
          0
         70
         40
          0
          0
          0
          0
          0
        249
         73
          0
         55
          0
        255
        177
        230
          0
          0
          0
          0
          0
          0
          8
          0
        245
          0
          0
          0
          0
          0
          0
          0
        208
          0
          8
        222
         16
          0
          0
          0
          0
          0
          0
        158
         93
          0
        185
          0
          0
          0
          0
          0
          0
          0
         87
         89
          0
          0
          2
          0
          0
        178
        184
          0
        255
          0
          0
        188
         28
          0
          0
          0
        208
         23
         19
        131
         11
          0
        209
         42
        192
          0
          0
          0
         48
          0
          0
        255
          0
          0
         64
          0
          0
          0
          0
          0
        255
        255
         84
        255
         60
          0
          0
          0
          0
          0
          0
          0
        194
          0
        171
          0
          0
          0
         80
          7
          0
        168
          0
          0
          0
        186
          0
         76
        157
          0
          0
         90
        255
        255
          0
        171
          0
        255
          0
          9
          0
         14
        144
          0
        225
        255
          4
          0
          0
          0
        178
          0
          0
          0
        111
          0
          0
          0
         15
         21
        145
        210
         65
          0
        255
        255
          0
          0
          0
          0
          0
        255
         60
          0
          0
        207
          0
          0
          0
          0
         98
          0
         91
        153
          0
         12
          0
          0
          0
         74
          0
         95
        245
          0
        124
         57
         27
        127
         24
          0
         24
          0
         23
          0
         69
          0
        142
          0
          0
          0
        255
        255
          0
          0
          0
          0
          0
        116
          0
        124
          0
          0
         47
        118
          8
         50
          0
          0
          0
         32
          0
          0
         19
        255
          0
          0
        116
         94
          2
          0
          7
          0
         92
          0
          0
         90
         49
          0
        220
        153
          0
        118
          0
          0
          6
          0
        184
          1
          0
          0
        255
        166
         37
          0
          0
        255
         35
        255
        149
          0
          0
          0
        243
          0
        238
        196
          0
          0
          0
          0
          0
         27
          0
          0
          0
          0
          0
         96
        255
          0
          1
         33
        255
          0
         49
          0
         77
        255
          0
        255
        166
          0
        112
          0
        133
        255
         17
          0
          0
          0
          0
        109
          0
          0
          0
        213
          0
        160
          0
          0
          0
          0
          0
          0
        255
          0
          0
          0
         43
          0
          0
        255
         14
          0
          0
         78
          0
         25
         89
          0
          0
        255
         55
          0
        216
        109
         48
        234
        237
          0
          0
          0
          0
          0
        178
          0
         57
          0
          0
        205
         22
          0
          0
        226
          0
          0
          0
        203
          0
        230
        255
          0
        232
          0
        191
         49
          0
          0
        119
         48
          0
          0
         22
          0
          0
          0
          0
          0
          0
          0
         68
          0
         65
        255
         13
          0
          0
          0
          0
        170
          0
        255
          0
          0
          0
          0
          0
          0
          0
          0
         51
        152
          0
          0
          0
          0
          0
         42
         88
          0
          0
        255
         87
          0
         84
        255
         45
        255
          0
         19
          0
          0
          0
        255
        104
        255
          0
          0
          0
        250
        255
         51
          0
         48
          0
         20
         15
          0
        191
        111
          0
          0
        255
          0
          0
          0
         93
        255
          0
          0
         69
         41
          0
          0
        202
          0
        255
          0
        157
          0
         66
          0
         37
        113
         12
         42
          0
          0
         17
          0
          0
        216
          0
        170
        216
        255
          0
         60
          0
         82
         32
          0
        165
          0
          0
        107
          0
          0
        118
        255
        108
          0
        132
        145
          0
        203
          0
         83
          0
          0
         43
         64
          0
          0
          0
        137
        196
          0
          0
         56
         10
        130
          0
         74
        184
          0
          0
          0
        185
          0
        255
        255
         98
          0
         91
          0
         74
          0
          0
         17
         18
          0
        106
          0
          0
          0
         77
        167
          0
        255
         64
          0
          0
        255
          0
          0
        176
        174
          0
         85
         65
          0
        222
        255
         74
          0
          0
          0
         11
        161
         48
         43
          0
          0
         94
        113
          0
          0
          0
        113
          0
        255
         19
          0
         87
        108
          0
        255
        169
        227
          0
          0
        239
          0
        255
          0
          0
         94
         60
        128
        246
        112
          0
         94
         16
          0
         86
         11
         82
          0
          0
        173
        255
          0
          0
        255
          0
        255
          0
          0
        159
        172
          0
          0
          0
          0
        178
          0
          0
          0
        112
          0
        255
          0
          0
        200
          0
         32
          0
          0
        145
          0
        188
        156
        229
         38
         32
          0
          0
         28
         18
          0
          0
          0
         91
          3
          0
        155
          0
        255
        138
          0
        113
          0
        229
          0
        146
         53
        240
          0
         19
         55
          0
          0
         71
          0
          0
        159
          0
