         35
          0
          0
        171
          0
          0
        255
         89
          0
         99
          0
          0
          0
          0
          0
          0
          0
        116
          0
          0
          0
        255
          0
        130
          0
         38
          0
        255
          0
         84
         28
          3
         38
        210
          0
          0
        121
        255
        249
          0
        187
          0
        117
          0
        255
          0
          0
          0
          0
          0
          0
          0
        105
          0
        213
         12
        111
          0
        100
          0
          0
          0
         30
          0
         55
          0
          0
        154
          0
        255
        255
          0
        101
          0
          0
         98
          0
          0
          0
          0
          0
          0
          0
          0
        101
        255
          0
         14
          0
          0
          0
          0
          0
         26
         45
        219
         47
          0
         32
          0
         19
        240
          0
          0
        165
          0
         34
          0
         37
          0
          0
          0
         61
          0
          0
         75
          0
        233
         31
         36
          0
        244
        121
          0
          0
          0
          0
          0
          0
          0
          0
        133
        159
        105
         47
          0
         13
         85
        255
          0
          0
        201
          0
          0
          0
         50
          0
        140
          0
        248
          0
          0
          0
        122
          0
        202
          0
          0
          0
         19
          0
         49
          0
          0
        255
        255
        255
        234
        162
          0
          0
          0
          0
          0
         76
          0
        125
          0
          0
         18
          0
        119
          0
          0
        137
          0
          0
          0
          0
          0
          0
          0
          3
        127
          0
          0
        159
        255
        183
          0
        170
          0
          0
        108
          0
        154
        255
         76
          0
          0
          0
          0
          0
        140
          0
          0
          0
          0
         30
          0
          0
          0
        143
        174
          0
        211
         63
          0
          0
        135
          0
          0
          0
         75
         44
         65
          0
        120
          0
          0
          0
          0
         12
          0
         29
          0
        105
         95
          0
        144
        168
        255
          0
         44
        103
        108
          0
          0
          0
          0
        236
        255
          0
          0
          0
         97
        242
          0
          0
         60
          0
          0
        178
        205
          0
          0
         97
        111
         84
          0
        142
          0
        121
         60
        196
          0
          7
          0
         48
        206
          0
        136
          0
          0
          0
        214
          0
        103
        255
          0
          0
          0
          0
          0
          1
          0
        126
          0
          0
         85
          0
          0
          0
          0
          0
          0
         17
          0
          0
          0
          0
          0
          0
          0
          0
        255
        117
          0
         22
          0
          0
        184
          0
          0
          0
        255
          0
          0
          7
          0
          0
          0
          0
          0
        138
         91
        103
        255
          0
          0
          0
          0
          0
          0
          0
          0
        165
        255
        238
          0
          0
          0
          7
          0
          0
          0
          0
          0
          0
          0
         29
          0
         13
        255
          8
         92
         45
        149
         98
          0
        118
         49
          0
        190
          0
         34
        155
          0
        126
          0
          0
          0
          0
          0
          0
          0
          0
        119
          0
        228
          0
        218
          0
        118
          0
          0
        255
          0
         11
          1
          0
          0
          0
          0
        140
          0
         76
          4
         28
          0
        190
          0
          0
        255
         72
          0
        255
          0
          0
          0
          0
          0
          0
        107
          0
        157
         28
        255
        255
        236
         56
          0
          7
          0
          0
          0
          0
          0
          0
          0
          0
          0
         47
        255
          0
         80
         87
          0
          0
        100
          0
        115
          0
          0
          0
         21
        101
          0
          0
          0
         33
        255
         26
          0
          1
         44
          0
          0
          0
          0
          0
         84
          0
          0
          0
          0
          0
         21
        116
          0
        166
          0
         69
          0
         68
          0
          0
          0
          0
          0
         25
        255
          0
          0
         43
          0
        126
        255
         93
          0
          7
          0
