          0
          0
          0
        166
         49
          0
        111
          0
          0
          0
          0
          0
          0
         39
          0
          0
         38
         72
         41
          0
          0
          0
          0
         39
          0
          0
         67
        255
        202
          0
        137
        250
          0
          0
          0
          0
          0
          0
         50
        255
          0
          0
          0
          0
          0
        255
          0
          0
          0
          0
         23
          0
          0
          0
          0
          0
          0
         44
        108
         85
         17
          0
        140
          0
         52
          0
        255
        100
          0
          0
         43
        255
          0
          0
          0
          0
          0
        255
          0
        189
          0
          0
        128
          0
          0
          0
         60
          0
         12
         39
         38
          0
        206
          0
        114
          6
         71
        197
          0
         12
         55
          0
          0
          0
          0
          0
         99
          0
          0
        255
          0
          0
        161
         73
          0
          0
          0
          0
        106
          0
          0
        185
         86
         85
          0
          0
          0
          0
          0
        246
          0
        147
         39
        165
         99
        140
          0
        231
          0
         85
          0
        255
        145
          0
          0
          0
        154
          0
          0
        255
          0
          0
          0
          0
          0
        200
         75
          0
          0
         53
          0
         40
          0
        202
         67
          3
          0
          0
          2
         86
        130
          0
          0
        255
          0
         61
        150
        134
         26
         51
         22
          0
          5
          0
         38
         72
        183
          0
          2
         18
        158
        255
          0
          0
        195
        174
          0
          0
         30
          0
          0
         79
        111
          0
        255
        105
          0
        110
          0
          0
        172
          0
          0
          0
          0
         36
          0
          0
         80
        255
          0
         58
         48
         13
          0
          0
        255
        113
         78
          0
          0
          0
         53
        255
          0
          0
          0
          0
         84
          0
        207
          0
          0
          7
         55
          0
         25
         92
         80
         13
          0
        240
          0
          0
        149
         25
          0
          3
        255
        115
         70
        104
         96
          0
          7
        168
        146
          0
        255
          0
        149
          0
          0
          0
          0
         20
          0
        255
          0
          0
          1
         69
          0
         32
          0
          0
         30
        101
        118
          0
        255
        118
         27
          0
          0
          0
        128
        121
          0
         72
          4
          0
          0
         97
          0
        200
         40
          0
        173
          0
          2
          0
         43
         56
          0
         81
          0
        111
        123
        208
          0
          0
         65
          0
         59
          0
          0
          0
        127
          0
          0
          0
          0
        255
          0
        126
          0
          0
         77
          0
         79
          0
          0
          0
          0
          0
        122
          0
          0
          0
         53
          0
          0
          0
        255
         32
          0
          0
          0
          0
         98
        161
          0
          0
          0
          0
          0
          0
        185
          0
          0
          0
         36
          0
          0
         85
         74
        113
          0
        154
          0
          0
          0
          0
          0
        106
          0
          0
          0
         54
         14
          0
          0
          0
          0
          0
        106
        255
        114
         12
          0
          0
          0
          0
        170
          0
         52
          0
          0
         73
        143
         21
        228
          0
          0
        220
          0
          0
        119
          0
          0
          0
          0
          0
        150
        145
          0
          0
        255
          0
          0
          0
          0
         24
        169
          0
        201
          0
        111
         53
          0
          0
         90
          0
        255
          0
          0
        255
        105
        254
        170
        106
          0
          0
         83
        104
          0
         68
          0
          0
        255
          0
         23
          0
         57
        106
        146
          0
          0
          0
         74
        136
         82
          0
        131
          0
        122
          0
          0
         38
        134
        229
        117
        185
          0
          0
          0
          0
         53
          0
         19
          0
          0
          0
          0
         25
        122
          0
          0
          0
         15
         61
          0
         31
          0
          0
          0
         17
          0
          0
        119
         64
