          0
         44
          0
        255
          0
        172
         93
          0
          0
         32
        112
         57
          0
         58
          0
          0
        203
        241
          0
         13
         82
         19
          9
          0
          0
         70
          0
          0
         82
        154
          0
          0
          0
         38
        100
        237
         86
        157
          0
        118
         94
         33
        207
          0
          0
          0
         66
        213
        254
        255
          0
          0
         67
        123
          0
         41
          0
        193
          0
          1
        235
        122
          0
          0
          0
         19
         65
        245
         52
          0
          0
          0
        179
          0
         55
         77
          0
        194
        162
          0
          0
          0
         33
          0
         72
        133
          0
          0
        170
          0
        255
          0
          0
        172
        229
         64
          0
         35
         10
        255
          0
        195
          0
        137
        120
          0
          0
        168
        151
          0
        104
          0
          0
          0
          0
          0
         94
         78
          0
         77
          0
          0
        255
         43
          0
         57
          0
          0
          0
         23
        156
          0
          0
          0
          7
        148
        154
          0
          0
        167
          0
          0
          0
          0
        178
        255
          0
          0
          0
         72
          0
          0
          0
        191
          0
          0
          0
        125
          0
         98
          0
         16
          0
          0
          0
          0
          0
         98
        180
          0
          0
         86
          0
        102
        143
          0
        142
        255
        112
          0
          0
         84
        193
          0
        255
        237
         71
          0
          0
         66
          0
        202
          0
         10
         96
          0
          0
        205
          0
          0
        164
         47
         18
         13
          0
         60
        119
          0
        255
        255
          0
          0
          0
        100
          0
          0
          0
        168
          0
          0
          0
         98
          0
          0
          0
          7
          0
        255
         73
          0
          0
          0
          0
         20
          0
          0
          0
          0
          0
         14
        199
        255
          0
          0
          0
          0
          0
        162
          0
         30
          0
          0
          0
          0
          0
        110
          0
         40
          0
        255
          4
        132
        153
          0
         74
         13
          0
          0
          0
          0
          0
         45
          0
        255
          0
          0
          0
         19
         49
          0
          0
         19
        246
        203
         49
        151
          0
          0
          0
          0
          0
          0
          1
          7
        151
         52
        175
          0
          0
          0
          0
          0
        151
        180
          0
          0
          0
         89
          0
          0
          0
         63
          0
          0
          0
        114
         74
         99
         50
        165
          0
          0
          0
        255
          0
          0
          0
          0
          0
          0
          0
          0
          0
          0
        120
          0
         38
        200
          0
         35
          0
        124
          0
          0
        255
         24
          0
          0
          0
          0
          0
          0
          0
         43
        141
          0
         85
          0
          0
          0
          0
          1
          0
          0
          0
          0
        100
          0
          0
          0
        236
          0
        110
         34
          0
        255
         16
         45
          0
          0
          0
        120
          0
          0
          0
         41
        239
        255
          0
          0
          5
          0
         59
          0
        164
        173
         32
         89
        147
          0
          0
          0
        173
          0
         96
         97
          0
          0
          0
         66
          0
          0
         41
        171
          0
        157
         83
         12
          0
        227
          9
         94
          0
          0
         81
          0
        197
        132
          0
          0
          0
        162
        255
        255
          0
          2
          0
          0
          0
          0
         35
          0
          0
          0
         89
          0
          0
          0
          0
         43
         43
        171
         14
        144
          0
         99
          0
          0
         88
        158
          0
          0
          0
          0
          0
        255
        178
          0
         67
        130
        176
        199
          0
         58
          0
          0
        154
        107
          0
          0
          0
         29
        164
          0
          0
         56
          0
        151
        127
         12
          0
          0
        132
          0
          0
         72
          0
        255
          0
          0
          0
          0
        120
          0
          0
         61
         43
          0
        172
          0
          0
         28
          0
          0
        111
        255
         21
          0
        167
        128
          0
         61
        108
         49
          0
         34
        130
          0
         85
        116
        252
         23
         66
          0
          0
         34
          0
          0
          0
         62
        154
        151
        255
        119
          0
          0
          0
          0
          0
         25
          0
          0
          0
         48
        111
         18
          0
         20
          0
        148
          0
          0
         66
          0
          0
          3
          0
          0
          0
          0
         33
          0
        219
         77
          5
        117
          0
          0
         62
          0
         59
         73
        182
        111
          0
          0
        255
        164
          0
        200
         83
          0
          0
        125
         22
          0
         78
         91
         31
         16
          0
          0
        107
        251
          0
          0
        118
          0
         65
          0
         75
        136
          3
         98
          0
         40
          0
          0
         30
          0
          0
          0
          0
          0
          0
          0
        145
          0
         24
          0
        192
          0
          0
          0
          0
          0
         42
          0
        188
         69
          0
          0
        241
          0
          0
          0
         43
          0
         19
          0
         50
         29
          0
        255
         80
          0
          0
          0
          0
          5
         67
          0
        255
         69
         15
          0
          0
          0
          0
        166
          0
          0
          0
          0
        137
         22
          0
        191
          0
          0
          0
          0
          0
          0
          0
         50
          0
          0
          0
          0
          0
          0
         53
          8
          0
          0
          0
          0
          0
        193
          0
          0
          0
          0
          0
         28
          0
        255
          1
          0
          0
          0
          0
          4
          0
          0
          0
        255
          0
         73
          0
          0
         49
          0
          0
         72
        189
          0
        255
          0
        203
          0
        116
          0
          0
         99
         89
          0
          0
        116
         10
          0
        148
          0
          0
          0
          0
          0
          0
        255
        139
         88
          0
        255
          0
          0
          0
         52
          0
          0
          0
          0
        126
        255
          0
         24
          0
          0
          0
          0
        161
         32
          2
          0
        119
         95
         72
          0
          0
          0
         46
         26
        151
         52
          0
        255
        185
          0
         37
          0
          0
          0
        234
          0
          0
         61
          0
        158
          0
         10
         80
          0
          0
        255
          0
          0
          0
        146
          0
          0
         52
          0
          0
          0
          0
         62
          0
        128
          0
          0
         67
          0
        250
          0
          0
          0
        158
          0
          0
        187
          0
          0
         83
          0
        218
        171
          0
          0
          0
          0
          0
          0
         13
        139
          0
         78
         56
          0
          0
        197
         88
          0
         73
          0
          0
          0
          0
          0
          0
         60
         77
         20
         50
         97
          0
          0
        178
        255
          0
          0
          0
         60
          0
          0
          0
          0
          6
          4
        150
        180
        246
         96
         21
         63
          0
         16
        131
         44
          0
          0
          0
          0
        126
         26
          0
          0
          0
          0
          0
          0
          0
         69
         39
          0
         28
          0
        100
          0
          0
          0
        111
        156
         51
          0
         84
          0
         61
         30
        186
          0
        255
        192
          0
        255
        113
          0
        250
          0
         86
          0
          0
        255
          0
         43
          0
          0
          0
          0
          0
          0
          0
          0
          0
          0
          0
        255
        234
          0
         73
          0
          0
        211
          0
          0
          0
          0
         12
          0
          0
          0
         91
          0
          0
          0
          0
         17
          0
        143
          0
          0
          0
          0
          0
          0
        156
          0
          0
        255
          0
          0
          0
         71
          0
        255
         35
          0
          0
        255
          0
        140
         51
        190
          0
         28
         56
        255
          0
          0
        178
          0
          0
          0
        255
        178
          0
          0
        118
         30
          0
        255
          0
          1
          0
          0
          0
        199
          0
          0
          0
        255
        191
          0
          0
         49
          0
          0
          0
        255
         35
         97
        103
        154
        150
          0
         63
         26
          6
        157
          0
        110
          0
        255
          0
         18
          0
         36
          0
          0
         91
         17
         69
          0
          0
          0
         58
         76
          0
          0
         71
        255
          0
          7
        150
         41
          0
         16
          0
          0
          0
          0
         98
          0
         29
        226
          0
         24
         19
          0
          0
          0
          0
          0
        212
        129
         25
          0
        191
          0
          0
          0
         72
        255
         78
          0
          0
          0
          0
          1
          0
         38
        175
          0
          0
          0
          1
          0
          0
        116
          0
         78
          0
          0
        214
          0
        183
          0
          0
         24
        145
          0
          0
          0
         65
        255
          0
          0
        151
          0
          0
          0
         35
          0
          0
          0
          0
        138
        255
          0
          0
         37
         48
         49
          0
          0
          0
          0
          0
         78
          0
          0
          0
          0
          0
          0
          0
          0
          0
          0
         22
          0
          0
          0
          0
          2
          0
        255
          0
          0
          6
        255
        195
          0
         34
          0
        255
        172
         60
          0
        152
          0
          0
        186
        253
          0
          0
          0
         36
        255
          0
          0
         29
         54
          0
          1
        229
        159
          0
        210
        154
          0
        104
        255
          0
         19
         92
        130
         35
          0
          0
          0
        255
          0
        103
        176
          0
          0
         18
          0
          0
        166
         32
          0
          0
          0
         22
         45
          0
          0
        175
        255
         92
        202
          0
        218
          0
          0
          0
         62
          0
          0
          0
          0
        255
        210
        168
        151
          8
         49
          0
         31
          0
          0
          0
          0
        115
          0
          0
          0
         25
          0
          0
          0
          0
         50
          0
        255
          0
          0
          0
          0
        176
          0
          0
         33
          0
         67
          0
          0
          0
          0
          0
         23
          0
        146
         50
         28
          0
          0
         37
         66
        255
         37
          0
        245
         88
        202
          0
        255
          0
         61
         87
          0
        150
          0
          0
         11
          0
          0
         17
          0
          0
        207
          0
          0
         45
        255
         69
          0
         24
          0
         31
          0
        166
          0
          0
          0
          0
          0
          0
        255
          0
        104
         70
         45
          3
          0
         48
        107
          0
         51
        109
          0
          0
         78
          0
          0
          0
        131
          0
          0
          0
          0
          0
         10
          0
          0
          0
         47
          0
        189
          0
        255
          0
         65
        100
          0
          0
        235
        148
          0
          0
          0
         28
          0
        172
          0
         66
          0
         60
        222
          0
          0
          0
          0
          0
          0
         73
          0
          0
        115
        159
          0
          0
          0
          0
         81
         67
          0
          0
        143
          0
        148
          0
        157
          0
        112
          0
          0
          0
          0
          0
        255
          0
          0
          0
          0
          7
          0
          0
          0
         67
         15
        118
          0
        246
          0
          2
          0
          0
         93
          0
          0
          0
         17
          0
          0
          0
        134
          0
         81
         64
          0
          0
          0
          0
          0
        135
        119
          0
          0
          0
          0
         70
          0
         46
         26
        234
        206
          0
          0
          0
          0
          0
         34
          0
         23
        255
          0
        121
        108
          0
          0
          0
          0
        128
          0
          0
          0
          0
          0
         38
         57
          0
          0
          0
          0
        116
          0
         72
        215
         94
          0
         42
          7
          0
         18
          0
         29
         76
         94
         48
         59
          0
          0
          0
          0
          0
        115
         64
         41
         81
          0
          0
         37
        255
          0
          0
          0
          0
         72
        255
        255
         57
          0
         59
         82
          0
         19
          0
          0
        255
         36
        224
        152
          0
          0
          0
         14
          0
        255
          0
          0
        188
          0
         32
          0
          0
          0
         41
         62
        155
          0
          0
        255
          0
          7
          0
         56
          0
          0
          0
         53
         28
         20
         34
          0
          0
        125
          0
          0
          0
        255
          0
          5
        118
         31
          0
          0
        237
        110
          0
          0
          0
          0
        255
        255
          0
         46
         16
          0
          0
          0
          0
          0
         77
          0
         88
          0
         32
          8
          0
          0
          0
          0
         53
          0
          0
         60
         17
          0
        191
         91
         15
          0
        160
          0
          3
        255
        224
         35
          0
         91
          0
          4
        255
         22
          0
          0
          0
          0
          0
         75
         87
          0
          0
        255
          0
         91
          0
         18
          0
          0
        140
        130
          0
          0
          0
          0
        204
          0
        226
          0
         34
        116
        239
          0
        189
          0
          0
         34
          0
          0
        120
         64
          0
          0
          0
        130
          5
        186
          0
          0
          0
          0
          0
          0
          0
          0
          0
          0
        114
          0
          0
         49
         59
        123
        255
          0
          0
          0
         31
          0
        242
        133
          0
          0
          0
          0
        246
        124
          6
          0
         92
          0
          0
          0
          0
          0
          0
          0
        138
          0
        184
        255
          0
          0
         39
        109
        255
        236
          0
          0
        210
        183
        162
        176
        255
        138
         13
          0
          0
        255
          0
          0
          0
          0
         58
          0
         28
         50
          0
        255
          0
          0
          0
        169
          0
          0
         78
         83
          0
        118
          0
          0
        255
          0
         13
         72
          0
         64
          0
          0
          0
        113
          0
          0
         29
          0
          0
         72
        247
          0
          0
          0
        132
         67
          0
        141
         86
          0
         45
         22
          0
         21
          0
         29
          0
          0
         43
          0
          0
        241
          0
         15
          0
        255
         85
          0
         97
          0
          0
          0
         76
          0
        120
          0
          0
          0
          0
        231
          0
          0
          0
        132
        255
        190
          0
          0
        255
         85
          0
          0
        189
         69
          0
          0
          0
          0
          0
          0
          0
          0
          0
          0
          0
        125
         42
          0
         98
          0
          0
          0
         29
         54
          0
         28
        255
        114
          0
        117
          0
        144
          0
          0
          0
          0
          0
          0
        246
          0
         41
          0
          0
          0
          0
          0
          0
         29
         35
          0
          3
          0
        231
        255
          0
         17
         29
          0
        113
          0
          0
        211
          0
        188
          0
          0
         67
         47
          0
          0
        104
          0
         52
         72
         91
          0
          0
          0
         73
         97
         58
          0
          0
          0
         41
          1
          0
         72
         29
         86
         27
          0
        152
         51
          0
          0
          0
          0
          0
          0
          0
          0
        203
          0
         45
          8
          0
          0
          0
         61
        255
        144
         14
          0
         25
          0
          0
        255
          0
         82
          6
          0
        251
          0
          0
        219
          0
        202
          0
          0
         33
          0
          0
          0
        188
          0
         81
        165
          0
          0
          0
          0
          0
         80
        103
          0
          0
          0
          0
        195
          0
          0
          0
          0
         79
          0
          0
        135
        203
          0
          0
         17
          0
          3
         98
          0
         28
          0
          0
          0
          0
          0
          0
          0
          0
        121
          0
          0
          0
          0
          0
        255
        237
          0
         41
          0
          0
        121
          0
          0
        255
          0
          0
          0
         12
         15
          5
         10
        213
        255
         10
          0
         31
          0
          0
         40
          0
          0
          8
        255
          0
         76
          0
          0
          0
         90
         64
          0
          0
        230
          0
        213
          0
         63
          0
          5
          0
        206
