          0
          0
        255
          0
          0
          0
          0
        166
          0
          0
        104
          0
          0
          0
          0
          0
          8
        199
         92
         15
         31
          0
          0
          0
          0
          0
         19
         50
        255
          0
          0
         46
          0
          0
          0
          0
          0
          0
          0
        129
          0
          0
         18
          0
          0
         88
          0
        229
          0
          0
          0
          0
          0
        136
          0
          0
          0
          0
          0
        255
        122
         27
          0
          0
          0
        167
          0
        111
        106
        170
          0
         76
          0
          0
        216
          0
          0
          0
          0
        156
          0
        108
        119
          0
          0
          0
          0
          0
          0
          0
          0
        144
        115
         33
          0
          0
          0
          0
        255
         30
          0
          0
          0
        147
          0
        192
          0
          0
          0
         71
          0
        255
          0
          0
          0
          0
          0
          0
         22
          0
          0
          0
          0
        116
        255
          0
          0
          0
          0
          0
        255
        238
         20
          0
          0
          0
          0
        249
          0
          0
        237
          4
          0
          0
          0
         65
          0
          0
        110
        103
          0
        245
          0
         25
          0
          0
        178
          0
         92
        255
         65
        255
         13
          0
          0
        182
         77
          0
          0
          0
        212
        188
          0
        106
          0
        255
          0
        175
         61
          0
          0
          0
          0
          0
        255
         76
          0
         27
         85
          0
          0
          0
         49
          0
         65
        151
          0
        162
        181
        111
          0
         83
        197
          0
        252
          0
          0
        255
          0
          0
         55
         66
          0
        168
          0
         99
        255
          0
          0
          0
        255
         19
          0
          0
          0
        212
        255
          6
         80
          0
          0
          0
         63
          0
        135
         32
          0
          0
          0
        255
         14
         28
          0
          0
          0
        255
         18
         25
          0
          0
          0
        255
          0
          0
        215
        255
          0
        112
        255
        201
          0
          0
          0
          0
          0
          0
          0
          0
         39
          0
          0
        255
          0
          0
        138
          0
         54
          0
          0
         37
        255
         76
          0
          0
        255
         71
          0
        255
          0
        114
        220
        244
        107
        119
        111
        182
        131
        255
          0
          0
          0
          0
          0
         46
         68
          0
        154
          0
         38
        255
          0
          0
        255
          0
          0
         11
          0
         11
          0
          0
         22
          0
        255
          0
          0
          0
          0
        151
          0
         12
          0
          0
         74
          0
          3
        225
         95
         92
        168
         25
          0
          0
          0
        209
         67
          0
          0
        201
        167
         53
          0
          0
          0
          0
          0
         20
          0
         60
        228
        141
        109
        209
        112
          0
          0
          0
          0
        255
         39
        160
          0
        255
          0
          0
         17
          0
          0
          0
         39
        152
          0
         95
        185
          0
         62
         79
          0
          0
          0
          8
          0
        141
          0
        200
          0
        148
          8
          0
         55
        255
          0
          0
        172
          0
        127
         83
          0
         27
        255
         19
         52
          0
          0
         77
        199
        255
          0
          0
        255
          0
          0
        241
        193
         91
          0
          0
          0
          0
          0
          0
          0
          0
          0
          0
        141
         48
          0
          0
          0
          0
          0
         75
          0
          0
          0
         82
          0
          0
         58
          0
        154
          0
        149
         64
          0
          0
          0
          0
          0
        255
          0
         23
          0
          0
         60
        234
          0
          0
          0
          0
          0
          0
        220
          0
          0
          0
          0
         78
        108
        173
          0
          0
        169
          0
          0
         98
          0
          0
         69
         87
          0
         28
          0
        128
          0
          0
         43
         94
        147
        102
          2
          0
          0
          0
          0
          0
          0
         84
          2
          0
          0
          0
