          0
        232
         64
          0
          0
        155
         42
        138
         22
        119
          0
        255
        129
         53
        188
          0
        173
         48
        255
        203
          0
          0
         26
        219
         13
         73
         19
          0
         36
          0
        255
        162
         53
        128
          0
        255
          0
          0
          0
          0
         20
        168
          0
          0
        255
        111
          0
          0
        255
          0
        255
         56
          0
          0
         29
        115
        255
          0
          0
          0
         83
        255
          0
          0
          6
         94
         84
        255
          0
          0
          0
        205
          0
        255
          0
          0
        255
         39
        232
          0
          0
          2
          0
          0
          0
          0
          0
        252
        175
          0
        133
          0
          0
        178
        255
        191
          0
          0
          0
          0
         31
         54
          0
          0
          0
          0
          0
          0
         64
          0
          0
          0
        255
         47
          0
        156
          0
          0
         77
          0
          0
          0
          0
          0
        102
         95
          0
          0
          0
          0
          0
        225
          0
          8
        123
          0
         52
          0
          0
        255
          0
         38
          6
         68
        231
          0
         74
        206
        140
         63
         74
        196
          0
         86
         92
          0
          0
          0
          0
          0
         14
        222
         31
         67
          0
          0
          0
         48
          0
        255
        207
          0
          5
          0
        183
         38
          0
         34
          0
        236
        255
          0
        108
        121
        255
         64
        147
         78
          0
         27
        255
          0
          0
         49
          0
        255
        255
        243
        151
          0
          0
        255
        133
          0
        129
          0
          0
         61
        255
          0
        255
          0
          0
         76
         74
          0
          0
          0
          0
         16
          0
          0
         72
        167
          0
         49
          0
          0
          0
        120
         85
        152
        141
        255
          0
          0
        255
         27
         70
          0
        255
          0
          0
          0
          0
          0
          0
          0
          0
          0
          0
          0
         19
          0
          0
          0
         32
         97
          0
          0
          0
         84
        117
          0
          0
         92
          0
        255
        255
         55
        176
          0
        255
         26
        255
        112
        255
          0
         80
          0
         65
         55
         22
          0
          0
          0
        255
        186
         60
         80
          0
        157
          0
        201
          0
         75
         34
        255
        110
          0
        255
          0
        106
          0
          0
         87
          0
        223
          0
          0
         88
        222
         24
         91
          0
        183
          0
          0
        255
          0
          0
        165
          0
        255
          0
        208
        218
         89
          0
        255
        150
        255
        161
         30
        219
          0
        255
          0
          0
         48
          0
          5
          0
        165
          0
        141
          0
        255
          2
          0
        255
          0
          0
          0
         63
        255
          0
          0
        200
        250
        186
        255
        255
          0
         17
          8
          0
          0
          0
          0
        107
          0
          0
         38
          0
         71
        127
          0
          0
          0
         57
         98
          0
        175
          0
        199
        140
        204
          0
          0
         82
          0
        175
          0
          0
          0
        127
          7
          0
         68
        235
         61
          0
          0
          0
          0
          0
          0
          0
          0
          0
          0
          0
         18
         78
        125
          0
         41
          0
        255
          0
        158
          0
        129
         83
          0
        202
          0
          0
          0
          0
          0
          0
          0
          0
         96
         93
          0
          0
          0
          0
          0
        188
        255
          0
          0
        255
          0
          0
         45
         43
          0
          0
          0
          0
        186
          0
          0
        145
        255
        126
          0
         56
          0
          0
          0
          0
         71
        255
          0
          0
          0
        149
          0
          0
          0
          0
          0
          0
          0
          0
        118
          0
          0
        255
          0
          0
         65
        127
          0
        251
        255
          0
         71
         82
          0
          0
          0
        255
        138
          0
          0
          0
         88
          0
          0
          0
          0
          0
          0
         34
          0
