          0
          0
         73
         61
        105
          0
          0
          0
        175
          0
        116
         12
          0
          0
          0
        161
          0
          0
          0
         38
        255
          0
          0
         20
          0
          0
        255
          0
         33
          0
         70
          0
        105
          0
        108
          0
          0
         26
          0
          0
        255
        149
          0
          0
        111
          0
          0
        255
          0
         37
          0
          0
        255
          0
          9
          0
          0
         76
          0
          0
         35
          0
        153
          0
        192
          0
         89
          0
          0
        132
        131
          0
        117
          0
          0
          0
        156
          0
        138
        148
          0
        165
          0
        255
        240
          0
          0
         56
          0
         30
        255
          0
        157
          0
        231
          0
        214
          0
         98
         45
          0
          0
          0
          0
          0
        139
        150
          0
         89
        113
          0
          0
          0
         23
         63
        110
        255
         95
         54
        161
          0
         17
          0
          0
         21
          0
          0
          0
        181
          0
          0
         78
        158
          7
          0
          0
          0
          0
        122
         68
          0
          0
         95
          0
          0
          0
          0
        255
        255
         18
        117
          0
          0
          0
        156
          0
          0
        255
        251
          0
         55
          0
          0
          0
          0
         43
        167
          0
          0
         71
          0
          0
          0
          0
         43
          0
          0
          0
         56
        255
        255
          0
        125
          0
          0
          0
          0
          0
          0
          0
        227
          0
         16
          0
          0
          0
         37
          0
        160
          0
          0
        190
          0
          0
         41
        204
          0
        255
          0
         63
          9
          0
        255
          0
        136
          0
         48
          0
         18
         85
        116
        118
        227
          0
        165
          0
         35
         48
          0
        173
        177
          0
          4
          0
          0
          7
        112
         14
         37
        209
          0
          0
          0
        255
        210
        130
         70
          0
          0
        105
          0
        158
        124
          0
        107
          0
          0
         40
        140
         84
          0
          0
          0
          0
          0
          0
        247
         45
          0
        134
          0
          0
          0
        255
          0
        233
          0
         99
         93
          0
          0
         91
        255
        255
          0
          0
        161
        142
        121
         43
          0
          0
        155
          0
          0
         42
          0
          0
          0
        121
          0
         33
         23
          0
        255
          0
        102
        162
          0
          0
          0
          0
          0
         69
        180
          0
          0
          0
          0
          0
        128
          0
          0
          0
          0
         35
          0
         42
        255
        146
          0
          0
          0
          0
          0
          0
          0
        189
         44
          0
          0
          0
         15
          0
          7
        108
        255
          0
          0
          0
        254
          0
          0
         98
          0
          0
          0
         47
          0
          0
        160
         20
          0
          0
          0
          0
          0
        255
          0
          1
          0
          0
          0
        115
         39
          0
          0
          3
          0
          0
          0
          0
        232
          0
        155
          0
          0
         70
          0
          0
          0
          0
        255
          0
        135
          0
         19
          0
         33
        255
        255
          0
          0
          0
          0
        139
         16
        255
          0
        117
          0
          0
         56
          0
         15
          0
        112
         11
          0
          0
        223
        112
         18
          0
          0
         67
          0
        147
          0
          0
         16
          0
          0
          0
          0
          0
          0
          0
          0
         77
          0
         97
          0
          0
          0
         97
          0
          0
          0
          0
        140
         23
         89
          0
          0
          0
        156
        108
          0
        147
          0
         69
         56
          0
          0
          0
          0
          0
          0
          0
          0
        255
          0
         41
         41
          0
          0
          0
         77
          0
         21
          0
          0
          0
          0
        137
          0
        130
         74
        162
          0
          0
          0
          0
        147
          0
          0
        255
          0
        249
          0
        174
          0
          0
        255
          0
        255
         36
        171
         19
         65
        223
         76
         35
         30
          0
          0
        146
        205
          0
        255
         16
          0
        108
          0
        131
         14
          0
        255
        255
         26
          0
          0
        123
          0
        175
        221
        108
         97
          0
          0
          0
        173
        177
        211
          0
        102
          0
          0
         50
          0
          0
          0
          0
          0
          0
          0
          0
         72
          0
          0
          0
          0
          0
          0
         85
         67
          0
          0
          0
          0
        255
         48
        255
        200
          0
        180
          0
         95
        161
          0
          0
         80
         17
         33
          0
          0
          0
         58
         57
          0
         43
          0
          0
          0
          0
         35
          0
          0
          0
          0
          0
        193
          0
          0
        255
          0
          0
        138
          0
          0
        177
          0
         50
          0
        101
          0
        129
          0
        133
          0
          0
         76
         26
          0
        255
          0
        255
          0
          0
          0
         62
        214
          0
          0
          0
          0
          0
          0
          0
        133
          0
          0
          0
        120
          0
        209
          0
        172
          0
         96
          0
          0
          0
        100
        245
        255
        255
         27
          7
          0
          0
         53
          0
          0
         75
          0
          0
        150
          0
         84
          0
         46
         85
          0
        121
         31
         70
          0
          0
          0
          0
         41
         12
        181
          0
          0
          0
        255
         93
          0
          0
          0
        222
          0
          0
        144
          0
          0
        101
          0
         29
        122
         74
          0
          0
          0
          0
          0
         28
         20
         66
        187
          0
          9
          0
         72
          3
         81
          0
          0
          0
          0
          0
          0
         69
          0
         49
          0
         54
          0
          0
        159
          0
          0
          0
         57
          0
          0
        132
        182
         89
          0
          0
        255
          0
          0
         39
         87
        185
         28
        255
        190
        255
          0
          0
          0
          0
          0
          0
        245
          0
        255
          0
        145
          0
          0
         48
          0
         38
          0
          0
          0
        179
         14
          0
          1
        109
          0
          0
          0
        106
          0
         77
          0
          0
          0
          0
          0
          0
          0
         33
         32
          0
          0
          0
          0
          0
         58
        208
          0
          0
          0
          0
          0
        178
          0
        125
          0
          0
          0
        122
          0
          0
          0
          0
        255
        255
          0
          0
          0
        111
         68
          0
         24
          0
          0
          0
          0
          0
         15
        150
        187
          0
          0
          0
        207
          0
        207
          0
          0
         51
          0
        119
          0
         26
        142
        255
          0
        255
         35
         77
          0
          0
         41
         81
          0
         53
          0
        255
          9
          0
          0
          0
         88
          0
         69
          3
        188
          0
        145
          0
          0
         67
         88
          0
          3
         42
         33
         76
          0
        255
          0
          0
          0
        119
         90
          0
          0
          0
          0
          0
         48
          0
          0
        180
        111
          0
          0
          0
          0
         80
         48
          0
        160
         84
          0
         61
          0
          3
          0
         13
        255
          0
          0
          0
          0
         37
        112
         40
        201
          0
          0
          0
          0
          0
         27
          0
         48
        117
         94
         94
          0
          0
          0
          0
        127
        217
         91
          0
          0
          0
          0
        255
          0
          0
          0
          0
          0
        192
          0
          0
          5
         27
          0
          0
          0
          0
          0
         32
        193
          0
          0
         13
        173
         18
          0
          0
         21
          0
          2
          0
         23
        110
         68
          0
          0
          0
          0
          0
          0
          9
          0
          0
          0
         96
          0
          0
         16
          0
        246
          0
          0
          0
          0
         21
          0
        134
         63
          0
          0
        207
        181
         66
        100
        145
         35
        225
        159
        181
          0
          0
          0
          0
          0
          0
        109
          0
          0
          0
          0
          0
         97
          0
          0
        125
          0
          0
          0
          0
         86
          0
          0
          0
          0
        128
         16
        116
          8
        255
          0
         98
         18
        214
         29
        171
          0
          0
          0
          0
          0
          0
          0
         62
        145
        223
        191
          0
          0
          0
          0
          0
          0
          0
          0
          0
        223
        137
          7
          0
          9
        201
        255
          0
          0
          0
          0
         61
        112
          0
          0
          0
        255
          0
          0
          0
        165
          0
        118
          0
        166
          0
        197
         55
        206
        150
         51
        185
        245
         99
        155
         56
        135
        204
          0
          0
          0
          0
          0
          0
          0
          0
          0
          0
         30
          0
         56
          0
         94
          0
          0
          0
        111
          0
          0
          0
         99
         10
          0
          0
         81
          0
          0
        115
          0
          0
          0
          0
          0
         35
        255
        208
          0
          0
          0
          0
          0
        255
         95
          0
          2
          0
         70
          0
          0
          0
         59
         40
         71
          0
         75
          0
         55
         56
         17
          0
        143
          0
        255
          0
          0
        255
          0
          0
          0
          0
          0
        119
          0
          0
          0
          0
        227
         15
         55
          0
         76
         87
          0
          0
          0
        172
        255
          0
          0
          0
          0
        121
         52
        255
          0
        255
          0
         82
          0
        144
          0
        173
          0
          0
          0
          0
          0
        218
          0
        103
        103
          0
         30
         51
        140
          0
          0
          0
         84
          0
          6
         21
          0
         78
        110
          0
          0
        255
         23
          0
          0
          0
          0
          0
          0
          7
          0
         41
         63
         23
        191
          0
          0
          0
         36
         18
        142
        121
          0
        127
        125
          0
          0
          0
          0
          0
         78
          0
        255
        161
          0
          0
          0
          0
          0
          0
        166
         44
          0
        133
          0
         49
        187
         70
         41
          0
          0
         64
          0
        149
          0
          0
        191
         32
        176
        105
          0
         72
          0
         67
        255
         49
          0
        212
        111
          0
          0
        176
          0
        103
          0
          0
         20
          0
          2
          0
         49
          0
         25
          3
          0
          0
         68
          0
        132
          0
        234
          0
        114
        116
         19
        197
        255
          0
          0
          0
          0
          0
          0
        169
          0
        117
        105
        216
        177
         22
         70
          0
          0
         99
        134
          0
          0
        104
        202
        116
        255
        174
          0
         11
          0
          0
          0
         18
          0
        255
         40
          0
          0
          0
          0
        113
          0
          0
          0
          0
         61
         47
          0
          0
          0
         43
          0
          0
          0
        126
          0
          2
          0
          0
        136
          0
          7
        117
          3
        164
          0
          0
          0
          0
          0
          3
          0
          0
        230
        103
          0
          0
         25
         66
          0
          0
         65
          0
          0
        112
        204
          0
          0
          0
        152
          0
        197
         79
          0
        138
        125
        255
        255
        255
         37
          0
          0
          0
         11
         79
          0
          0
          0
        236
          0
          0
        176
        138
          0
          0
        122
          4
        153
        190
          0
          0
        255
          0
          0
        125
          0
          0
          0
        255
          0
          0
          0
          0
         82
          0
         20
          0
          0
          0
          0
        147
        122
          0
          0
          0
          0
          0
          0
          0
          0
          0
          0
          0
        255
        165
        118
          0
         33
          0
         72
          0
          0
          0
         11
          0
          0
         79
         41
          0
          0
          0
          0
          0
          0
        239
         37
          0
        181
          0
          0
        181
          0
         89
          0
          0
        117
        184
        175
          0
         35
          8
         58
        255
          6
        248
          0
        229
          0
        199
         24
          0
          0
         30
          0
         79
          0
          0
        109
         49
         84
          0
        120
         70
        182
          0
          0
          4
          0
         21
          0
         66
          0
        132
          0
        255
        255
          0
          0
        230
          0
        181
          0
        120
          0
          0
        255
          0
         25
          0
          0
          0
          0
          0
         82
          0
          0
         28
          0
          0
          0
         23
          0
          0
          0
         48
          0
          0
        255
        146
        135
          0
          0
        152
          0
         25
          0
          0
        255
          0
        177
          0
         61
          0
         60
          0
          0
        116
         25
          0
          0
          0
        208
         47
          0
        128
          0
         37
         73
        255
        255
          0
          0
          0
          0
          0
          0
          0
          0
          0
          0
          0
         25
          0
        148
          0
          0
        114
        127
        171
          0
          0
        136
          0
        161
          0
        242
        139
         81
        122
         60
          0
          0
          0
          0
          0
          0
         91
          0
        150
        117
          0
          0
          0
        141
          0
         91
         19
         48
          0
        145
          0
          0
          0
          0
          0
          0
          0
          0
         34
          0
          0
        114
          0
          0
          0
          0
          0
          0
          0
        113
         19
        231
        112
        255
          0
          0
          0
          0
          1
          0
          0
        100
          0
          0
         50
        226
          0
        255
        166
          0
          0
        206
        175
        131
          0
          0
        255
          0
          0
          0
        104
          0
        148
          0
         76
        146
          0
        147
          0
          0
          0
          0
        158
         44
         25
        137
         27
          0
          0
         40
          0
         20
          0
          0
        111
          0
          0
          0
        255
          0
        255
        255
          0
          0
        119
          0
          0
          0
        227
          0
          0
         24
          0
          0
          0
          0
          0
          0
         44
          0
          0
        170
         57
          0
          0
         29
          0
         74
          0
          0
          0
          0
        130
          0
          0
          0
          0
          0
         43
        255
          0
          0
          0
        108
         78
          0
        110
        141
          0
        230
          0
         79
         17
        255
          0
        100
         56
          0
          0
         19
          0
          0
          0
          0
          0
          0
        164
          0
          0
          0
         21
        255
          0
         27
        255
          0
          0
        178
        125
         21
         62
         92
         18
          0
         69
          0
        243
          0
          0
          0
         89
         73
        255
          0
        255
          0
          0
        255
         71
          0
          0
        109
          0
         57
          0
         25
        211
          0
        134
          0
        114
        146
        135
         23
          0
          0
          0
        255
          0
          0
          0
          0
          0
          0
          0
          0
         94
        145
          0
        233
        119
        106
          0
          0
         35
          0
          0
         80
        196
          0
          0
        177
        154
          0
          0
          0
          0
          0
          0
          0
        180
         65
        143
        168
         53
        108
        255
          0
          0
          0
          0
        206
          0
         66
        255
          0
          2
          0
        224
          1
        149
          0
          0
          0
          0
        172
        112
          0
          0
          0
          8
          0
        156
          0
        143
          0
         33
        150
          0
          0
          0
          0
        242
        161
          0
         87
        114
        138
         23
        255
          0
          0
        255
          0
         79
          0
          0
          0
        122
          0
          0
         13
          0
        255
          0
          0
        149
         36
         77
        122
          0
         12
        255
          0
        159
        255
          0
         50
        255
          0
         51
          0
          0
          0
        202
          0
          0
          8
         65
          0
          0
          0
          0
         98
         22
        255
          0
          0
        147
          0
        118
          0
        255
          0
          0
          0
          0
          0
        145
          0
          0
         15
          0
        255
         77
          0
        143
          0
          0
         48
         71
          0
          0
          0
          0
        168
        167
          0
          0
          0
         72
          0
        163
         30
         67
          0
        179
          0
        255
          0
          0
         23
          0
          0
         72
        212
          0
          0
        114
          0
         90
