        139
          1
          0
          0
          0
        103
          0
          0
          0
        239
        222
          0
        255
        255
        173
         79
          0
         55
         64
          0
          0
        115
        125
         38
          0
          0
         81
         36
         96
          0
        184
          0
          4
          0
         23
          0
         78
          0
          0
          0
         96
        128
        255
         73
        255
          0
         93
          0
          0
          0
          0
          0
          0
          0
          0
        140
          0
          0
         79
        141
          0
          0
         12
         65
          0
          0
        142
          0
         96
          0
          0
          6
          0
         77
        255
         16
          0
        255
        159
         23
         58
          0
          0
        139
        201
          0
          0
        131
          0
         78
          0
        113
         76
          0
        132
          0
          0
          0
        165
          0
         53
          0
          0
        133
         35
        167
        174
          0
          0
         16
        158
        233
          6
         23
          0
        169
         71
          0
        155
          0
          0
        114
          0
          0
          0
          0
        112
         49
          0
          0
          0
        229
         31
         14
          0
         65
         42
        220
         76
         29
        255
        255
          0
          0
          0
          0
         61
         59
         93
          0
          0
         59
          0
          0
         59
          0
          0
          0
         20
         27
         22
          0
          0
          0
        126
         39
          0
         58
         97
          9
         81
        134
        255
        255
          0
          0
          5
         12
          0
          0
        149
          0
          0
         69
          0
          0
          0
        176
         69
          0
          0
         23
        125
          0
          0
          0
         79
         19
          0
        193
         82
          0
        133
          0
        255
        108
          0
          8
         55
          0
         67
        223
          0
          0
        189
         68
         65
          0
          0
         77
          0
        255
          0
         19
          0
          0
          0
        161
          0
         25
          0
        255
         88
          0
          0
        172
          0
        132
          0
         15
          0
         29
        255
         49
        195
          0
          0
          0
          0
          0
         23
        138
          4
          0
          0
          0
          0
         56
        120
        238
        175
          0
        255
        180
          0
        249
          0
         37
          0
        218
        169
          0
          0
         61
          0
          0
          0
          0
          0
          0
        189
          0
        158
         24
         34
        207
         20
         90
          0
         22
          0
          0
          0
          0
        255
         37
         88
        141
          0
        145
        255
          0
          0
         50
          0
        209
          0
          0
          0
        123
          0
          0
        255
         34
          0
         42
          0
          0
         47
         91
         79
          0
          0
          0
          0
          0
        255
        255
         76
        151
        255
        101
          0
        211
          0
        231
          0
        205
         23
        143
          0
          0
         89
         17
         39
          0
          0
          0
          0
          0
         25
          0
          0
          0
        211
          0
          0
         55
        255
          0
          0
        172
          0
        133
          0
        255
        252
          0
          0
        219
          0
          0
        174
          0
        108
         25
         81
          0
          0
          0
        109
        163
        219
          0
          0
          0
          0
        136
          0
         19
        255
        200
         92
         32
        255
          0
          0
          0
         20
        204
        106
          0
        255
          0
          0
          0
          0
        163
          0
         73
          0
          0
          0
          0
        230
          0
          0
          0
        232
          0
          0
          0
          0
        159
        120
         78
        200
          0
        255
        255
        244
          0
        151
          0
        106
          0
          0
         18
          0
        144
          0
          1
          0
         68
         74
          0
          0
         52
          0
          8
          1
          0
          0
          0
        127
        255
        110
        141
        255
        100
        255
        255
          0
         14
          0
        172
          0
        229
          0
        113
          0
          0
          0
          0
          0
          0
          5
        255
          0
          0
          0
        152
          0
          0
          0
          0
        175
         46
         60
        157
        112
         83
          8
        190
         46
        206
         79
          0
         51
        215
          0
          0
        255
        227
         70
        139
        133
         18
         63
          0
          0
          0
          0
          0
         43
         98
        156
          0
        115
        255
          0
        196
        255
        103
        157
        255
        213
         28
         62
        127
        220
          0
          0
          0
         12
        173
        240
          0
         47
         58
         27
         39
         47
         22
          0
          0
          0
          0
        127
         33
        157
         11
          0
          0
        255
          0
          0
        186
          0
        234
        136
          0
        255
        255
          0
        133
          0
        160
         92
          0
          0
        107
          0
          0
          0
          0
         33
          0
         35
        221
        179
        110
        255
        187
         50
        226
        255
          0
          0
        135
          0
        194
          0
        124
          0
          0
          0
         82
         61
        144
         61
          0
         98
          0
         88
          0
          0
          8
          0
          0
          0
          0
        157
          0
        136
        255
        106
         80
          0
          0
        255
          0
          0
          0
         68
         32
        204
         92
          0
         83
          0
         34
        130
          0
          0
        142
         28
          0
          0
          0
          0
          0
        101
          0
         56
          0
        255
          0
         90
        160
        255
         42
          0
        255
          0
          0
          0
         25
          0
          0
          0
         27
          0
          0
        152
          0
          0
          0
          0
          0
          0
          0
          0
          0
          0
          0
        208
          0
         69
        255
          0
          0
        255
         98
          0
        141
          0
          0
          0
          0
          0
        162
          0
          0
          0
        148
          0
          0
        122
          0
          0
          0
          0
          0
          0
          0
          0
        159
        154
          0
        171
          0
         57
        216
          0
         77
        232
          0
         42
        138
        132
          0
          0
          0
          0
          0
         30
          0
          0
          0
          0
          0
          0
        200
          0
          0
          0
        202
          0
         40
         34
          0
        255
        255
         62
        157
        255
        147
          0
        255
        139
        255
          0
         28
          0
          0
          0
         71
        241
          0
        255
          0
        103
          0
         70
        226
        198
         33
        254
          0
        110
        147
         19
          0
          0
          0
          0
        165
          0
         16
          0
          0
        155
        248
          0
        146
         51
         85
          0
          0
          0
          0
          0
        118
         98
          0
          0
        255
        144
        112
          0
          0
          0
          0
        236
         77
        166
          0
         35
          0
          0
          0
        139
        255
        171
          0
          0
          0
          0
        169
          0
         49
         58
        231
        243
          0
         21
          0
         98
          0
          0
          0
          0
          0
         26
          0
        236
          0
        235
        255
        128
          0
        255
        150
          0
         25
          0
        188
          0
          0
          0
        255
        152
         34
          0
          0
          0
          0
        164
         89
          0
          0
        215
          0
        175
          0
          0
          0
          0
         61
        162
          0
          0
        171
          0
          0
        255
          0
          0
         80
          0
          0
          0
          0
         22
        113
          0
          0
          0
        170
          0
          0
         40
          0
          0
          0
        117
          0
        114
         29
          0
          0
        162
         39
        127
          0
          0
         42
          0
        255
          0
        255
        162
        233
        152
         51
        102
         89
        244
          0
          0
          0
         39
          9
          0
         37
          0
         88
        255
          0
        243
         53
        163
          0
          0
          0
          0
        201
          0
          0
          0
        255
          0
          5
         34
          0
          0
         80
        109
          0
          0
         28
          0
          0
          0
         46
          0
          0
          0
         27
          0
          0
        228
          0
        216
          0
         83
        181
          0
        140
          0
          0
         72
          0
          0
        222
          7
        252
          0
          0
        158
          0
          0
         80
        105
          0
          0
         72
          0
        255
          0
          0
          0
          0
          0
         93
          0
          0
        255
          0
         16
        177
        255
        151
          0
        255
          0
        143
          0
        170
          0
          0
         84
          0
          0
          0
          4
          0
          0
         22
          2
        255
        192
          0
          0
          0
        182
          0
        195
        112
        140
          0
          0
          0
          0
          0
          0
        255
        100
          0
          0
         48
          0
          0
          0
        100
        124
          0
        255
         31
         84
          0
         97
        103
        102
         64
          0
          0
          0
         70
        170
         54
        153
        233
          0
        186
          0
         76
        144
        255
          0
        235
         82
        143
          4
        150
          0
         86
          0
        144
          0
          0
        135
         37
          0
          0
        181
          0
        132
          0
         29
          0
          0
         60
        100
        255
         80
         84
        255
          0
          0
          0
        108
        172
          0
        173
          0
          0
          0
         40
          0
        194
        107
         55
          0
        114
          0
        255
         57
          0
          0
          0
          0
        142
          0
         90
        255
          3
          0
         85
          0
          0
        255
          0
          0
        142
          0
          0
         89
          0
          3
         81
        255
         27
          0
          0
          0
         71
        118
          0
        224
          0
          0
        242
          0
          0
        209
          0
        255
          0
          0
        119
          0
         24
          0
        185
         45
        180
          0
         90
          0
          0
          0
          0
        255
        208
          0
         51
        145
          0
          0
        255
          0
          0
          0
        253
        232
          0
         56
         98
        255
        152
         87
        140
          0
          0
        255
        255
         30
          0
          0
          0
          0
          0
          0
          2
        216
        108
          0
          0
          0
        114
         67
          0
          0
         39
        140
        226
         38
        255
        150
          0
        255
          0
        124
        204
          0
        127
        255
          0
        185
          0
        132
         82
          0
          0
          0
         73
          0
          0
          0
          0
          0
         47
          0
          0
        229
          0
          0
          0
          0
          0
        194
          0
        255
        255
         46
        255
        255
        135
         22
        222
          0
        146
         22
         29
          0
          0
          0
          0
        134
        149
          0
        221
          0
          0
          0
          0
        162
         33
          0
        109
        172
        103
          1
         32
        241
        191
          0
          0
          0
        148
          0
        255
        181
          0
        152
          0
         37
          0
          0
          0
         92
          0
         27
         67
         23
          0
        123
        255
          0
         40
          0
        122
          0
          0
        208
         56
        129
        243
         35
        127
          0
          0
        205
        255
        254
        255
          0
          0
         37
        149
          0
          0
          0
        160
          0
          0
          4
         20
          0
         41
          0
         73
          0
         86
         44
        166
          0
          0
          0
          0
         64
          0
        255
          0
          0
        255
          0
        255
          0
        244
          0
         62
          0
          0
          0
        102
          0
          0
          0
         57
        102
          0
          0
          0
          0
         79
         49
          0
         81
          0
         88
        172
        105
         28
          0
          0
          0
        255
        210
         26
         56
         38
          0
         35
          0
        136
          0
         28
         33
         26
          0
          4
          0
          0
         84
         21
          0
          0
          0
        105
        152
          0
        255
          0
          0
        118
        255
        106
        255
          0
          0
          0
          0
        217
          0
        130
          0
          0
          0
          0
          0
          0
         86
         18
        120
          0
        152
         91
          0
          0
          0
          0
        143
         69
          0
          0
         61
        221
        255
        159
        255
        255
          0
          0
          0
          9
          0
         33
          0
         53
          0
        210
        163
          0
          0
          0
          0
          0
          0
          0
         80
         12
          0
        130
        113
          0
        255
        119
          0
        171
        255
          0
        255
        255
         33
        255
          0
          0
          0
         95
          0
         51
          0
         28
        201
          0
          0
          0
         98
          0
        117
          0
          0
          0
         18
         31
          0
         34
        255
        161
         91
        239
        100
         25
          0
        143
          0
        103
          0
          0
          9
        148
          6
         18
        255
        203
          0
        215
          0
         12
          0
          0
        199
          0
         46
          0
          0
        149
        146
          0
          0
        110
          0
        246
          0
          0
          0
        255
        248
          0
          0
          0
          0
          0
          0
          0
          0
          0
        193
        204
         29
          0
        100
         39
         87
         36
          0
        178
         84
        101
          0
          0
        255
        255
         90
         66
          0
         94
          0
        184
        253
          0
          0
          0
          0
          0
         22
          0
          0
         45
         51
          0
          1
          0
        119
          0
         56
         34
          0
          0
          0
         41
         99
          0
          9
          0
          0
        102
          0
         86
          0
        255
         92
          0
          0
          0
        176
        141
          0
        107
          0
        168
          0
          0
          0
          0
         76
          0
          0
          0
          0
          0
        155
          0
          0
         92
        219
          0
          0
        137
          0
        150
          0
        255
          0
          0
          0
        239
          0
         76
          0
         60
        255
          0
        255
        147
          0
          0
         54
        250
          0
         49
          0
          2
         92
        110
          0
          0
          0
        241
        110
         40
        255
        157
        255
        208
        230
         20
          0
         69
        255
        245
          0
         14
          0
        183
          0
          0
          0
          0
          0
        227
          0
         44
          0
          0
        123
          0
        110
          0
          0
          0
          0
         47
          0
          0
          0
          0
          0
        255
          0
        255
          4
          0
         53
         83
          0
        110
        224
          0
          0
         49
          0
          0
          0
          0
        255
          0
          0
          0
        168
          0
        255
         87
          0
         47
          0
        132
          0
        255
          0
          0
          0
        192
          0
         70
          0
         16
          0
          0
        255
          0
         22
          0
          0
          2
          0
         11
          0
          0
          0
          0
        159
         87
        255
          0
          0
        184
        204
         71
          0
          0
          0
        192
         41
         41
          0
          0
         74
          0
          0
         12
         70
        176
         49
          0
        126
          0
          0
          0
          0
        170
        193
          0
          0
          0
        255
        134
          0
         61
        255
        162
          0
        114
          0
        113
          2
        255
        253
          0
          0
          0
          0
        208
        132
         32
         18
          0
          0
        255
          0
          0
          0
        153
        199
        167
          0
          0
        255
          0
         51
          0
          0
         82
        255
          0
          0
         84
          0
          0
          0
          0
          0
          0
          0
        107
        230
          0
        114
          0
          0
          0
          0
          3
          0
        124
          0
        199
         17
          0
          0
          0
          0
          0
        255
         76
        255
         45
        228
          0
          0
        144
          0
        255
          0
          0
          0
          0
          0
          0
          0
          0
         65
          0
        173
          0
          0
         52
          0
          0
          1
          0
          0
          0
          0
          0
        255
        146
        255
         13
          0
        255
          0
          0
        168
        229
          0
        114
          0
          0
          0
          0
          0
        153
         45
          0
        206
          0
         76
        144
          0
          0
          0
         72
        255
        150
          0
          0
        255
          0
        221
          0
          0
         85
          0
          0
          0
          0
          0
          0
          0
          0
          0
          0
          0
        114
          6
        255
          0
          0
          0
        231
          0
         62
          0
         22
        255
        255
          0
          0
        255
         97
        255
          0
         90
        145
          8
          0
          0
          0
        160
          0
         47
          0
          0
          0
          0
        173
          0
          0
          0
          0
         23
        136
        235
         91
          0
         12
          0
        255
          0
          0
        255
          4
          0
          0
          0
         85
          0
          0
        113
        116
          0
          0
          0
          0
        255
          0
          0
          0
         39
          0
          0
          0
         23
        134
        131
        255
          0
          0
          0
          0
         76
          0
        255
         92
         46
          0
        250
         50
         61
         54
          0
         63
          0
          0
        255
          1
          0
          0
         91
          0
         21
          0
        192
          0
