        255
          0
          0
          0
        255
          2
          0
        255
          0
          9
          0
        148
          0
        212
          0
        100
         61
          0
         42
          0
          0
          0
         37
         26
         22
          0
          0
          0
          0
          0
          0
          0
        255
          0
          0
        229
          0
          0
          0
        205
          0
          0
          0
         69
          0
          0
          0
        177
          0
         95
          0
          0
         27
        255
        126
         57
          0
          0
        136
         54
          0
         10
        135
          0
        255
        158
         60
        245
          0
        110
        229
         84
          0
          0
        117
          0
          0
          0
          0
          0
         33
          0
        177
        210
          0
        255
          0
         69
          0
          0
          0
         76
          0
         41
          0
          0
        255
          0
         94
          0
        180
        131
          0
         61
          2
          0
        137
        160
         26
          2
          0
         40
        148
          0
          0
          0
          0
        255
        143
         25
          0
         79
          0
          0
          0
          0
         53
          0
          0
        169
          0
         77
        255
        133
         18
        203
        212
        255
        149
          0
         33
         91
          0
        137
         99
          0
          0
          0
          0
        255
         10
          0
        255
          0
         56
         45
        107
         45
          0
          0
          0
        111
         35
        112
          0
        215
        240
          0
          0
        255
          0
          0
          0
        127
        255
          0
        169
          0
        108
         53
          0
         91
         68
          0
          0
          0
         83
          0
          0
          0
          0
        219
          0
          0
          0
         94
          0
        246
          0
          0
        148
          0
        203
        255
          0
          0
          0
          0
        150
          0
        119
          0
          0
        201
          0
         53
          0
         75
          0
         26
          0
          0
          0
        170
        133
          0
          0
        231
          0
        255
        132
        217
        105
          0
         35
        255
          0
        241
        255
        188
         26
          0
          0
          0
          0
        255
        140
          0
          0
         24
          0
          0
          0
         42
          0
        156
        255
          0
          0
          0
        215
        121
        106
        190
        108
          0
          0
          0
          6
          0
          0
        190
          0
          0
        114
          0
         58
        255
         46
          1
          0
         90
          0
          0
          0
         31
          0
        190
          0
          0
         81
          0
        255
          0
          0
        255
          0
         82
        179
        197
          5
        250
        255
        137
          0
          0
        141
         63
          0
         58
          2
          0
        171
        122
          0
          0
          0
         49
          0
        206
        255
        153
         14
        138
          0
          0
          0
        253
          0
          0
        151
        142
          0
          0
          0
        235
          0
          0
        100
          0
         14
          0
          0
          0
          0
        105
         80
          0
          0
          0
          0
        168
          0
         35
          0
        117
        210
        195
        236
         33
         92
          0
         25
        255
          0
        229
        255
          0
        113
          0
        132
        170
         63
          0
          0
          0
        255
          0
         96
          0
         86
          5
          0
          0
        255
          0
         50
        132
          0
          0
        159
        255
          0
          0
          0
          0
          0
          0
          0
          0
          0
         38
        117
          0
          4
          1
         96
          0
        255
        136
          5
          0
          0
          0
          0
          0
        255
          0
          0
        163
          0
        122
        155
        255
          0
          0
          0
          0
          0
        255
          0
        249
          0
          2
         29
          0
          0
          0
        134
         54
          0
        110
          0
         15
        255
         38
         82
         75
        255
          0
          0
        160
        255
        255
          0
        255
          0
          0
          0
        255
          0
        243
        255
          0
          0
          0
          0
          0
          0
        186
          0
         86
         20
        118
        112
         36
        255
         34
          0
        216
        255
         96
         34
          0
          0
          0
          0
        194
         79
        113
          0
          0
         10
        155
          0
          0
         55
          0
          0
          0
          0
        201
          0
          0
          0
          0
          0
          5
        255
         25
         26
        193
