        211
          9
          0
        192
        255
        255
          0
          0
        234
          0
          0
          0
        255
          0
         37
          0
          0
         28
          0
          0
          0
        201
          0
         40
        101
          0
         21
        219
        255
         49
          0
          0
        255
         58
         67
          0
          0
          0
        148
         62
          0
          0
          0
        132
        255
          0
         23
          0
          0
        103
          0
        154
          0
          0
        255
         99
          0
          0
        255
        194
          0
         62
          0
        136
        255
          0
          8
          0
          0
          0
          0
        207
          0
          0
          0
         35
          0
          0
          0
          0
          0
         17
          0
        207
        244
        154
          0
          0
          6
        110
        226
        205
          0
         57
          0
          0
          0
          0
          6
          0
        255
          0
          0
          0
        255
          0
        146
        120
         69
          0
          0
          0
          0
        113
          0
        146
         24
         65
         94
        149
          5
         19
        255
          0
        215
          5
          0
         16
          0
          0
        128
        104
        165
         61
          0
        255
          5
          0
          0
          5
        255
         25
         22
          0
        255
         80
         24
          0
        160
        214
          0
        100
        197
         34
          0
          0
        204
         74
          0
        255
        255
          0
         54
          0
        255
          0
        126
          0
        255
          0
        140
        115
         34
        197
        118
          0
        255
         68
          0
          0
         34
          0
        255
        231
          0
        139
         17
          0
         31
          0
        255
          0
          0
          0
         13
          0
          0
          0
         27
          0
        158
          0
          0
          0
          0
        244
         16
        189
          0
        121
         18
          0
         93
          0
          0
         96
         22
        124
          0
          0
          0
         31
          0
         96
        139
          0
         96
         13
          0
          0
          0
        255
        174
          0
         20
        138
          0
         92
          0
          0
          0
         23
         70
          0
          0
         74
        240
         39
          0
          0
        255
          0
          0
          0
         40
          0
          0
          0
        140
          0
          0
          0
         83
        164
        255
          0
          0
          0
          0
          0
          0
         64
          0
         60
          0
        107
         58
        216
          0
          0
          0
          0
        214
         46
        211
         98
          0
          0
          0
          0
         24
        239
          0
        221
         10
          6
        255
          0
          0
          0
          0
         30
          0
         19
          0
          0
          0
          0
          0
         85
          0
        229
          0
          0
          0
          0
          0
          0
        130
          0
          0
         90
          0
          0
        255
          0
        153
        118
        255
          0
          0
         50
          0
         26
         52
        111
          0
         42
        253
          0
         90
          0
          0
        255
          0
          0
        221
          0
        128
          0
        204
        255
          0
         53
          0
         90
          0
          0
          0
        255
        255
          0
         14
        120
        223
          0
         88
        173
        255
         62
        253
          0
         79
          0
          0
          0
        139
          0
        255
          0
        177
         66
          0
          0
          0
        136
         54
          0
          0
        155
         39
          0
         91
        143
          0
         53
        157
          0
        157
          0
         13
         54
          0
          0
         77
        155
          0
          0
        152
         10
          0
          0
        131
          0
          0
        255
          0
         72
          0
          0
        255
          0
          0
          0
        255
         64
         42
          0
        255
          0
        119
          0
          0
         81
        255
        112
         13
        196
          0
        255
          0
          0
          0
        228
         13
          0
        136
        230
          0
          0
          0
         35
          0
          0
          0
        255
         48
          0
         43
        117
          0
          0
          0
          0
          2
          0
        176
         57
          0
        112
          0
          0
          0
          0
          0
        203
        143
          0
          0
        255
          0
          0
          0
        187
          0
          0
          0
        255
          0
          0
         20
          0
        255
         59
         51
          0
          0
         66
          0
          0
          0
          0
         18
        169
        201
          0
        214
        159
          0
          0
          0
          0
        255
         84
        154
          0
        242
          0
         39
         63
          0
          0
          0
        141
          0
          0
          0
          0
          0
         49
          0
        176
        100
          0
          0
        255
          0
         21
        255
        186
          0
          0
          0
        100
         56
          0
          0
          0
        101
        255
          0
        255
        110
         37
          0
        132
          0
          0
        163
          0
          0
          0
          0
          0
          0
        156
        116
          0
          0
          0
        255
          0
         24
          0
         66
          0
          0
          0
          0
        169
          0
          0
          0
        255
          0
          0
        125
        104
          0
          0
        117
          0
          0
          0
          0
          0
        105
         19
         67
          0
          0
          0
        255
        186
        177
          0
          0
          0
          0
        114
          0
         45
          0
        255
          0
          0
        255
          0
          0
        140
        149
          0
          0
          0
          0
        131
        236
          0
          0
        179
          0
        131
        177
          0
        126
          0
          0
          0
          0
        146
          0
          0
          3
        188
          0
        255
          0
          0
          0
          0
        150
        136
          0
          0
          9
          0
          0
         88
        159
          1
          0
        166
          0
        127
          0
          0
        137
         88
        255
         72
        164
        224
          0
          0
          0
        219
        255
        213
         80
         90
          0
          0
          0
        133
        193
        249
          0
          7
          0
          0
        201
         24
        120
          0
          0
        235
          0
          0
          0
         42
          0
          0
        119
          0
        184
          0
          0
          0
          0
          0
         13
        255
          0
          0
         91
        128
         31
        224
        212
          0
          0
        129
          0
         86
          5
        118
         54
          0
         62
         70
        161
          0
         61
          0
         27
         35
        255
         66
          0
        182
          0
          0
        100
        255
        255
          0
         37
        116
        255
          0
        193
        176
        255
         69
          0
          0
          0
          0
         64
          0
          0
         68
        250
        158
        231
         23
          0
          0
        255
         17
         80
        224
         47
          0
          0
        236
          0
        221
          0
        123
        255
          0
          0
         79
          0
          0
        216
        214
        127
          0
        196
        255
         13
          0
        162
          0
          0
         29
          0
          0
        255
        135
          0
          0
          0
        127
          0
        255
        150
          0
          0
        104
          0
          0
          0
         25
          0
          0
        122
          0
          0
        155
          0
        144
          0
         35
          0
        162
          0
          0
        176
          0
        184
          0
        112
          0
         31
          0
         79
          0
        255
          0
          6
        101
         44
          0
          0
          0
          0
        105
         93
          0
        182
         31
          0
          0
         66
          0
          0
          0
          0
          0
        213
         10
        255
          0
          0
         13
         58
        239
          0
        255
          0
          8
          0
         94
          0
          0
         75
         90
        255
          0
        150
          0
          0
        112
        114
          0
        219
          0
        234
        238
          0
          0
        123
        199
        255
          0
          7
          0
          0
          0
          0
          0
        255
          0
        188
         87
          0
        239
        154
        176
         66
        116
          0
          0
          0
        174
          0
          0
        109
          0
        255
          0
          0
         87
         42
        247
        255
          0
          0
          0
        254
        255
          0
        159
          0
          0
          0
         82
        255
          0
          0
        186
          0
         16
          0
          0
          0
          0
         23
         34
        216
          0
          0
        192
         83
          0
        255
        255
        255
          0
          0
         65
          0
          0
          0
        209
        255
         75
        219
         99
        255
          0
         49
        114
          0
          0
          0
          0
        255
          0
          0
          0
          0
         41
        255
          0
        179
          0
        255
          0
        184
        157
        132
        125
         54
          0
          0
          8
        255
        168
          0
          0
        255
         34
          0
          0
          0
          0
          0
          0
          0
          0
        255
          0
          0
          0
        191
          0
        202
         42
          0
          0
        255
          0
         32
        200
          0
        255
          0
          8
          0
          0
          0
        118
          0
          0
          0
        119
        255
          0
          0
        227
         36
          0
         21
        131
          0
          0
         38
        169
         84
          0
          0
          0
        178
        168
          0
         62
        137
         75
          0
        255
        147
          0
          0
         95
          0
          0
         12
          0
          0
         75
          0
          0
        103
          0
          0
        255
          0
          0
          0
        208
        199
          0
         63
          0
          0
         30
        132
          0
        255
        198
          0
        187
        225
          0
         84
         48
        127
          0
         95
        138
        255
          0
          0
          0
          0
        134
          0
        126
         74
         51
          0
         89
          0
         90
        255
        211
          0
         93
          0
          0
          0
        255
          0
        255
          0
          0
        209
        106
          0
          0
        180
        100
          0
        122
        255
          0
        151
         39
          6
         67
          0
         91
          0
        164
         45
          0
          0
        255
          0
        114
          0
          0
          0
          0
          0
          0
        255
          0
          0
          0
          0
          0
          0
         27
          0
         70
        255
          0
          0
        188
          0
          0
          0
         12
          0
          0
        203
          0
        255
        129
          0
          7
         15
          0
        239
        255
          0
        221
        255
          6
          9
        138
          0
          0
         85
         82
          0
        116
          0
          0
        255
        157
        182
         30
        177
          0
        126
          0
        104
          1
        245
        109
        255
         26
          0
          0
          0
        189
          0
        255
        213
         20
         85
        140
        174
          0
        158
          0
          0
          0
          0
          0
          0
        198
          0
        255
          0
          0
        147
        190
         26
          0
        255
          0
        194
          0
        130
        214
          0
          0
          0
          0
        255
          0
          0
        147
        255
         40
          0
          0
          0
          0
          0
          0
         22
         13
        255
          0
          0
          0
        237
        158
         86
          0
        118
          0
          0
        180
         61
          0
          0
        106
          0
         91
        255
        156
          0
         96
          0
          0
          0
        117
        255
         15
        253
        149
         72
          0
          0
          0
         20
          0
          0
        246
        185
         92
          0
          0
          0
          0
          0
          0
          0
          0
          0
          0
        206
        255
        116
         44
        198
          0
          0
        144
          0
          0
        141
          0
          0
          0
        110
        255
          0
         19
        255
         81
        122
          0
         96
         57
          0
        153
        104
          0
          0
        131
          0
        255
         45
        210
          0
          5
          0
          0
         81
        175
          0
        143
        133
          0
          0
          0
        255
        255
          0
          0
          0
        197
        101
          0
        148
          0
          0
        114
          7
          0
          0
        255
          0
          0
          0
         70
        129
         63
          0
        166
        242
        132
          0
          0
         91
          0
        159
         44
        127
          0
          0
         41
          0
         30
          0
          0
        105
          0
          0
        159
          0
          0
          0
          0
          0
        255
          7
          0
          0
        140
          0
        128
        129
          0
        255
          0
        220
          0
          0
          0
          0
          9
          0
         39
          1
          4
         19
          3
         58
        219
          0
          0
          0
         60
          0
        231
        108
        254
        255
        107
         20
        104
        255
        150
          0
          0
          0
        133
        126
          0
          0
         88
        172
          0
        193
         79
          0
          0
          0
          0
          0
          0
          0
         23
          0
          0
        255
        255
         32
          0
        212
          0
          0
        136
        255
          0
          0
          0
        255
          0
          0
          4
         32
        154
          0
          0
          0
        129
          0
          0
          0
          0
         44
          0
         84
          0
        156
          0
          0
          0
         89
        174
         20
         55
         42
        142
        255
          0
          0
          0
          0
         26
          0
          0
          0
          0
         80
          0
        142
          0
        103
        153
          0
         72
          0
          0
        255
         27
        110
        156
          0
        246
          2
          0
        175
          0
          0
          0
          0
          0
          0
         44
          0
          0
          0
         86
          0
          0
          0
        255
          0
         59
         66
        139
          0
          0
          0
          0
          0
         57
        157
        115
         91
          0
          0
          0
        200
        255
        111
        132
         79
        173
          0
        126
        255
         36
        136
          0
        167
        215
        255
          0
          0
          1
          0
        127
          0
          0
        160
          0
          0
          0
         31
          0
          0
         32
         22
        132
          0
        241
          0
        113
          0
          0
         22
        178
        198
        142
        251
          0
          0
          0
          0
          0
          0
         96
          0
        179
        255
          0
         14
         40
          4
        107
         45
          0
        138
          0
          0
          0
          0
          0
         14
         58
          0
          0
         92
          8
        255
        130
          0
          0
          0
        108
          0
        255
        160
         33
        255
          0
          0
          0
        255
        255
        255
        132
          0
          0
          0
        255
          0
         54
          0
          0
          7
         51
          0
         23
         15
         67
        255
        109
        229
          0
        255
          0
          0
        152
          0
          0
          0
         72
          0
          0
          0
          0
        255
         21
          0
          0
        255
        153
          0
        117
         58
          0
          0
          0
        255
         33
          0
          0
        255
         62
        218
          0
        177
        178
        255
          0
          0
         23
        213
          0
          0
          0
          0
         72
          0
          0
         21
          0
        255
        255
          0
        255
        255
          0
         66
         74
        255
          0
          0
          0
          0
         49
          0
          0
          0
        211
        194
          0
          0
          0
        144
        240
        115
         63
          0
        105
          0
          0
        105
         66
          0
          0
          0
         27
        199
          0
          0
        115
        190
         83
        117
          0
        108
         50
          0
        229
          0
          0
          0
          0
          0
         30
          0
          0
        172
          0
          0
          0
          0
          0
        125
          0
          0
        117
          0
         53
          0
        255
          0
          9
        255
          0
        237
          0
          0
        132
          0
        163
          0
        142
          0
          0
        205
          0
         16
          0
          1
          0
        251
        169
          0
          0
          0
          0
          0
        255
          0
          0
        174
        255
        127
          2
          0
        112
          0
          0
          0
        129
        225
          0
          0
        107
          0
        255
        162
          0
         93
          0
        155
          0
          0
          0
          0
         93
          0
          0
        134
        216
          0
        255
        103
        246
          0
          0
          0
         51
          5
         55
          0
        105
        160
          0
          5
        213
          0
          0
        155
          0
        112
          0
          0
         66
          0
        208
          0
        136
          0
          0
          0
          0
          0
          0
         45
          0
          0
          0
          0
        150
         36
          0
         29
          0
        172
        228
          0
        204
          0
          1
        128
          0
          0
        186
          0
          0
          0
        163
          0
          0
          0
          0
          0
          0
          0
         40
        166
        255
          0
          0
          0
         21
          0
         43
          0
          0
        168
          0
          0
          0
        255
          0
        197
          0
          0
          0
          0
          0
          0
          0
          0
        139
          0
         59
        255
          0
          0
          0
          0
          0
         86
          0
        133
         28
          0
         77
         38
          0
          0
          0
          0
        191
          0
          0
          0
          0
         67
          0
          0
          0
        255
         64
        255
          0
          0
          0
        255
        255
          0
          0
         25
        255
          0
          0
          0
          0
        168
          0
        103
          0
          0
        219
          0
          0
          0
          0
          0
         98
          0
          0
        110
          0
        255
         33
          0
        159
          0
        192
          0
          0
          0
          0
        167
        214
         72
          5
        255
         72
         42
        131
          0
         49
          0
        118
          0
          0
         42
          0
          0
         56
        255
          0
          0
          0
        255
          0
