          0
         65
          0
          0
        255
          0
        119
        184
          0
          0
          8
        145
         56
        238
          0
          0
          0
          0
          0
        126
          0
         85
        204
        146
        217
        178
         49
        118
          0
         44
          0
        128
        143
        193
         42
         79
          0
          0
        242
         57
          0
         21
         69
        143
          0
        220
         14
          0
        113
         49
        254
         77
         24
        243
          0
        109
        241
         97
        119
        218
         21
         99
         34
          0
        166
        171
          3
        142
          0
        156
          0
         41
          0
          0
          0
        123
          0
          0
         51
        121
          0
          0
        134
         60
         54
        235
        151
          0
         22
        145
        174
         97
          0
        153
          0
         53
         40
          0
         64
        103
        157
          0
        224
         92
          0
          0
         86
        242
        247
          0
          0
        120
         89
         61
        189
         36
        122
         89
        253
          0
         33
        140
        106
        166
        255
        106
        190
          0
         36
        138
         42
         90
        124
        255
          0
          0
          0
          0
         41
         88
        198
        255
          0
          0
        173
          0
          0
         13
        100
         15
          0
        184
        103
         86
        193
        214
        255
          0
          0
          0
          0
          0
        108
         52
        233
          0
        166
        198
          0
          0
          0
        136
        149
        255
        131
          0
        169
         76
        255
         35
         14
         12
         62
        136
        136
          0
        190
          0
          0
          0
          0
          0
          0
        104
          0
         72
          0
          0
        130
         42
          0
          0
         26
          0
        193
        255
         56
         34
         65
         66
        255
        189
          0
         48
        255
        107
          0
          0
        164
          0
          0
         49
        255
         30
          0
        163
        125
        168
        192
         32
        186
         89
        123
         59
         88
          0
        235
          0
         29
         53
        170
          0
        188
        124
         12
         59
        147
        162
        100
         88
         50
          0
          0
         90
          0
        101
          5
        132
        100
          0
        129
          0
          0
          0
         78
          0
        106
          0
          0
          0
          0
         40
          0
          0
        255
          0
        142
        132
          0
        177
          0
          0
         95
          0
        140
          0
        255
          0
          0
        139
          0
        107
          2
          0
          0
         58
          0
          0
        172
        119
        178
          0
          0
        154
        222
          0
          0
          0
         46
        255
        136
        157
          0
         68
          0
          0
        152
        218
          0
         24
        157
          0
         73
         98
        246
          0
          0
        211
          0
        136
         87
        172
        142
        255
         52
        146
        237
         57
          0
          0
         19
        205
        115
          0
          0
        130
          0
          0
          0
         86
          0
          0
          0
          0
        103
        155
        197
          0
          0
          0
          0
          0
        145
        117
        137
        208
        117
         49
         23
          0
          0
        186
        127
         27
          0
        187
        175
         58
        159
          0
          0
        139
        213
        240
         56
        175
        163
          0
         31
          0
          0
        132
          0
          0
          0
         34
         81
          0
          0
        184
        129
        239
          0
          0
          0
        142
         21
        177
        255
          0
        168
          0
          0
        161
          0
          0
         47
          4
         19
         90
        242
          6
          0
        190
          0
          0
        176
          0
         85
          0
        110
          0
          0
         93
         72
          0
        124
          5
          0
        144
          0
        183
          0
          0
        255
         79
          0
        194
          0
          0
          0
        137
        255
        101
          0
         70
         38
          0
        211
        150
        116
          0
        118
          0
        124
          0
        123
          0
          0
        217
         81
        155
          0
        115
          0
          0
          0
         57
        165
         72
          0
        130
        159
         61
        160
        179
          0
          0
         54
        148
         70
          0
        214
         36
         73
          0
        242
         19
        139
          6
          1
          0
          0
          0
          0
        161
         88
          0
          0
         41
          0
         10
         65
        112
        181
          0
        151
          0
          0
          0
         86
          0
          0
          0
        221
         94
        129
          0
          0
          0
        255
         61
         62
         60
        213
        183
        255
         53
          0
        133
          0
          0
          0
          0
         72
         77
        101
        144
          0
        118
          0
          0
          0
          0
          0
        170
        123
          0
          0
         37
        254
          0
          0
          0
          0
        210
         42
          0
         25
          0
          0
        135
         16
          0
          0
          0
          0
         99
         29
        178
          0
          0
          0
        230
          0
          0
          1
          0
        104
          0
         35
          0
         15
        104
         49
          0
          0
        137
        102
          0
          0
         54
          0
         41
         24
         26
          8
         92
        165
         39
        178
        201
          0
          0
          0
        122
          0
          0
        202
         92
        179
          0
          0
          0
         70
         71
        255
         14
         67
         38
          0
        104
          0
          0
          0
        134
        201
          0
        132
          0
          0
          0
         97
        192
        151
        255
          0
        164
          0
          0
         51
        191
        123
          0
          0
         97
        210
        236
        196
         97
         72
        243
        255
        165
        255
          0
        144
         91
          0
          0
          0
        198
         42
        139
        138
        135
          0
         81
          0
          0
          0
          0
        255
          0
        115
          0
          0
         30
         49
          0
        130
        133
        126
          0
          0
        154
          0
        169
          0
          0
          0
         81
         28
        255
         17
         55
         97
        107
          0
          0
          0
          0
          0
          0
         28
         40
        134
         20
         85
        246
         32
         77
        111
         40
         20
          0
          0
        174
          0
        159
          0
          0
        172
          0
         57
        147
        255
        101
         45
        217
        156
        226
          0
        231
         94
          0
          0
         70
        171
          0
         96
        101
          0
        105
          0
          0
          3
          0
          0
          0
        255
        199
         50
          0
        255
         95
          0
          0
         57
          0
        168
          0
        255
          0
          0
        213
          0
          0
        190
         36
        180
          0
          0
          0
          0
        172
        255
        192
          0
        220
          0
        143
          0
        155
        156
          0
         71
        182
        110
        241
         96
         34
         37
          0
          0
          0
          0
          0
        109
          0
        158
         72
        131
        175
        134
        146
         31
         40
        143
         38
          0
          0
          0
          0
         26
        106
          0
          0
         39
         53
          0
        241
          0
          0
          1
         61
          0
          0
          0
        167
         99
          0
        208
          0
        228
          0
          0
          0
          0
        109
         42
          0
          3
        231
          0
        189
        133
          0
          0
         41
        237
          0
         58
        227
         64
          1
        127
        175
          0
          0
          0
          0
         70
          0
         62
         31
        183
         40
          0
          0
          0
        199
        255
          0
          9
        108
          3
        115
          0
        183
          0
         67
        255
         58
          0
        220
        138
          0
        155
          0
        129
        165
          0
          0
        129
          0
          0
          0
        101
          0
          0
          0
          0
          0
          0
          0
          0
          0
         69
         61
          0
          0
          0
          0
        134
         97
          0
        195
          0
          0
        129
         26
        232
         73
        101
          0
        119
          0
          0
        119
        187
          0
          0
         62
          0
          0
          0
          0
        103
          0
          0
        123
          0
        143
          0
          0
        197
          0
         72
        255
          0
         39
         75
         79
        255
        129
          0
        137
        119
          0
        111
        144
        150
        255
          0
         39
          0
          0
          0
        126
        123
          0
        101
         89
          0
        202
          0
          0
        217
          0
          0
        135
          0
          0
          0
          0
        111
          0
        254
        119
        103
          0
        192
         85
        248
          0
        145
         17
          0
        105
          0
          0
          0
          0
          0
        154
          0
        190
        106
          0
        228
          0
          0
          0
        106
         48
        114
          0
          0
          0
          0
          0
          0
        148
        121
        164
        195
          0
         25
          0
          0
        175
        255
         79
        116
        187
         89
        120
          0
          0
        135
         29
        250
        195
          0
          0
          0
         66
        102
          0
          0
         39
          0
        236
          0
          0
        106
        153
        156
        242
          0
          0
         96
        133
          0
         27
         97
        205
        223
        159
        111
          0
         91
        104
          0
         30
          0
          0
        185
          0
        155
          0
          0
          0
         23
          0
        117
          0
        145
        178
        189
          0
          0
          0
         28
        134
          0
          0
         97
          0
        204
          0
         72
          0
        154
         90
        255
        198
        160
        253
          0
         85
        167
        113
          0
          0
         80
        127
        115
          0
          0
          0
         70
          0
         21
          0
        253
          6
        255
          0
        135
         88
        185
        182
        175
         32
          0
          0
          0
        195
          0
        148
        139
          0
          0
        193
        255
         95
          0
        158
         88
          0
         83
          0
        186
        255
          0
         95
          0
         32
        170
          0
         33
        255
          0
         16
          0
          0
          0
          0
         71
         50
          0
        255
         83
        146
          0
        103
        241
        255
          0
          0
          0
          0
        179
        113
        194
          0
         14
        200
          0
        147
         42
        150
         43
        255
        189
        112
          0
          0
          0
        143
          0
         27
          0
         84
          0
        118
          0
         62
          0
          0
          0
          0
          0
          0
         47
        237
        238
          0
          0
          0
         30
         45
          0
          0
        131
          2
        171
         16
          0
          0
          0
         91
        255
        171
          0
         30
          0
          0
         40
          0
        117
          0
          0
        187
          0
          0
          2
          0
        240
          0
        156
          0
          0
          0
          0
         73
          0
        245
          0
        135
          0
         65
         98
          0
         97
        138
         64
         60
         11
          0
         92
          0
          0
          0
          0
          0
         30
        158
         58
        249
        164
          0
          0
         89
          0
        214
        119
         98
         61
         95
        204
        168
          0
          0
        155
        110
          0
         98
        149
          0
        120
          0
        144
        116
         45
        136
          0
        236
        118
          0
          0
          0
        150
          0
        103
        102
        187
        132
          0
         58
          4
        106
          0
        158
          0
         93
          0
          0
        224
         37
         57
          0
          0
         32
          0
          0
        255
        199
          0
          0
         15
          0
         41
          0
         34
          0
         15
         48
         23
          0
        255
          0
        142
        141
          0
         38
          7
         44
        163
          0
        255
         79
        127
        122
         85
          0
         30
        115
        209
          0
          0
         34
         91
          0
          0
        228
         90
          0
        153
         98
        199
         92
          0
         69
          0
          0
          0
        152
         28
          0
        162
          0
        171
          0
        121
        183
          0
         27
          0
        108
        239
        255
         13
          0
        150
          0
        129
        205
        118
          0
         25
        108
        205
        212
          0
        127
          0
        180
         21
         34
          0
          0
          0
        163
        213
         40
        104
          0
        201
        157
          0
        139
        201
        114
         50
          0
         58
          0
        132
          0
        182
          0
          0
         78
        129
        211
        255
          0
          0
        250
        150
        128
          0
        119
          0
          0
          0
         27
         84
          0
         48
         47
         64
         72
        223
        205
          0
          0
         71
          0
          0
        148
        138
          0
         35
          7
        149
         69
        255
          0
        136
         52
        163
         56
          0
         29
          0
        195
          0
        132
          0
        255
        255
        124
        166
          0
        179
        179
          0
        120
        131
         60
          0
          0
        129
          0
         47
          0
          0
         62
          0
          0
        138
          0
          0
        149
        255
          0
         84
        124
          0
        137
         27
         89
         83
          7
          0
          0
          0
          0
          0
          0
        100
        122
        123
          0
          0
          0
        136
          0
          0
          0
        213
          0
          6
        192
          0
          0
          0
         18
         94
         44
        122
        150
        205
          0
          0
         62
         93
        183
          0
          3
          0
          0
          0
          0
        243
        161
        101
          0
        136
          0
         31
         15
          0
          0
        122
        200
          0
          0
          0
         66
          0
          0
         76
         48
          0
        255
          0
        169
          0
          0
          0
          0
          0
        205
        133
          0
         43
        135
          8
         15
          0
         38
         10
          0
         77
         60
        138
        255
          9
          0
          0
          0
          0
         81
          0
         95
          0
          0
         86
        187
         87
        191
        101
        127
          0
          0
        100
          0
        102
          0
         70
         26
         49
          0
        233
        206
          0
         93
          0
          0
         51
        117
          0
        138
          0
         14
        200
        103
         81
         97
          0
        136
          0
        213
        156
         34
          0
        228
        146
          0
          0
         97
        116
         77
          0
         28
        106
        161
        130
          0
         31
        221
        145
         59
          0
        184
          0
          0
        255
        109
          0
        166
         89
          0
        108
         61
          0
        125
          0
          0
          0
          0
          0
         38
        163
        181
          0
         51
        110
         42
        255
         37
         84
          0
          0
        129
          0
        173
          0
          0
          0
          0
         24
         83
        211
          0
          0
        111
        200
        193
          0
          0
          0
          0
         43
         10
        121
          0
         16
        130
        243
         71
          0
          0
          0
         73
          0
        123
          0
          0
          0
        134
        254
          0
          0
        234
          0
        106
          0
          0
        243
          0
          0
        228
        142
         32
        116
         83
        128
         40
        114
        219
          0
          0
          0
        177
          0
          0
          0
        151
        255
        201
         84
          0
          0
          0
         56
         15
        255
          0
          0
          0
         26
          0
        135
        189
         69
         64
          0
        139
        217
        205
        118
          0
          0
        122
          0
        144
         96
        147
        169
         17
        255
          0
         73
         61
         40
        188
          0
         13
         74
          0
          2
         82
          0
         11
          0
          0
         26
         65
         74
        233
         72
          0
         63
          0
          0
          0
          1
          0
          6
        120
        173
          6
          0
         67
          0
        177
         50
        133
        109
        255
          0
        103
        118
          0
         73
        130
          0
        129
         37
          0
         36
        252
        135
          0
         89
          0
          0
          0
          0
         99
         85
          0
          0
          0
          0
        160
        191
        134
        161
        109
          0
          0
        161
        145
          0
         73
          0
          0
          0
          0
          2
          0
        236
        163
        167
          0
          0
         24
         86
         39
          0
         78
         66
        255
        250
        178
          0
        155
          0
        132
         44
        115
         76
        162
          0
          0
        117
        147
          0
         17
          0
        230
          0
          0
         25
         16
        201
          0
        119
          0
          0
         55
          0
         50
         20
        230
         27
        154
          0
         28
          0
        184
          0
          0
         10
          0
          0
         77
        125
         10
         17
          0
          0
          0
          0
        133
        195
         51
        237
         12
          0
         82
          0
          0
          0
         89
          0
          0
         18
          0
        255
          0
          0
        213
          0
        228
          0
          0
        255
         23
        175
          0
          0
        138
          0
        139
          0
        101
          0
        199
        201
         25
         50
          0
        101
          0
          0
          0
         29
        251
        137
        170
          0
        171
          0
        192
          0
          0
        113
        187
          0
         38
         70
         30
          0
          0
         34
          0
        137
         34
        156
          5
        205
        107
        150
          0
          0
          0
        255
        185
        130
          0
          0
          0
          0
         48
         67
        183
          0
          0
         57
          0
