        169
        103
         40
          0
        201
        255
        150
        255
         78
          0
         19
        186
          0
          0
          0
          0
          0
         61
          0
        199
         51
          0
          0
        109
          0
        145
          9
        176
        214
         97
         68
          0
          0
         69
         45
         37
        255
        255
         94
        139
         15
          0
          0
          0
          0
          0
          0
        127
          0
          0
          0
          0
          0
        103
        108
        148
         25
         82
         69
          0
          0
        195
         14
          0
        160
          0
          0
         37
          0
        205
          0
        231
          0
          0
         40
          0
          0
          0
          0
        145
          0
         46
          0
          0
          0
          0
        196
        135
        115
        120
          0
        153
          0
        127
        195
          0
        200
         90
          0
          0
        127
        255
          0
          0
          0
        255
         12
          0
         19
          0
         73
        129
          0
          0
          0
        149
         10
          0
          0
          0
         14
          0
        152
         39
          0
          0
         54
          0
          0
        122
          0
        139
         66
        105
         89
          0
         29
          0
          0
         38
         53
          0
         33
         11
         44
         40
          0
        124
          0
          0
        202
          0
         41
         73
         19
        166
          0
          0
        130
          0
          8
          0
         77
         57
        126
          0
         67
        255
        255
          0
          0
          0
         80
        255
          0
          0
          0
          0
          0
        104
         59
          0
          0
        168
          0
          0
         60
         49
          0
          0
         84
        153
         54
         63
          0
          0
         61
        143
         70
        180
        220
          0
          0
        195
          0
        255
          0
          0
         39
          0
          0
         19
          0
        102
          0
          0
        255
        168
          0
        115
          0
          0
          0
        194
         21
          0
         67
          0
          0
        255
         10
          0
          0
        255
          0
         78
          6
        157
          0
          0
          0
          0
          0
          0
          0
         37
        147
          0
          0
          0
         82
          0
         77
          0
          0
         77
          4
          0
          0
         39
          0
        110
         97
         63
          0
          0
          3
        136
         20
         47
          0
        201
         56
          0
         50
          0
          2
          0
        167
        120
        255
          0
          0
        110
          0
          0
          0
         28
         20
          0
         51
         29
          0
          0
        119
          0
          0
          0
          0
         24
         44
        255
        255
          0
          0
          0
          0
        114
         23
          0
         58
         57
        255
          0
        133
          0
          0
          0
        142
        156
          0
          0
          0
          0
          0
         83
          9
        255
        146
          0
          0
        106
          0
         46
         66
          0
          0
        230
          0
          0
         49
         69
          0
          0
          0
          0
         39
        128
         37
          0
         32
          0
        170
          0
          0
          0
          0
        158
          0
         52
        223
          0
          0
         74
          0
        144
          0
          0
          0
          0
          0
          0
          3
          0
        230
          0
          0
          0
          0
         52
         34
          0
          0
        222
         74
          7
         27
         27
          0
        168
        147
          0
        255
          0
          0
        215
         50
        153
          0
          0
         92
          0
         49
        135
         33
          0
        221
          0
        100
          0
        216
          0
          0
        159
          0
        216
        156
        109
          0
          0
          0
        237
          0
        122
         33
        255
          0
        163
         10
        255
          0
        103
         88
         97
          0
          0
         34
         19
         98
          0
         59
          0
          0
          0
         74
        222
          0
         86
          0
          0
          8
          0
          0
          0
         89
         24
         64
        255
          0
        113
          0
        237
         66
          0
         72
          0
          0
          0
          0
         75
         90
          0
          0
         12
          0
          0
        123
        225
         47
          0
        165
         89
          0
         50
        156
        255
          0
         57
        255
        255
          0
         48
         64
         23
          0
        182
          0
          0
          0
        121
         45
          0
        250
         54
         59
          0
          0
          0
         71
        200
          0
         24
