          0
          0
        255
         91
          0
          0
         74
         18
          0
          0
        255
          0
          0
          0
          0
         24
          0
          0
          0
        243
          0
          0
          0
          0
          0
         48
         64
          0
         31
          0
        147
        116
          0
          0
        255
        228
        255
        176
        123
          0
          0
        145
          0
          0
          0
          0
        255
        138
          0
         88
         48
        255
         58
         95
          0
          0
          0
        108
          0
          0
          0
          0
          0
          0
        136
          5
        225
          0
        255
        156
        145
          0
          0
         37
          0
         26
        255
          0
        207
          0
         12
        240
         47
        188
          0
         61
          0
          0
          0
         59
          0
          0
          0
         89
          0
          0
         65
          0
          0
         82
        178
          0
        138
          0
          0
          0
        255
          0
          0
          0
          6
          0
          0
          0
          6
        255
          0
          0
         61
         16
          0
         63
        151
         28
         66
         96
        211
          0
          0
          0
        230
        163
        255
          0
         76
          0
          0
         73
          0
          0
        255
          0
          0
        148
          0
        118
        112
        255
          0
          0
          0
         68
          0
        126
         14
          0
         15
        113
          0
        123
         18
          0
        255
         99
        255
        162
        170
          0
         56
          0
          0
        118
          0
          0
        176
        202
          0
        205
          9
          0
          0
          0
          0
         76
          1
         82
          0
         20
          0
        126
          0
          0
        146
          0
          0
          0
        179
          0
          0
          0
         34
        186
          0
          0
          0
        201
        255
          0
          0
        225
          0
        255
          0
          0
          0
          0
         38
         44
          0
          1
         19
          0
          0
          0
          0
          0
        255
        100
         24
          0
          0
          0
         42
          0
        255
        156
        255
         25
          0
          0
         66
          0
        110
        255
         47
        155
          0
        108
          0
        114
        111
          0
          0
          0
          0
        140
          0
          0
          0
          0
        255
         26
         29
          0
         34
          0
        103
        210
          0
         11
        137
        182
          0
          0
          0
        255
         46
         40
          0
          0
          0
        166
          0
          0
          0
          0
        180
        114
          0
          0
          0
        239
        255
          0
          0
        126
         28
        190
        255
          0
        255
          0
          0
         36
          0
          0
          0
          0
         25
         86
          0
          0
          8
        180
         17
         36
        152
        178
        120
        113
          0
         54
        255
          0
        201
          0
         41
        143
         10
         13
          0
          0
          0
          0
        150
         88
         11
          0
        130
          0
          0
          0
        100
         15
         22
        190
          0
         46
         95
          0
          6
         51
        104
        109
        255
          2
        255
          0
          3
         51
         29
          0
          0
          0
         88
         18
        144
          0
          0
        191
        129
          0
        103
          0
        145
          0
         25
          0
        237
          0
         94
          0
          0
         75
         80
        137
          0
          0
        255
          0
         35
          0
         36
          0
          0
          0
          0
          0
        125
          0
          0
         11
          0
          0
          0
          0
          0
         52
          0
          0
          0
          0
        132
          0
          8
         75
         32
         44
        255
          0
        255
        172
         74
         47
          0
        233
          0
          0
        198
          1
          0
         33
          0
        160
          0
          0
          0
          0
          0
          0
         16
        204
          0
         20
          0
         37
          0
         92
          0
        109
          0
         70
        255
          0
         66
        136
          0
          0
        151
          0
        207
          0
        106
          0
          0
        142
          0
        255
        102
          0
          0
          0
          0
        149
          0
         48
          0
          0
          0
        131
         14
        152
        255
        210
        121
          0
        112
          0
          0
         44
          0
        151
        255
        111
          0
          0
          0
        141
         45
          0
        109
        140
        116
          0
          0
        133
        132
          0
         19
          0
          0
        149
          0
          0
          0
        152
          0
          0
         28
          0
          0
          0
          0
        192
          0
         38
          0
        203
          0
        111
          0
          0
         82
          0
          0
          0
          0
         41
          0
         52
          0
         65
          0
         90
          0
          0
        255
          0
          0
          5
          0
        103
         20
         17
          0
          0
          0
        200
          0
         54
         52
          0
         63
          0
          0
          0
         95
          0
         12
         15
          0
         53
        120
          0
         50
         67
         97
         68
        255
          0
          0
        128
         74
        113
         12
         82
          0
          0
          0
         30
        110
         50
          0
        114
        135
        255
        111
          0
          0
         35
          0
        132
          2
         29
         88
          0
        151
         52
          0
        106
        255
          0
        255
        164
         53
         21
          0
        247
        213
          0
          0
         19
          0
          0
          0
        216
          0
          0
         70
          0
         65
        143
          0
          0
          0
         38
         13
         43
        125
          0
        104
          0
        255
          0
          0
         96
         34
        105
         33
          0
          0
          0
        195
          0
        244
          0
          0
        222
         85
          0
          0
          0
        134
         18
          0
        169
          0
         12
         50
         24
          0
          0
          0
        138
        255
        143
        255
          0
          0
          1
          0
          0
        255
         17
        255
          0
          0
         34
          0
         35
          0
          0
          0
          0
          0
          0
          0
         37
          0
          0
          0
          0
        198
          0
          0
         94
        255
          2
        255
          0
         32
         84
          0
          0
        217
         36
          0
          0
        249
          0
          0
         27
          0
          0
          0
          0
        213
          0
         37
          0
          0
          7
         15
          0
          0
          0
         63
          0
        255
        234
        209
          0
         96
        129
          0
         60
          0
        139
          0
        110
          0
        130
          0
         87
          0
          0
         80
          0
        155
          0
          3
        165
          0
         48
         85
          0
         53
         91
         36
          0
        255
         35
        255
          0
        107
          0
         10
          0
          0
         25
          0
        189
          0
          0
          0
          0
        148
          0
          0
         15
          0
        170
          0
          0
         91
         32
          0
        123
          0
        112
          0
        120
        255
        167
          0
         88
          8
         26
         52
          0
        255
          0
          0
          0
          0
          0
         16
        125
        130
          0
          0
          0
        255
          7
          0
        190
          0
          0
        156
          0
          0
        116
         29
        158
        255
          0
          0
         79
        113
         60
          0
          0
        167
          0
        254
          0
          0
         25
          0
        172
        123
          0
          0
          0
        249
         36
          0
          0
          0
          6
        138
          0
          0
          0
          0
         97
          0
         23
        255
          0
        117
         22
          0
          0
         66
          0
          0
          0
        107
          0
          0
        179
          0
          0
         92
         54
        223
        105
          0
          0
          0
         53
        100
          0
        167
          0
          0
        119
          0
          0
        255
         44
          9
          8
          0
          0
          0
          0
        182
        198
        117
          0
          0
          0
         95
        255
          0
        136
        141
          0
          0
          0
         61
          5
        153
          0
        200
          0
         10
        145
        255
        207
        255
          0
          0
         25
         25
        154
          0
         90
          0
        104
        168
          0
          0
         99
          0
          0
          0
          0
          0
          0
          0
          0
          0
         31
          0
        199
          0
         40
          0
        118
        255
          0
        255
          0
          0
         88
          9
          0
          0
          0
          0
         92
         91
          0
         62
         63
        149
          0
        104
          0
         76
          0
         15
          0
          0
         31
        182
          0
          0
         84
         90
          0
        255
          0
        231
          0
         57
          0
          0
         81
         64
        220
          0
          0
          0
        255
          0
          0
          0
          0
        101
         92
          0
        144
         20
        174
          0
         40
          0
          0
         90
          0
         41
          0
          0
          0
        231
          0
        155
          0
          0
          0
          0
        215
          0
          0
        228
        132
          0
          0
          0
        255
          0
         95
          0
        189
          0
          0
         27
          0
          0
          0
        206
          0
          0
        145
        255
        255
          0
         31
          0
         28
          0
          0
        255
          0
          0
          0
        191
          0
          0
          0
          0
          0
          0
        191
          0
          5
          0
          0
          0
         14
          0
          0
         41
         35
         24
        142
        255
        127
          0
          0
          0
         55
          0
          0
          0
          0
         84
          0
        223
          0
          0
        213
        156
          0
          9
          0
          0
         65
         23
          0
          0
          0
         77
        145
         21
          0
        153
         20
          0
          0
          0
          0
         50
        106
          0
          0
        255
          0
          0
          0
        206
          0
          0
        167
          0
          0
         32
          0
         84
         32
          0
          0
          0
         26
         64
          2
          0
          0
          0
         88
          0
        147
        255
          0
         77
         20
          0
         14
        255
         72
          0
          0
          0
          0
          0
          0
          0
        255
          0
          0
          0
         97
          0
          0
         73
          0
        134
          0
          0
          0
          0
         12
          0
          0
          0
          0
         78
         53
          0
          0
          0
          0
          0
          0
          0
          0
          0
        236
         33
          0
          0
        214
        170
          0
         35
          0
          0
          0
        157
         33
          0
          0
          0
        141
        255
          0
          0
          0
         36
         61
          0
        116
          0
        104
          0
          0
        138
        255
          0
         53
          0
          0
          0
          0
         29
          0
          0
        207
        255
          0
         77
          0
          0
          0
        144
          0
        176
        249
        144
         28
        138
          0
          0
         42
        161
        136
          0
        117
          0
          0
          0
        245
          0
          0
          0
        103
        206
        184
         12
        138
        162
          0
         74
          0
         78
         95
         61
        122
        255
          0
        255
          0
          0
          0
         38
        131
          0
        255
          0
         40
         52
        231
          0
         99
          0
          0
         61
          0
        249
          0
          0
          0
         31
          0
          0
          6
        142
         67
          7
          0
        255
          0
        255
         56
        101
         10
          0
          0
          0
          0
        255
         20
        187
          0
          0
         57
          0
          0
          0
        124
          0
          0
          0
          0
          0
         43
        105
          0
          0
        127
         46
         33
        255
          0
        255
        109
         37
         58
          0
         48
          0
          0
         31
          0
          0
         56
          0
        111
          0
          0
         36
          0
        199
          0
          0
          0
          0
          0
        109
         35
          0
         76
          0
        144
        189
          0
          0
         39
         40
         35
          0
        154
        108
          0
          0
        165
        100
        203
          0
          0
          0
          0
          0
          0
          0
         51
          0
         95
        255
         54
        132
          0
        200
         79
        106
         46
        255
          0
        236
          0
        117
         25
          0
        201
          0
          0
          0
          0
         11
         67
          0
        228
          0
          0
        105
          0
          0
          0
          0
        183
          0
         43
        180
          0
          0
          0
          0
         85
        255
        244
        255
          0
        135
         47
         46
          0
          0
          0
          0
          0
         16
          0
          0
          0
          0
          0
          0
         60
          0
         84
          0
        192
          0
          0
        162
         31
          0
          0
        148
          7
        255
        246
        255
          0
        103
         39
          0
          0
        146
          0
          0
          0
        170
          0
          0
          0
          0
          0
         56
        103
          0
          0
          0
          0
        255
         10
        122
          0
          0
         52
          0
          0
        255
        255
        255
          0
         77
          0
          0
          0
          0
        228
          0
          0
          0
          0
          0
         46
          0
          0
        102
          0
         77
        188
          0
        164
         71
          0
        192
          0
         44
          0
         36
          0
        255
          0
        255
          0
        132
        138
          0
        129
         50
        255
        142
          0
        187
        145
          0
          0
        168
          0
          0
        192
          0
          0
          0
        207
         55
          0
          0
        194
          0
          0
          0
         71
          0
         24
          0
          0
        101
          0
          0
        138
        255
          0
          0
          0
          0
          0
          0
        219
         93
          0
          0
          0
        255
          0
          0
        113
          0
          0
        114
        151
        143
         51
        133
        110
          0
        206
          0
          0
         12
         35
          0
          0
        255
          0
         42
          0
         46
         70
          0
          0
         10
          0
         37
        104
        147
          1
         31
          0
         54
          0
          0
          0
          0
         72
          0
         69
        255
          0
        255
          0
         81
          2
          0
        231
        255
          0
         46
          0
          0
          0
         74
          0
         55
        159
         33
        113
         41
          0
         37
          0
        199
         44
        161
          0
          0
         51
        154
        147
        255
        214
        255
         27
         65
          0
          0
          0
        255
         68
          0
          2
        255
          0
          0
          0
          0
        255
          0
        215
         59
          0
          0
          0
          0
          0
        176
         82
          0
          0
          0
         52
        255
          0
        255
          0
         69
          0
          0
          0
        177
          0
        231
          0
          2
          0
          0
         81
          0
          0
          0
          0
          0
         37
          0
          0
        143
          0
          0
          0
          0
          0
         30
         64
        255
        207
        255
        169
        145
          0
         35
          0
          0
          0
          0
        108
         53
          0
          0
        182
          0
          0
          0
          0
        163
          0
          0
          0
          0
         36
          0
        106
          0
         35
          0
         79
        255
        206
         12
        140
        161
          0
          0
         40
          0
        255
          0
        122
          0
          0
          0
         50
          0
          0
         71
         88
          0
          0
          0
        164
          0
          0
         63
         24
        148
        118
        101
          0
        255
          0
          0
        101
          0
        125
          0
          0
         38
          0
        255
        130
          0
         21
          0
        184
          0
          0
         89
        136
          0
          0
          0
          0
          0
          0
          0
        117
         41
          0
          8
        152
          0
        100
        212
        149
        149
         25
          0
          0
        255
          0
          0
          0
         44
          0
         61
        104
          0
          0
          0
          0
          0
          0
          5
          0
          0
          0
        122
          0
        188
          0
          0
          0
        255
         81
          0
        129
        147
         61
          0
          0
          0
          0
          0
        117
          0
          0
         42
          0
          0
          0
          0
          0
        185
         54
          3
          0
        120
         20
         62
         55
          0
          0
          0
          0
        255
         38
          0
          0
          0
         59
          0
        214
        255
          0
        150
         48
          0
          0
         31
          0
          0
          0
          0
        131
        255
          0
          0
          0
          0
          0
         20
        131
         54
          0
          0
          0
          0
          0
        199
        173
        159
         58
         35
          0
        246
          0
         36
          0
          9
          0
         52
         32
         23
          0
          0
         76
          0
         52
         32
          0
          0
          0
         15
         23
        182
         88
          0
          0
        255
        101
          0
          0
          0
        103
          0
          0
          0
          0
          0
         81
          0
          0
          8
          0
         25
          0
          0
          0
        139
          0
         15
          0
         70
          6
          0
          0
        109
        118
          0
        103
          0
         33
          0
          0
          0
        134
          0
          0
        112
          0
          0
          4
         39
        234
          0
          0
          0
          0
         74
        214
          0
          0
          0
          0
         77
         13
         22
         87
        124
          0
         84
        141
        180
        155
         30
        137
          0
          0
         19
         74
        255
        174
          3
        177
        236
          0
         12
          0
          0
          0
         18
          0
        222
        174
          0
         62
         83
          0
        183
          0
          0
          0
