          0
          0
          0
          0
        255
          0
         71
        196
          0
          0
        255
        255
          0
         95
          8
          0
        216
          0
          0
          0
         85
        255
        251
          0
          0
          0
        182
          0
          0
          0
          0
          0
        255
         80
        142
          0
          0
          0
          0
        131
         83
          0
        255
        255
        249
         14
        145
          0
          0
          0
          0
        153
         74
          0
        190
          0
        254
          0
          0
          0
         89
          8
        192
          0
         51
        178
          0
          0
          0
          8
         90
          0
         59
          0
          0
          0
        255
          0
        102
          0
          0
        118
          0
          0
          0
          0
        181
         41
          0
          0
          7
          0
          0
          8
          0
         15
         82
          0
        157
         84
          0
        239
          0
         75
        136
          0
         18
        255
          0
         36
          0
          0
          0
          0
          0
        141
          0
        227
          0
          0
        120
          0
          0
          0
        132
         78
          3
        210
        255
          0
        158
          0
          0
          0
         34
          0
        110
        125
          0
         78
          0
        115
          0
         56
         50
         50
         50
          0
          0
          0
        159
          0
          0
          1
          3
          0
          0
          0
        102
          0
          0
         38
        186
        226
          0
        216
          0
          0
          0
        143
          0
         61
        184
        172
         82
          0
          0
         25
          0
          0
          0
          0
          0
          0
          0
          0
          0
        237
          0
          0
        111
        213
        120
          0
          0
          0
         26
        221
        100
          0
          0
        132
          0
          7
        130
         27
          0
         19
          0
          0
        255
          0
          0
          0
         19
        255
          0
          0
         45
          0
          0
          0
        140
        148
        255
        114
          0
        112
          0
         36
          0
          0
         50
          7
        255
        255
          0
          0
        142
        161
          0
         87
        107
        168
          0
          0
        255
        255
          0
        255
        157
        255
          0
         32
          0
        119
        177
          0
          0
        158
          0
        193
          0
         80
          0
          6
        255
        227
          0
          0
          0
          0
        183
         14
          0
        133
          0
          0
         94
          0
          0
        131
          0
          0
          3
          0
          0
        212
        156
         53
          0
          0
          0
        245
        158
        202
          0
         49
          0
         54
          0
         97
         29
          0
          0
          0
          0
          0
         15
          0
         70
          0
          0
        255
        255
        255
         45
         52
        145
        158
         52
         48
         21
          0
         68
        198
        123
        153
          0
          0
          0
          0
         23
          0
        105
          0
        150
         43
         28
          0
        151
          0
         37
          0
          0
        143
          0
          0
          0
          5
        193
        176
          0
         16
        220
        203
         94
          0
        133
          0
          0
          0
        255
          0
          0
         76
          0
         80
          0
        102
          9
          0
          0
          0
          0
          0
         25
          0
        255
        255
          0
          0
          0
        149
          0
          0
        130
        255
          0
          0
        141
          0
         83
        148
        166
          0
          0
        167
        142
          0
        145
          0
          0
        199
          0
          0
         93
          0
        180
          0
         30
          0
         34
          0
          0
          0
         47
         10
          0
          0
         38
         13
          0
        172
          0
          0
        255
          0
          0
          0
          0
         42
          0
          0
        148
          0
          0
        255
         32
        255
          0
          0
         27
          0
        160
          0
          0
          0
          0
         47
          0
          0
          8
         11
          0
          0
          0
        169
        255
          0
          0
          0
         17
          0
        169
         20
          0
          0
        175
          0
          4
          0
         21
          0
         30
          0
          0
         43
          0
         10
          0
          0
          0
         99
         58
          0
         82
          0
          0
         18
        242
          0
         33
          0
          0
        164
          0
          0
        255
        100
          0
          0
          0
          0
        176
          0
          0
          0
          9
          0
          0
          0
