        137
          0
          0
        251
        216
        103
          0
          4
         14
        168
          0
          0
         93
        189
        255
          0
          4
          0
          0
        167
         91
        159
          0
         70
         96
         29
          0
        103
         69
        255
        115
          0
        169
         83
         26
        199
        192
        182
        242
         33
          0
          0
          0
        118
          0
          0
        196
        113
          0
          0
         27
          0
        143
         54
         84
          0
         26
          5
        192
          0
        133
        255
         99
          0
          0
          0
        154
          0
          0
          0
        255
         67
          0
        163
          0
         38
         71
          0
        155
          0
          0
          0
          0
        177
         90
         16
        193
          0
         66
         16
         73
          0
          0
          0
          0
          0
          0
          0
        166
        128
          0
          0
        255
          0
          0
          0
         55
          3
          0
        121
          0
          0
          0
        155
          0
         54
          0
        255
          0
          0
          0
          0
        157
          0
        113
          0
          9
         25
        126
          0
         47
          0
        226
        179
        255
        136
         66
          0
          0
        255
        119
          0
         68
         70
          0
         55
          0
          0
          0
        238
         64
          0
        130
          0
          0
         92
         44
         18
          7
          0
         92
        169
          0
          0
          0
          0
        255
         80
         85
        109
          7
          0
         21
        202
        251
          0
         53
        144
         50
          0
        240
        124
          0
          0
        143
          0
          0
        198
          0
          0
         99
          0
         70
          0
         48
        180
          0
         65
        255
        101
         37
        150
          0
         36
          7
        180
        206
        182
          0
        112
          0
          0
        184
        108
        220
        255
        142
         17
          0
          3
          0
          0
         10
          0
          0
          0
         89
          0
          0
          0
        255
         19
        182
         12
          0
          0
        142
        178
         73
          0
          0
          0
         65
         53
          0
        230
        204
        246
          0
          0
        206
          0
          0
          0
          0
          0
        135
          0
         46
         80
          0
        140
        255
          0
        131
        116
          0
        180
        151
          0
          8
          0
         70
          0
         58
          8
          0
         85
        213
          0
        109
          0
          0
          0
          0
        255
        126
        100
          0
          0
          0
          0
          0
         35
        255
         78
          0
          0
         81
         87
         44
          0
          0
        195
        202
          0
         91
          0
          0
         40
        203
          0
          0
          0
          0
          0
          0
          0
        101
          0
        111
          0
         90
          0
          0
         27
        255
        157
          0
         16
          0
          0
         90
        159
          0
          0
          0
         98
          0
          0
        228
         34
        155
          0
          0
         67
          0
          0
          0
         66
          0
        219
          0
         13
          0
        123
          0
        153
        255
         79
          0
         15
         13
          0
        138
         97
          0
        109
          0
          0
        129
          0
          0
        177
        170
          0
         66
          0
          0
          0
          0
          0
          0
          0
          0
          0
        152
          0
        211
          0
        255
         77
         84
          0
         25
          0
         98
          0
        255
          0
          0
        102
         89
         40
          0
          0
          0
          0
          0
          0
        255
          0
          0
        199
         47
          0
         71
          0
          0
        232
        191
          0
          0
         63
          5
          0
          0
          0
         95
         17
         95
        174
          0
        109
         63
          0
         90
        150
        197
          0
         17
         41
        255
         17
        113
        106
          0
          0
        125
          0
          0
          0
          0
          0
        255
          0
          0
          0
         22
          0
         48
          0
         90
        188
          8
          0
          0
         14
         41
        255
        209
          0
          0
          0
        170
          0
        126
          0
         52
        121
          0
        124
         88
        131
          0
         35
         53
         69
          0
          0
         27
          0
          0
         48
          0
         40
          0
        134
          0
          0
          0
        232
         89
          0
          3
         16
          0
          0
          0
          0
          0
          0
