          0
         31
          0
          0
          0
        101
          5
          0
         30
          0
          0
          0
          0
          0
          0
          0
          0
        166
         23
         37
        100
        182
          0
          0
         92
          0
          0
          0
          0
          0
          0
          0
         87
          0
          0
        178
         47
          0
         11
          0
          0
          0
          0
         62
          0
          0
         45
          0
          8
        255
         69
        144
          0
        106
          0
         25
         73
          0
        255
         23
          0
        170
        233
          0
         59
        100
          0
        104
          0
         56
          0
          0
          0
        255
          9
          0
        255
          0
          0
          0
         95
        255
        144
          0
         84
         29
          1
         83
         38
          0
        255
          0
         84
        184
        138
          0
          0
        174
          0
         94
          0
          0
         25
          0
          0
        255
         50
        156
          0
          0
         97
          0
          0
          0
        121
        106
         54
          0
          0
         92
        109
        182
          0
          0
        151
        255
        241
         96
          0
          0
        137
          0
          0
        255
          0
          8
          0
        255
         84
          0
        145
          0
          0
          0
         21
          0
         40
         47
        162
          0
         95
          0
        105
          0
        255
          0
          0
          0
          0
          0
          0
         21
          0
         15
        124
          0
        105
        109
        155
        255
          0
        100
         21
          0
         16
        168
          0
          0
          0
          0
          0
          0
          0
          0
          0
          0
        255
        175
          0
          0
          0
        168
          0
          0
          0
        112
          0
          0
          0
         27
        128
        255
          0
          2
        154
        255
         92
          0
         76
        106
          0
        181
          0
         35
          0
          0
         60
        130
        255
          0
        227
        246
        126
          0
          0
          0
          0
         47
         29
          0
         92
          0
        129
        255
         91
          0
        227
        118
         74
          0
          0
          0
          0
        166
        197
          0
        156
          0
         49
          0
        255
          0
        255
        175
        121
        141
          8
         86
          0
          0
          0
        183
         53
          0
          0
          0
          0
          0
          0
          0
          0
          2
        131
          0
         20
         61
         55
        145
          0
          7
         61
          0
          0
          0
          0
          0
          0
          0
          0
          0
          0
        159
         79
          0
          0
         50
          0
          0
         35
        139
        184
          0
        135
          0
         34
          0
          0
          0
          0
         47
          0
         84
         62
          0
          0
          0
          0
          0
          0
          0
          0
          0
          0
          2
        117
         59
          0
          0
         59
          0
          0
        166
        254
        255
          0
         13
         13
          0
         80
          0
         23
          0
          0
          0
          0
        127
        255
          0
          0
        215
         92
        171
         48
        199
         61
        148
          0
          0
         78
          0
         39
        255
         75
          0
          0
          0
         98
          0
         11
        255
          0
          0
          0
          0
          0
          0
         39
          0
        123
          0
          0
        119
         43
         98
         39
        209
          0
          0
          0
        150
          0
          0
          0
        205
          0
         13
        223
        255
          0
          0
          0
         96
          0
          2
          0
          0
        184
         90
          0
         38
          0
          0
          0
          0
        168
          3
         52
          0
          0
          0
          0
        100
          0
        124
          0
          0
          0
          3
          0
          0
        132
          0
          0
        225
        113
         87
        210
         10
        253
          0
         99
         84
        255
        186
          0
          0
        224
          0
          0
        121
          0
        179
         69
         89
          0
          0
          0
          0
          0
          9
          9
        255
        137
          0
        117
        174
         71
        217
          0
          0
          4
          0
          0
        138
        255
         93
        255
          0
        127
         49
         78
          0
         96
          0
          0
          0
        103
          0
          0
        255
        110
          0
        255
          0
         81
        128
         25
          0
          0
         85
          0
          0
          0
          0
        112
          0
        255
        251
        255
          2
         81
          0
