         40
        119
          0
          0
        177
        247
        255
        137
        183
         75
          0
        255
          0
         66
          0
         11
        173
          0
          0
        158
         36
        198
        226
          0
          0
          0
          0
        180
        205
          0
          0
        255
        193
          0
          0
          0
          0
          0
        255
          0
         16
         96
          0
          0
        255
          0
         14
        255
         71
        185
          0
        136
         34
        245
         46
          0
          0
          0
         20
          0
         18
          0
          0
        149
          0
          0
          0
          0
          5
        127
        255
          0
         12
         61
          0
          0
        255
        175
          0
          0
          0
        187
          0
        185
          0
         75
        255
          0
        230
          0
          0
        255
          0
          0
          0
         19
          0
        219
         25
        255
          0
          0
        218
        203
        194
         49
        166
        255
        225
         66
         52
        255
          0
        148
        255
          0
          0
        132
         64
         12
          0
          0
          0
          0
          0
          0
         42
        255
         96
         53
        255
          0
         65
        129
        255
          0
        137
         84
          0
        169
          0
         11
          0
          0
          0
        213
          0
        182
          0
          6
        102
          0
          0
         37
         45
          0
          0
          0
          0
        209
          0
        107
         90
          0
         36
        182
        255
          0
          0
          0
        255
          0
        255
          0
          0
        255
        127
        159
         28
        129
          0
        142
        168
          0
          0
         41
          0
        255
          0
          0
          0
        219
          0
          0
          0
         53
          0
        255
        255
        240
        219
         90
          0
        255
          0
          0
          0
        255
        174
        193
        255
          0
          0
        152
          0
          0
         74
          0
          0
          0
        148
        255
          0
        255
        192
         55
        101
        255
         17
        107
        255
          0
          0
        127
          0
        175
          0
          0
         42
         32
          0
          0
         66
         30
          0
          0
         84
          0
        112
        255
          0
          0
          0
        211
          0
        175
        177
        214
          0
        128
         96
          0
          0
        230
          0
        122
         72
        237
        164
          0
          0
        238
        167
        147
          0
        152
         21
        131
        242
          0
         41
         26
          0
          0
          0
         18
        194
        103
          0
        174
         39
         19
          3
        104
          0
         13
          0
         60
          0
          0
         88
          0
          0
          0
        243
          7
          0
        164
          0
         67
         93
          0
         47
         16
          0
          0
          0
          0
        211
          0
          0
         83
          0
          0
          0
          0
        255
          0
        223
        116
         73
        255
        127
          0
          0
          0
         29
          0
          6
          0
          0
         50
         28
          0
          0
         69
          0
          0
          0
          0
        223
          0
          0
          7
        134
          0
        139
          0
        255
          0
        222
         45
        224
        255
        118
         91
          0
          0
         86
        106
        255
          0
          0
        235
          0
         29
         36
          0
          0
          0
          0
          0
          0
          0
        194
        126
         95
          0
        180
          0
        255
          0
         13
        107
        124
        255
        183
          0
          0
        255
         54
          0
          0
        138
          0
          0
        255
          0
          0
        107
         48
          0
          0
          0
        144
          0
         31
        119
        122
          0
          0
          0
        255
          0
        132
        142
          0
        247
        242
        199
          0
          0
        131
         69
         33
        134
         45
         55
        241
          0
          0
          0
          0
          0
          0
         54
          0
          0
         94
          0
        123
          0
         41
          0
        255
          0
         10
         50
          0
          0
        255
        238
         14
        255
         87
          0
          0
         81
        114
          0
        124
          0
        196
          0
          0
          0
          0
         85
         97
          0
          0
          0
         25
        243
         10
        162
        255
        150
        186
          0
        100
        150
          0
         58
        255
        255
        132
        108
        246
         76
         14
        248
        167
          0
          0
        156
          0
        109
          0
        116
        242
          0
         17
        208
         73
        225
        191
         65
        255
        202
          0
         86
        157
        149
          0
          0
          0
          0
         55
        210
          0
         24
          1
        248
          0
        185
        151
          0
          0
        255
          0
         50
         92
        120
          0
          0
         97
          0
         89
          0
          0
          0
        177
         44
          0
         62
        255
          0
        113
        121
          0
          0
        241
          0
         45
         94
        150
          0
        237
        146
          0
          0
          0
        190
        132
          0
        157
          0
         46
          0
          0
          0
          0
        122
          0
         73
         74
         71
          0
          0
          0
        255
          3
          0
        246
          0
          0
        193
        255
          0
          0
          0
          0
          0
          0
          0
        182
          0
          0
        141
          0
          0
        156
          0
        255
          0
          0
         95
        101
         77
        234
          0
          0
        255
         53
         35
          0
          0
          0
        211
        255
         42
          0
          0
        173
          0
          0
        191
         74
          0
          0
          0
         43
          0
          0
          0
          0
          0
        220
          0
         68
        222
          0
          0
          0
        255
        161
        124
         58
          0
        127
         37
        255
          0
         27
         20
         45
          0
          0
          0
         79
          0
         48
          0
          0
          0
        181
          0
          0
         25
          0
        106
          0
          0
          0
         31
        151
        255
        207
         31
          0
          0
          0
        164
        180
          0
          0
          0
          7
          0
          0
        158
        234
          0
          0
        127
          0
         69
          0
         47
        255
          0
         92
         89
         23
          0
        252
        179
         73
        255
        104
          0
          0
         21
        148
         44
         67
          0
         80
         21
          0
        255
          0
          0
        221
          0
          0
         86
         31
          0
         88
        156
        255
        155
          0
        112
        228
        221
          0
         54
          0
        255
        152
         73
          0
         69
         21
          0
        100
          0
          0
         72
          0
        255
          0
        130
          0
        255
        200
         60
          0
        191
        182
          0
        255
        108
          0
         71
          0
        255
          0
          0
        255
        255
        203
        171
        180
         58
          4
        186
          0
          0
          0
          0
          0
          0
          0
        112
        126
        241
          0
         86
          0
          0
          0
        209
        255
          1
          0
         50
          0
        255
          0
          0
        255
          0
         39
          0
          0
          0
         91
         28
        208
         21
          0
          0
          0
        211
          0
          0
          0
          0
          0
          0
          0
         59
         54
          0
          0
        114
        248
          0
          0
          0
        232
          0
          0
          0
         38
          0
        255
        124
          0
        150
        255
        185
          0
        113
         46
          0
        255
        155
          0
          0
         87
        150
         12
         50
          4
          0
        255
          0
        214
        102
        255
         86
        255
          0
          0
        255
        150
          0
         16
          3
        142
         95
        160
          0
          0
          0
          0
          0
          0
        213
          0
          0
         32
         77
          0
          0
          0
          0
        255
          0
        131
          0
        255
          0
          0
         80
          0
         17
        118
         30
         40
          0
          0
         54
        228
          0
          0
          0
          0
        212
          0
         87
        166
          0
          0
         70
          0
          0
          0
          7
        128
          0
        160
          0
         73
         83
          0
          0
         14
          0
        173
          0
          0
          0
         98
         74
         97
         23
         76
         13
          0
          0
          0
         96
        138
          0
          0
        164
          0
        135
        151
        253
        255
          0
          0
        134
        254
          0
        255
        211
         78
        255
        122
        126
          0
          0
        161
          0
        125
          0
          0
         47
          0
          0
         48
        167
        135
          0
         21
        154
         79
          0
        183
        161
        255
          0
          0
          0
        230
        191
          0
          0
        183
          0
         75
         76
          0
          5
          0
        254
        103
          0
         23
          0
          0
          0
          0
        203
        168
        255
        151
        142
          0
        187
        149
          0
        208
         60
          5
         54
          0
          0
        255
          0
          0
        255
        147
          0
        120
        120
          0
        111
          0
        145
         83
         24
          0
          0
         33
          0
          0
          0
         79
        129
          0
          0
         10
          0
        255
        228
          0
         57
          0
          0
        255
          0
          0
         83
          0
         89
          0
          0
        132
          0
        190
          0
          0
          1
          0
         56
          0
        183
          0
         79
          0
        198
          0
          0
        151
        246
          0
        190
          0
          0
          0
          0
          0
        153
         68
          0
          0
         78
          0
          0
          0
          0
        214
          0
         30
          0
        181
          0
        106
          0
          0
          0
          0
         74
          0
          0
          0
          0
        255
          0
          0
         55
          0
          0
          0
          0
          0
          0
          0
          0
          0
          0
          0
        124
          0
        162
          0
        189
         20
          0
          0
         18
          0
          0
          0
         79
          0
        255
        145
         21
        255
          0
        201
        132
         21
          0
        255
          0
        253
        255
        253
         33
          0
          0
          0
        145
          0
          0
         11
          0
        122
         41
          0
         68
          0
          0
         22
        165
        209
          0
          0
          0
        255
         34
        204
        135
          0
         84
        255
          0
        219
        255
        234
          0
          0
          0
          0
         96
          0
          0
         27
          3
          0
          0
        255
        235
          0
          0
        184
         79
         16
        199
         99
          0
          0
          0
         92
        134
        159
         86
        189
         96
          0
         30
         39
          0
          0
        182
          8
         76
        240
          0
          0
        124
          0
          0
          0
        109
          0
         23
          0
          0
          0
          0
          0
         16
        255
        151
          0
          0
        252
        150
          0
          0
          0
         60
        120
         66
        222
          0
         36
          0
         60
          0
          0
          0
         77
          0
         52
          9
          0
          0
        160
         49
          0
        122
        148
          0
        255
        139
          0
        121
          0
          0
          0
          0
        255
        255
          0
        218
          0
          0
          0
        243
          0
        130
        199
          0
        160
          0
         27
          0
          0
        255
         22
         44
          0
          0
        160
          0
          0
        203
         94
        110
         92
          0
          0
         78
          0
          0
        114
         19
        255
          0
          0
         77
         55
          0
        110
        211
          0
          0
          0
         52
          0
        216
          0
          0
          0
          0
          0
         73
          0
          0
        230
         67
          0
          0
        221
          0
        137
        255
        103
         71
        255
          0
        157
         81
        175
         81
          0
          0
          0
          0
         63
         92
          0
         29
        251
          0
          0
          0
         66
          0
          0
          0
        157
         60
          0
        255
        255
         22
         18
         41
        101
         99
        255
          0
        113
        115
          0
        137
          0
        169
        140
          0
          0
        115
          0
         39
          0
          0
        199
          0
         41
         73
        255
          0
         75
         43
          0
          0
          0
        163
        255
        255
        130
        121
          0
          0
          0
        131
        255
        168
          0
          0
          0
          0
          0
          0
          0
        255
          0
          0
          0
          0
        209
        248
          0
        152
          0
         58
          3
        255
          0
        119
          0
          0
        150
         82
          0
          5
          0
        160
        255
          0
          0
          0
          0
        255
          0
        193
          0
        255
          5
        215
          0
          0
         70
          0
          0
          0
        129
         42
          0
          0
        172
          0
          0
        255
        202
         47
          0
          0
        153
        235
        109
         64
         58
          0
         40
          0
          0
        255
          0
        220
          0
          0
         18
        255
        123
        167
          0
         56
          0
        116
         56
         39
          0
        117
          0
        255
          0
         43
        117
         40
         57
          0
          0
          0
          0
          0
          0
         42
        132
         89
          0
          0
        176
         10
          0
         34
         40
        240
        255
        213
          0
         89
        120
        197
        255
          0
          0
          0
         94
        172
          0
        184
          0
        217
        255
        167
          0
          0
          0
         10
        100
          0
        142
        102
          0
          0
         25
          0
         76
          0
          0
         29
        199
        105
          0
        255
        138
        167
          0
          0
         99
         73
        255
        176
          0
        137
          0
        181
         77
          0
         38
          0
        255
        104
          0
        255
          0
          0
          0
          0
          0
          0
        255
          0
        180
        106
        251
          0
        255
        235
          0
        255
         85
          0
          0
        150
         89
         30
          0
         45
          7
          0
          0
          0
          0
        114
          0
        149
          0
         33
          0
          0
         22
          0
        255
        203
        118
          0
        136
        255
          0
        196
          0
        196
         50
        102
        255
          0
          0
         96
        142
          0
          0
         37
          0
          0
          0
          0
        220
        204
          0
          0
          0
          0
         36
        255
        255
         60
        147
          0
          0
        255
        254
        206
          6
          0
        115
          0
          0
          0
          0
          0
        255
          0
          0
        121
          0
          0
          0
         97
          0
         21
        207
          0
          0
         29
          0
         84
          0
        212
        121
         33
          0
        201
        255
          0
          0
        255
         78
        166
          0
         34
        141
        186
        120
          0
         38
         98
          0
          0
          0
         27
        230
        234
          0
          0
        116
        255
          0
          0
        255
        220
         34
         35
        220
        158
         52
        240
          0
          0
          0
         17
          0
          0
          0
        233
        161
          0
          0
          0
          0
          0
          0
        194
        227
          0
          0
         45
          0
        255
          0
         86
         25
        135
        189
        145
        255
        227
        255
          0
        160
        255
         78
        104
         81
         15
          0
          0
          0
          0
          0
        224
          0
          0
        104
        220
        225
          0
          0
          0
         52
         48
         71
          0
        255
        142
          0
        121
          0
          0
        255
          0
          0
          0
          0
        192
          0
          0
          0
          0
        255
          0
          0
        164
          0
         82
        106
          0
         89
          0
         45
          0
        218
         25
        129
          4
        255
          2
          0
        139
          0
         39
          0
         52
        205
        255
         49
         90
          0
          0
         12
          0
         23
          0
          0
         27
        123
        112
          0
          0
         72
          0
          0
          0
          0
          0
         80
         93
        255
          0
          0
        124
          0
         94
        222
        122
          0
          0
        102
         26
          0
          0
        138
        231
          0
          0
        188
          0
         15
          0
          0
        251
         20
          0
        181
          0
        114
          0
         88
        167
        255
          0
        178
         84
          0
        141
        201
        120
          0
          0
          0
         58
        255
         67
          0
          0
        255
          0
          0
          0
         98
          0
         61
          7
          0
        185
          0
          0
        255
          0
         95
         66
        255
        202
        143
         55
          0
        147
        150
        166
          0
        255
          0
        127
          0
         18
          0
          0
        194
          0
        208
          0
         82
         84
         37
          0
         29
          0
          0
          0
          0
          0
         63
        105
        193
          2
         15
         66
         39
        168
        113
        125
          0
          0
        107
        135
         44
         43
          0
          0
         23
          0
          0
        240
        122
          0
        132
          0
          0
          0
         60
          0
        127
          0
          0
        179
          0
          0
         56
        109
          0
         24
        137
        138
         61
          0
        172
        114
         36
          0
          0
          0
        243
         84
          9
         17
        103
         56
          0
         40
          0
          0
         72
          0
          0
          0
         90
        167
          0
          0
        164
          0
        136
          0
          0
          0
        119
        194
        227
        205
          0
         41
        162
          0
          0
          0
          0
          0
          0
        157
        110
        193
          0
          0
