        155
        255
          0
         69
          0
          0
        254
          0
          0
          0
          8
          0
          0
        214
          0
        230
          3
         19
          0
          0
         44
         75
         27
          0
          0
          0
          0
          0
         31
         32
         19
          0
         54
        163
          0
         96
          0
          0
         80
         83
          0
          0
          0
          0
        104
         85
          0
         36
          0
          0
          0
          0
          0
          0
          0
          0
          0
          0
          0
          0
          0
        216
          0
          0
          9
         72
          0
          0
          0
         20
          0
          0
         97
          0
          0
          0
        255
          4
          0
        255
         17
          0
        116
        255
          0
          0
        152
          0
          0
         34
         44
         37
          0
         63
          0
         99
         49
        244
          0
         53
          0
        255
        255
         30
        128
          0
        120
          0
         28
          0
          0
          0
          4
          0
          0
          0
         24
          0
        154
          0
          0
          0
        126
          0
        255
          0
          0
         90
        105
          0
        206
         29
          0
          0
          0
        136
         55
          0
         13
          0
        171
          0
          0
        220
          0
          4
          0
        252
          0
          0
          0
        169
          0
         36
          0
          0
          0
        205
          0
          1
         75
        255
        143
          0
          0
          0
        110
          0
         75
        179
         15
         37
          0
         18
        145
        255
          0
        255
          0
          0
          0
          1
          0
          0
        143
         26
        255
          0
         22
          0
        139
        133
          0
          0
          0
         96
          0
        109
          8
          0
        119
          0
          0
          0
         45
         71
         94
         50
          0
          0
          0
          0
         96
        198
          0
          0
          0
         92
        235
         29
        121
        190
          0
        134
        128
         62
          0
         26
        215
        248
          0
        100
          0
          0
         42
          0
          0
          0
          0
          0
          0
          0
          0
          0
         10
          0
         36
          0
          0
         24
          0
         44
          0
          0
        255
        125
          0
         39
         97
        131
          0
          0
         54
        101
        104
          4
         11
         17
        151
         19
        184
        255
          0
          0
         98
          0
         33
          0
        100
        203
        170
         36
          0
          0
         81
         32
          0
          0
         78
          0
          0
         69
          0
          0
         78
          0
         77
        219
          0
          0
          0
         26
          0
        255
          0
          0
          0
        240
          0
        120
        193
        255
         28
          0
        179
         32
          1
          0
        217
          2
         24
        114
          0
         62
        150
         63
         85
        222
          0
        230
          0
          0
          0
         94
        153
        193
          0
          0
          0
          0
         65
        192
         71
          0
          0
         42
        219
         12
          0
          0
          0
          0
          0
          0
          0
          0
          0
        199
        169
          0
          0
          2
         89
         70
          0
         43
        139
          0
          0
          0
         64
         70
         13
          4
         87
        255
        219
          0
          0
          7
         31
          0
          0
        117
         22
          0
        131
         12
          0
          0
        247
         24
          0
         97
         27
        125
         41
          0
          0
          0
          0
         17
         23
          0
          0
          0
          0
        126
         64
          0
        201
          0
          0
        234
        255
         33
          0
          0
        106
          0
          0
          0
          0
          0
          0
         10
          0
        207
        222
         53
          0
          0
          0
          0
        113
          0
          0
        216
         16
        141
        134
         62
        160
          0
         86
          0
          0
          0
          0
          0
          0
          0
        255
          0
         38
         37
          0
          0
          0
          0
          0
        124
          0
        255
          0
          0
          0
          0
        108
         72
          0
          0
        101
        163
         23
         32
        255
          0
        125
         26
        157
        147
          0
          0
          0
          0
          0
          0
          0
          0
          0
         19
          0
         79
          0
          0
          0
          0
          0
        198
          6
         34
          0
        255
          0
          0
          0
          9
        131
          0
        255
          0
