          0
          0
          0
        158
        105
         56
          0
          0
        215
          0
        116
          0
         36
          0
        106
          0
          0
         98
          0
         25
          9
          0
          0
          0
         27
          0
         99
        253
         89
          0
          0
         29
          0
        255
        201
        151
        255
          0
          0
         95
        195
         41
         41
          0
          0
          0
         95
         84
        243
          0
         48
          0
         42
          0
          0
          0
         87
          0
        128
        112
        140
          0
         36
          0
          0
          0
         20
        193
          0
          0
          0
        126
          0
          0
        101
          0
          0
        147
        172
         11
          0
         30
          0
          0
        193
        113
         33
          0
        167
        255
         74
        255
        116
         87
          0
          0
         76
          0
        142
          0
          0
          1
          0
          0
          0
         84
          0
         70
          0
        255
        197
         14
          0
          0
         28
          2
          0
         15
          0
         21
        222
        161
          0
          0
          0
          0
          0
        160
          0
        255
          0
        160
          0
          0
          0
          0
         53
        169
         74
          0
         20
         36
        245
         25
          0
          0
          0
        159
          0
        104
          0
          0
          0
          0
        128
        255
        176
          0
          0
          0
         44
        255
        250
          0
          0
        195
          0
        120
          0
        118
          0
        125
          0
         99
          0
          0
          0
         34
          7
          0
          0
          0
          0
          0
          8
          0
        148
        147
          0
          0
          0
         87
          0
        255
          0
          0
          0
          0
          0
          0
        255
         71
          0
          0
          0
          0
          0
          0
          0
          0
          0
          0
          0
          0
         55
          0
        169
         34
          0
          0
        255
          0
          0
        148
        114
          0
          0
          0
        255
          0
          0
          0
          0
          0
        108
          0
          0
          0
        146
         15
          0
         80
          0
          0
        134
         80
          0
          9
          0
        106
          0
          0
          0
         83
          0
          0
        133
        254
          0
          0
          0
          0
          0
        139
          0
          0
          0
        234
         68
        178
         75
        109
        217
         13
        122
        139
          0
          0
          0
          0
        169
          0
        161
         14
        249
          0
          0
         61
        105
         58
          0
          0
        255
          0
        199
          0
        106
          0
          0
         65
          0
        241
        255
          2
         17
          3
        123
          0
          0
         20
          0
          0
         95
          0
         93
        255
          0
          0
          0
         46
          0
         61
        109
          0
          0
        116
          0
         58
        114
          0
          0
          0
          0
        255
        224
         91
         71
          0
          0
         92
          0
          0
         50
          0
          0
        102
        151
          0
          0
          0
        255
         43
        106
          0
        255
        115
          0
          0
          0
          0
          0
          0
        105
          0
          0
          0
        107
         85
        255
          0
        126
          0
        111
          7
          5
         87
          0
          0
        144
         88
        255
          0
          0
          0
         57
          0
          0
          0
          0
          0
         13
          0
        174
          8
          0
          0
          0
          0
         12
          0
          1
         54
          0
          0
         18
          0
          0
         87
          0
          0
          0
         65
        174
          0
          0
         35
         72
          0
          0
          0
          0
          0
          0
          0
          0
          0
          0
         34
          0
          0
        163
          0
         24
          0
          0
          0
          0
          0
          0
        143
          0
          0
          0
          8
        255
        153
          0
        121
        131
        255
        221
        129
          0
        155
         42
        148
        134
          5
        115
         41
          0
          0
        213
          0
          0
        101
         84
          0
          0
          0
          0
         43
         81
        255
         96
          0
        255
          0
          0
         41
          0
          0
          0
          0
          0
          0
          8
         41
          0
          0
         26
          0
          0
          0
        194
         82
          7
         69
         85
          0
          7
          0
          0
         18
          0
          0
          0
          0
          0
          0
          0
         70
