         91
        239
          0
          0
        166
         76
          0
          0
          0
          0
        191
          0
        255
          0
         88
          0
        133
        255
         24
        255
          0
          4
          0
         81
          0
        122
          0
          0
        227
         91
        218
          0
         77
         20
         88
        125
          0
         62
         64
          0
          0
          0
        255
         61
        253
         88
          0
          0
          0
         51
        255
          0
          0
        255
          0
        242
         19
          0
         21
          0
        160
          0
          0
         73
        152
          0
          4
          0
          0
         57
         67
          0
        120
          0
          0
        130
          0
          0
        182
          0
         62
          0
        255
        255
          0
        195
          0
        219
          0
        191
          0
          0
        255
          0
        111
         89
        125
          0
          6
         80
         22
          0
         68
          0
          0
          0
        255
         40
        176
          0
        179
         78
         38
        188
          0
         32
          0
          0
          0
          0
         59
          0
          0
          0
         68
        207
          0
          0
        189
          0
          0
          0
          0
          7
        126
          0
          0
          0
          0
        255
          0
          0
          0
          0
          0
          0
        255
        255
        255
          0
        198
        217
        162
         73
          0
        168
        255
          0
          0
          0
        164
          0
          0
          0
          0
        138
        218
         32
        159
          0
        255
          0
          0
          0
         52
          0
          0
          0
          0
          0
        255
         47
        219
        180
          0
          0
          0
          0
          0
          0
          0
         11
          0
          0
          0
         10
         33
         44
          0
          0
          0
          0
          0
          0
        255
         24
          0
          0
          0
          0
          0
        255
         33
          0
          0
        230
          0
          0
         69
        157
          0
        223
          0
          0
          0
         49
         35
         44
        135
          0
          0
          5
        186
          0
        255
        243
          0
          0
        151
          0
          0
          0
          0
          0
        255
          0
          0
          0
         68
          0
          0
          0
        255
        200
          0
        217
        253
         60
          0
         78
        118
         45
          0
          0
          0
          0
          0
          0
         20
          0
          0
          0
         97
        255
          0
          0
        255
          0
          0
        177
        148
          0
          0
         35
          0
         27
          0
        255
        105
        140
          0
          0
          8
        136
          0
          0
          0
        255
        196
        175
          0
          0
        255
          0
         94
          0
          0
          0
        255
        180
          0
          0
        146
         45
         51
        156
        255
        178
        255
          0
          0
        200
          0
          0
          0
         16
          9
        255
        145
          0
         56
          0
          0
        100
          0
          0
          0
        255
          0
          0
          0
        181
        155
          0
          0
        255
          0
          0
          0
          0
          0
          4
         90
          0
        108
        108
        105
          0
         79
          0
          0
          0
         73
        243
          0
          0
         59
          0
          0
         72
          5
          0
        255
        139
        227
          8
         14
          0
         35
          0
        224
        105
          0
        227
         76
          5
          0
          0
          0
          0
          0
          0
        141
         56
        255
         17
         28
          6
          0
          0
          0
          0
          0
          0
        133
        255
          6
        131
          0
          0
          0
          0
        255
         82
          6
        195
        255
        208
          0
          0
          0
        155
          0
          0
        123
        217
         47
        255
          0
          0
          0
        119
          0
          0
          0
          0
        255
        255
          0
          0
          0
          0
          0
          0
          0
        204
          0
          0
        186
        203
          0
          0
        128
        151
        136
         85
        169
          0
          0
        255
          0
          0
         16
        255
        138
         89
         13
          0
          0
          0
          0
          0
          0
          0
          8
        129
        255
          0
         72
          0
         80
        221
          0
        120
          0
          0
        203
        115
         25
         81
          0
        209
          0
          0
          0
          0
          0
          0
         49
          0
        165
          0
          0
         86
         76
          0
          0
          0
        235
        232
          2
        255
