         78
        165
        255
          0
         46
         65
          0
        127
          0
          0
          7
        255
          0
         74
         85
         17
         85
          0
          6
        255
          0
         80
          0
          0
        229
         97
          0
          0
        255
         66
        205
        120
         55
        103
          0
          0
          0
        255
          0
          0
         96
          0
          0
         58
          0
          0
          0
        255
         84
         15
        255
          0
         91
          0
          0
          6
        206
        178
          0
          0
          0
          0
          0
        205
          0
        191
        136
         35
          0
        255
          0
        220
          0
          0
          0
          0
         84
         42
          0
         16
         78
          0
          0
          0
        166
        255
          0
         29
        223
         95
        239
          0
        248
          0
          0
          0
          0
        164
          0
          0
        168
         75
          0
        175
          0
          0
        110
          0
          0
         37
          0
        122
          0
         12
        203
          0
        120
        255
        119
        103
         72
        130
        255
         42
          0
         68
          0
          0
          0
        219
         51
        136
        149
          0
          0
          0
          0
          0
          0
          0
         66
          0
          0
          0
         50
        223
          0
        255
          0
        255
         45
          0
        102
        129
        105
          8
          0
          0
         45
          0
          0
         88
          0
          7
        107
          0
          0
          9
          0
          0
          0
        222
          0
          0
          0
         45
         86
         38
          0
        255
          0
          0
         42
         45
        117
          0
          0
          0
          0
        122
          0
          0
          0
         65
        175
          0
          0
        255
          0
        119
          0
         25
          0
        156
         86
          0
          0
        255
          0
         52
          0
          0
          0
          0
         86
          0
         51
         18
        255
         54
        152
          0
        239
        201
          0
        134
        125
          0
         12
        255
        107
         71
         35
          0
         93
        205
         77
          0
         70
        224
        136
        134
          0
          0
          0
          0
          0
          0
         94
          0
          0
          0
          0
          0
          0
        153
          0
        149
          0
          0
         97
         20
          0
          0
         54
          0
         94
        102
         38
          0
          0
          0
         21
          0
          0
          0
          0
          0
          0
          0
          0
        144
          0
         57
        121
         30
          0
        167
          0
         59
         56
        137
          0
        255
          0
          0
         36
          0
         46
         63
         51
          0
          0
        191
          0
        233
         41
          0
        170
          0
          0
          0
          0
          0
          0
         71
        255
         77
          0
         60
         43
         61
          0
         34
         41
        189
         69
          0
          0
          0
         17
         97
         87
          0
          0
         35
          0
          0
          0
        255
         46
          0
          0
          6
        120
          0
        255
         48
          0
         26
         17
         69
          0
         39
        178
        222
        154
        204
          0
          0
         44
          0
          0
          0
          0
          0
          0
          5
          0
        216
          0
        255
          0
          0
          0
          0
          0
        189
          0
         62
         17
          0
          0
        242
         47
        132
         37
          0
          0
        236
          0
          0
          0
          0
        179
          0
          0
          0
         61
        178
          0
          0
          0
          0
          0
          0
          0
          0
         40
         39
          0
          0
          0
         14
         40
          0
         52
        116
          0
          0
         75
        255
         15
         29
        110
          0
        172
        252
         50
         36
          0
          0
         66
        179
          0
          0
        229
          0
          0
          0
        170
          0
          0
         37
          0
         70
        160
          0
          1
        174
          0
         98
        122
          0
          0
         62
          0
          0
        139
          0
         39
          0
          0
         57
        172
          0
          0
          0
        197
        255
          0
          0
        192
        153
          0
          0
          0
          0
        171
        215
         17
        231
          0
          0
         24
        255
         83
         79
        177
          0
          0
        247
          0
          0
          4
          0
          0
          0
          0
          0
          0
          0
          6
          0
          0
          0
         40
         75
          0
          0
          0
         55
          0
        109
          0
          0
        163
        255
        144
        176
         76
         18
          0
        191
         34
          0
         18
          0
         43
          0
         38
          0
          0
          0
          0
          0
          0
          0
         61
         18
          0
          0
        245
          0
         38
         85
          0
         45
        122
         15
          0
        216
          0
          0
          0
          0
          0
          0
          0
          0
         32
         51
          0
        211
         25
          0
          0
         44
          0
        135
          0
         55
          0
         85
        171
          0
         21
         41
          0
          0
         19
          0
          0
        213
          0
        103
         89
          0
          0
          0
          0
          0
        183
          0
         41
         24
        166
        243
          0
          0
          0
          0
          0
          2
          0
          0
          0
          0
         77
         60
          0
         72
        173
        163
          0
          0
          0
        187
          0
        173
          0
          7
         70
          0
          0
         94
          0
         64
          0
        255
          0
         11
          0
         17
          0
          0
        120
          0
          0
        163
          0
         88
          0
         42
          0
        208
          0
          0
         60
         95
          0
        238
         58
         71
          0
          0
        105
          0
        255
          0
          0
        255
          0
         62
          0
         79
          0
          0
         30
         16
          0
          0
         69
        123
         57
          0
          0
          0
         39
         27
          0
          0
         53
        164
         83
         46
          0
          0
         28
          0
          0
          0
        186
        120
          0
          0
          0
        128
        255
          0
        255
          7
          0
        249
          0
         13
        255
        103
         26
        255
         68
          0
          0
         16
          0
          0
          0
         56
          0
        118
        125
          0
         72
          0
        109
        255
          0
          0
         30
          6
        255
         35
          0
        139
        134
          0
          0
        101
          0
          0
         48
        180
         60
          0
          0
          0
         40
          0
         62
         18
        254
        176
          0
         96
          0
          0
        255
        120
          0
          0
          0
         36
        194
          0
          0
          4
          0
          0
          0
        121
         59
          0
        113
        204
          0
          0
          0
        113
         93
          0
         33
          0
         83
        212
          0
          0
          0
        121
        193
          0
          0
          0
          0
          0
          0
          3
        110
        160
          0
        190
         43
         55
         39
         43
        102
          0
         71
          0
          0
        129
          0
          0
          0
         34
          0
         90
         72
        187
          0
        255
        130
          0
          0
          0
          0
          0
         54
          0
         93
          0
          0
        181
          0
          0
         36
         34
          0
         55
          0
          0
          0
          0
          0
          0
          0
          0
          0
         42
          0
          0
          0
        128
          0
         25
        117
         29
        213
          0
        255
         44
        255
          0
         71
        152
          0
          0
        196
        255
         39
        255
          0
          0
        176
          0
          0
          0
          0
          0
          0
          0
          0
         92
          0
          0
          3
          0
          0
          0
          0
          0
          0
          0
        255
         51
          0
        138
          0
          0
          0
        255
         56
        255
         37
        182
          0
        255
         20
        237
          0
          0
          0
          0
          0
          0
          0
          0
          0
          0
          0
          0
        156
        126
        255
         24
        255
          6
        140
          0
         63
        127
        255
         14
          0
          0
        106
        101
        242
         99
        136
          0
          0
         26
         76
         55
          0
         75
        224
        143
        194
        255
          0
          0
        176
        149
        142
         36
         93
        126
         32
        185
          0
         50
          0
          0
          0
        255
         10
          0
          0
        148
          0
          0
          0
          0
          0
         99
        171
          0
         65
         19
        241
        255
          0
          0
          0
          0
          0
          0
        255
        165
          0
          0
          0
        115
          0
          0
         91
        110
         77
         80
         78
          0
        103
          0
          0
          0
          0
          0
        161
          0
          0
          0
        255
          0
        144
         55
         22
        135
          0
          0
          0
         16
        215
          0
          0
        173
        255
          0
          0
        125
        124
         58
          0
          0
          0
        113
         44
          0
          0
          0
          0
          0
          0
          0
          0
         25
        129
          0
          0
         65
         53
          0
        255
         42
        255
         74
          0
        171
        255
        125
         74
         89
        122
         28
          0
          0
        102
          0
          0
          0
          0
         96
          0
          6
        255
        232
          0
        233
          0
          0
        103
          0
        133
         12
          0
          0
          0
          0
          0
         74
          0
          0
        172
        255
          0
          0
          0
          0
         55
          0
          0
          0
          0
          0
         49
          0
          0
        107
          0
         58
        146
          0
          0
         59
        236
          0
        105
          0
          0
          0
          0
          0
          0
          0
         42
          0
        121
          0
          0
        139
          0
        155
         48
          0
        255
         58
         36
        242
        255
        187
          0
          0
          0
          0
          0
         62
        189
          0
          0
          0
          0
          0
          0
         28
        235
          3
        177
        255
         23
          0
          0
         69
          0
        224
         46
          0
          0
        223
         79
        255
        255
        187
        138
          0
          0
          0
          0
          0
         66
          0
          0
        137
         13
          0
         32
          0
          0
          0
        139
          0
         96
          0
          3
         19
        110
          0
         28
          0
          0
        145
        106
         43
          0
        255
         66
          0
         72
          0
          0
          0
          0
          0
        255
          0
          0
          5
          0
         29
          0
        224
          0
        255
         70
          0
          0
        181
          0
          0
          0
         30
          0
        148
          0
          0
          0
        255
        217
          0
         19
          0
        206
          0
          0
          3
        145
          0
          7
         34
          0
         97
          0
          0
         60
          0
          0
        139
          0
          0
        100
        251
          0
         76
          0
          0
         69
        218
          0
        132
        138
         91
          0
          0
         27
         14
          0
          3
         62
        123
          0
         51
         51
        136
         69
        136
          0
          0
         49
        117
        114
          0
        169
        249
          0
          0
          0
          0
          0
          0
          0
          0
          0
        157
          0
         59
          0
        166
        140
         37
          0
          6
          0
        204
         49
          0
        217
          0
          0
        255
        110
          0
        241
          0
        154
          0
         73
          0
          0
        136
        170
          0
        159
         31
          0
          0
          0
          0
          0
         86
        138
         54
        249
          0
          0
          0
          0
         87
         34
        255
        140
          0
        151
        143
         34
        129
          0
         65
          0
          0
          0
          0
         55
         28
          0
          0
          0
          0
          0
          0
          0
         76
          0
          0
        255
         63
          1
        232
          0
        103
          0
          0
        126
        198
          0
        209
        120
          0
         41
         15
          0
         47
          0
          4
         47
          0
        255
          0
         75
         80
          0
          0
          0
         79
          0
          0
        127
         16
          0
         18
          0
        100
          0
          0
          0
        255
        140
         26
          0
          0
         95
          0
         67
          0
          0
        190
         52
          0
          0
          0
        108
         59
          0
          0
        194
          0
          0
         74
          0
          0
        177
          0
         26
          0
        193
         92
        168
        255
         68
          0
          0
          0
          0
        163
          0
         10
          0
          0
          0
        203
        255
          0
          0
          0
          0
          0
          0
         32
          0
          0
         81
          0
          0
         19
          0
         67
          0
         75
          0
          0
          0
         60
          0
        221
        149
        255
          0
          0
          0
         33
          0
          0
        144
         72
         22
          0
          0
          0
          0
          0
         80
          0
         32
         23
          0
        243
          0
        228
          0
          0
         33
          0
        103
          0
        196
          0
          0
          0
          0
         33
         47
          0
          0
          0
         44
          0
          0
        251
          0
         95
          9
          0
        122
         76
          0
          0
          0
        218
          0
        129
          0
          0
        171
          0
        126
          0
        232
         90
         51
          0
         10
          0
          0
        132
          0
        255
        135
          0
        255
        117
          0
          0
          0
          0
          0
          0
        235
         53
          0
          0
          0
        129
        255
        203
          0
          0
         76
          0
         21
          0
        151
          0
          0
         11
          0
          0
         13
          0
          0
          0
          0
          0
          0
          0
         91
          0
          0
          0
        168
          2
        134
          0
          0
         74
          0
          0
         86
        255
          0
          0
         91
          0
        111
          0
         41
          0
          0
         50
         30
          0
          0
          0
          0
          0
          2
          0
         39
          0
          0
         43
          0
          0
          0
          0
         61
          0
          0
         47
          0
        255
        165
          0
        233
          0
         12
        152
         20
          0
          0
          0
          0
        248
          0
          0
        252
          0
          7
          0
         89
        159
        121
          0
          0
        109
          0
        104
         41
          0
        221
          0
          0
        255
         31
         33
          0
         81
        162
        107
          0
          0
          0
        215
         51
          0
         40
        230
        122
         41
          0
          0
         20
        178
        255
          0
        159
          0
         76
        167
         23
         25
        255
          0
        113
          1
          0
         86
        160
          0
          0
        223
          0
          0
          0
        228
         92
         79
          0
          0
        171
        165
         28
          0
          0
        183
        255
          0
          0
          0
          0
        214
          0
         33
        255
        109
          0
        255
          0
         46
          0
        189
          0
          0
         44
          0
          0
          0
        101
         61
        255
          0
         25
         36
          0
          0
        180
         88
        255
          0
          0
         23
          5
          0
          0
        159
         61
          0
        111
        255
        161
          0
          0
         72
          0
        100
          0
          0
          0
        214
          0
          0
          0
         36
        255
          0
        139
          0
          0
        104
        255
          0
        125
         25
          0
          0
          0
        113
         28
        255
          0
          0
          0
          0
         37
          0
         70
          0
         75
          0
        255
        120
        164
          0
          0
         26
         55
          0
          0
          0
          0
         84
          0
         33
          0
          0
          0
          0
         16
          0
          0
          0
        132
        255
         58
          0
          0
          0
          0
          0
          0
         60
          0
          0
          0
          0
          0
        255
          0
        134
          0
          0
         36
        132
          0
          0
        255
         16
          0
          0
         22
          0
         23
         64
         84
          0
        100
         58
        157
        162
          0
          0
         75
         61
          0
        199
         90
          0
          0
         71
        179
        255
         31
          0
         43
        129
          0
          0
          0
          0
          0
         29
          0
        132
          0
          0
          0
          0
         81
          0
          0
        142
         91
         30
          0
         46
          0
        153
          0
        205
          0
          0
         64
         72
          0
          0
         25
        150
         27
          0
          0
         17
          0
          0
         15
         36
        131
         95
        111
          0
          0
          0
        199
        183
          0
          0
         15
          0
          0
         47
          0
          0
          0
          0
          0
         15
          0
          0
        221
        148
        162
          0
          0
          0
        125
         73
          0
         27
         91
          0
        179
        255
         46
         95
         96
         31
        129
        169
         12
          0
         71
          0
        135
        135
          0
          0
          0
          0
         30
          0
          0
         70
        214
         12
          0
          0
          0
        212
          0
          0
         54
        255
         56
          0
          0
          0
          0
          0
        129
          0
         56
          0
         76
        147
          0
          0
          0
        183
          0
          0
          0
          0
          0
        170
        167
         32
        255
         30
          0
          0
          0
        120
          0
        255
        156
        255
          0
         64
         25
         90
        169
          0
          0
         74
          0
          0
         79
        255
          0
          0
          0
        156
          0
          0
          0
         15
         61
         29
          0
        122
          0
          0
         33
        161
          0
          0
         89
        119
        125
         69
          0
          0
          0
          0
          7
          0
          0
         72
         86
          0
          0
          0
        255
          7
        118
          0
          0
         15
          0
          0
        255
          0
        210
         31
         36
         54
          0
          0
          0
        255
         40
         97
          0
         46
          0
          0
          0
         53
         13
         81
        145
          0
          0
        123
         13
         55
          0
         27
        158
          0
         53
         46
        255
         46
         57
          7
         81
         41
        162
          0
          0
        103
         53
          0
        175
         41
          0
          0
         71
          0
          0
          0
         73
          0
          0
          0
          0
         23
        145
         54
        200
          0
          1
          0
         60
          4
          0
         54
          0
          0
          0
         39
         53
        205
          0
         87
        111
          0
         49
          0
         46
          0
          0
          0
          0
        164
        101
          0
        150
          0
          0
         33
          0
          0
          0
         26
        255
          0
          0
        141
          0
          0
          0
         79
        161
        255
         41
        160
          1
        217
         59
          0
          7
          0
          0
         40
         23
          0
          0
          0
        114
          0
          0
          0
          0
         47
          0
          0
        111
          0
        118
        241
         46
         68
        255
          0
        102
          0
         49
          0
          0
          0
        176
          0
          0
          0
         46
          0
         48
          0
          0
          0
        255
          0
         14
         19
        214
         43
          0
          0
          0
         52
          0
        122
         29
        171
         88
        255
         46
          5
          0
         11
          0
          0
         80
        255
         54
         19
          0
          0
        137
         91
          0
          0
          0
          0
          0
          0
        125
         27
        255
          0
        185
         83
          0
          0
          0
        211
          0
          0
         58
        255
          0
          0
          0
         97
         45
          0
          0
         72
          0
          0
          0
          0
          0
          0
          0
        193
        144
         19
        225
          0
          0
          0
          0
        105
          0
          0
          0
        174
        250
        255
        123
        255
         70
         69
          0
          4
        159
          0
          0
          0
          0
          0
          0
          0
          0
          0
         37
        114
          0
          0
          0
         23
         89
          0
        232
          0
          0
        158
          0
          0
          0
          0
        156
          0
          0
        185
          0
          0
          0
          0
          0
         15
          0
         46
        144
         87
        174
        138
          0
          0
        101
          3
        174
          0
        255
         39
         54
          0
          0
        243
         30
         24
        251
          0
        109
        255
          0
         67
          0
          0
          0
        255
          0
         73
          0
          0
          0
          0
          0
        255
        229
          0
          0
          0
        147
         17
        255
          0
        114
        108
         71
          0
         24
         30
          0
          0
         25
         86
          0
          0
        240
         30
        155
          0
         62
          0
          0
          0
         83
         88
          0
        119
        200
          0
          0
          0
          0
          0
        255
         56
          0
          0
          0
         45
         13
        121
        255
        185
        178
         96
          0
          0
          0
          0
          0
          0
         11
         44
        119
          0
          0
          0
          0
          0
          0
          0
          0
          0
          0
         19
        124
          0
         64
          0
          9
        117
         29
          0
          0
          0
          0
        255
         32
        145
         78
          0
         33
          0
          0
          0
          0
          0
          0
         57
          0
          0
        212
         90
          0
         19
          0
          0
          0
          0
         90
          0
        138
         78
         13
        203
         95
        231
         33
        255
         35
        138
          0
          0
        150
          0
         17
         69
        209
        220
        100
          0
          0
          0
        137
          0
          0
          0
          0
         37
          0
          0
         12
          0
          0
          0
          0
         65
        255
        255
         36
          0
          0
          0
        240
         89
        134
          0
          0
          0
          0
         15
          0
          0
          0
          0
          0
          0
          0
         99
          0
        115
          0
          0
          0
          0
        235
          0
          0
          0
          0
          0
         65
        255
         29
        162
          0
         83
        154
         14
          0
          0
          0
        124
          0
          0
          0
          0
          0
          0
          0
          0
          0
        107
          0
          0
          0
        124
          0
         85
         78
         61
        255
          0
          0
          0
          0
          0
          0
        186
        144
          0
         76
          0
          0
        183
        178
          0
          0
         69
         74
          0
          0
          0
        212
         27
         84
          0
        255
          0
         94
         39
         71
         94
          0
         47
          0
        160
          8
          0
          0
          0
        112
         85
         35
          0
          0
          0
        121
          0
          0
          0
          0
         69
          0
          0
          0
         49
        190
         89
          0
          0
         12
          0
          0
        131
          0
          0
         30
        255
          0
         80
        115
          0
        108
         59
         56
         66
          0
        217
         35
          0
        255
          0
        199
        129
         22
         50
          0
        155
        203
          0
        124
          0
          0
          0
          0
        156
          0
         53
        158
        255
        103
          0
        107
          0
          0
         72
          0
          0
        195
          4
          0
         80
          0
          0
         15
        226
          0
          0
          0
         11
        169
          0
          0
          0
         94
          8
         38
        166
          0
          0
          0
          0
          0
          0
        242
          0
          0
        183
          0
          0
          0
          0
         69
          0
        123
          0
          0
        105
         33
          0
          0
         55
        192
          0
        255
        105
         21
          0
         37
        135
          0
        255
        110
         53
          0
        219
          0
          0
         21
          0
          0
         46
         10
          0
         75
         44
          0
          0
          0
        255
          0
          0
          0
         35
        255
         40
          0
        116
        246
         82
          0
          0
          0
          0
          0
        255
         34
        141
          0
        124
        170
        218
          0
          0
          0
          0
        135
         24
          0
          0
          0
         39
        144
          0
          0
          0
        178
         17
         41
        180
          0
        132
         59
        167
        252
        192
          0
        255
          0
         33
          0
        228
          0
          0
          0
          0
          0
          0
          0
         13
          0
        173
          0
          0
          0
          0
          0
        140
          0
          0
        230
          0
          0
        157
          0
        193
         93
          0
          0
        255
          0
         63
         75
        160
        121
          0
         46
         39
        193
        176
          0
        136
          0
         17
         80
         92
          0
         40
          0
         29
          0
         42
         59
          0
          0
        147
          0
         20
          0
         90
        112
        125
        108
          0
          0
          0
        148
         39
          0
         58
          0
          0
        134
          0
        111
        255
          0
        255
          0
          0
          0
         79
          0
          0
        219
          0
         69
         34
          0
          0
        208
          0
          0
         67
         51
          0
         44
          0
        169
          0
          0
          0
        148
         95
          0
          0
         81
        102
         99
         40
          0
         91
          0
         96
        255
         22
         21
          0
          0
          0
         17
          0
          0
          0
          7
        158
          0
        158
          0
         78
          0
          0
          0
          0
          0
        188
          0
          0
          0
          0
        132
         24
          0
         98
          0
          0
          0
          0
         75
          0
         79
          0
          0
          0
          0
        255
         98
        255
         80
          0
          0
        149
          0
          0
          3
          0
        255
        230
          0
         28
        229
          0
        217
        128
          0
          0
          0
        111
         84
          0
          0
         55
         83
          0
          0
          0
         18
          0
         28
         85
          0
          0
          0
          0
        152
          0
         10
          0
         25
         60
        138
          0
          0
          0
         99
        103
          0
          0
        150
         17
        196
          0
         56
        161
          0
        197
         52
          0
          0
        255
         35
          0
         66
          0
         78
          0
         83
          0
          0
         47
          0
        129
         46
          0
        247
          0
          0
        106
          0
          0
          0
        102
        141
          0
          0
          0
        187
        204
          0
          0
        119
          0
         91
        255
        105
         94
          0
          0
        143
          0
         71
          0
          0
          0
          0
          0
         60
          0
          0
        255
          0
         58
          0
          0
         35
          0
        255
          0
         23
        133
          0
        117
        255
          0
          0
        255
          0
          0
         29
        196
          0
        240
          0
         37
          0
         44
          0
          0
          0
        146
        217
         75
          0
          0
         75
         76
         57
          0
         31
          0
         71
          1
          0
         54
          0
          0
          0
        255
        165
        147
          0
        132
          0
          0
         40
          0
          0
        122
        157
          0
         21
         92
          0
          0
          0
          0
          0
          0
          0
          0
          0
          0
         82
          0
          0
         95
        141
         78
          0
          0
         62
          0
          0
        146
         45
          0
         35
          0
          0
        223
        123
          0
          0
          0
          0
          0
          0
          0
          0
          0
          0
          0
          0
         48
          0
          0
         27
         36
          0
          0
        156
         80
         22
        100
          0
          0
          0
          5
          0
          0
          0
        180
          0
        185
        249
          0
          0
          0
        110
         49
          0
          0
          6
         19
        141
          0
          0
          0
         73
         41
        255
          0
          0
        255
          0
         22
          0
         78
          0
        202
         26
          0
          0
        206
         42
          0
         87
          0
        255
          0
          0
          0
          0
          0
        151
          0
          0
        113
          1
          0
          0
         59
          0
        255
          0
        255
         75
        160
          0
          0
         17
        234
         22
          4
          0
          0
         69
         18
         54
          0
          0
          0
          0
          0
         30
         61
        181
          0
          0
          0
          0
          0
          0
         15
        255
          0
        120
          0
          0
         81
          0
        223
          0
        115
          7
          0
          0
         80
         59
          0
          0
          0
          0
          0
          0
          0
          0
         26
        141
          0
        161
        126
          0
          0
          0
         63
        255
         47
         46
          0
          0
          0
          0
          0
          0
          0
         27
          0
        255
        216
         32
         17
          0
        134
        239
          0
          0
         39
          0
         46
        255
          0
          0
          0
        105
        160
         40
         77
          0
          0
         65
        255
          0
          0
          0
          0
          0
          0
          5
          0
         31
        140
         39
        203
          0
         43
        151
          0
          0
         83
          0
          0
        255
          0
          0
          0
        106
        172
          0
         69
         46
        143
          7
        255
          0
         44
          0
        167
          0
          0
         80
         45
          0
        123
          0
          0
          0
        156
          0
          0
          0
          0
        185
          0
        255
          0
        255
          0
         20
          0
          0
          0
         20
          0
        114
          0
          0
         49
          0
          0
         59
          0
          0
         72
        208
          0
          0
          0
          0
          0
          0
          0
          0
          0
          0
          0
        255
         36
        255
         48
          0
          0
         59
          0
          0
         81
         43
        187
          0
          0
          0
          0
          0
          0
         44
         15
          0
         46
        105
          0
          0
          0
        166
          0
        122
          0
         82
         67
        156
          0
         21
         34
          0
          0
          0
          0
          0
         92
          0
          0
         27
          0
        104
          0
        135
          0
         45
         27
          0
         72
          0
         70
          0
          0
         28
          0
          0
          0
         11
          0
          0
          0
        124
        158
          0
          0
          0
         37
        255
          0
         65
          0
        147
        136
        210
          0
        113
          0
         48
         41
          0
         66
        163
          0
          0
        112
         27
         79
          0
          0
        206
          0
          0
         43
          0
          0
          0
          0
          0
        120
          0
        255
         38
          0
         42
         92
          0
          0
        107
        246
          0
         52
          0
          0
         87
          0
          0
          0
        255
         91
         52
          0
          0
        141
          0
          0
          0
          0
          0
         51
          0
          0
          0
          0
         87
        104
          0
        115
          0
          0
          0
         13
          0
          0
          0
        221
         22
        251
          0
          0
        184
          0
          0
          0
         57
         24
        106
          0
        255
         74
         78
         29
          0
         39
          8
          0
          0
          0
          0
          0
          0
          0
          0
        244
          0
          0
          0
          0
          0
         61
         33
        255
          0
         51
          0
          0
          0
          0
          0
          0
          0
        142
        103
          0
         58
         54
        138
          0
         53
        255
          0
        227
        112
          0
         58
        211
         24
         11
         57
          0
         33
         34
          0
        140
         50
        133
          0
          0
        168
        127
          0
         43
         58
          0
          0
          0
          0
          0
          0
        188
          0
         99
         50
          0
          0
          0
        122
        132
         27
          0
          0
          0
        151
          0
          0
        120
          0
          1
          0
          0
          0
        162
        173
          0
         10
        172
          0
          0
         65
          0
        116
         66
        160
          0
         80
        120
          0
          0
          0
        177
          0
          0
          0
        227
          0
        110
          0
        169
          0
        255
          0
          0
        193
         18
        102
         39
        194
        116
          0
          0
         13
          0
          0
          0
        172
          0
         22
        208
         33
         77
        157
          0
         60
          0
          0
        104
        113
          0
        255
          0
         75
        167
         37
          0
        159
        112
          0
          0
          0
        144
          0
          0
         60
        108
         12
        255
          0
        255
          1
          0
          0
          0
         85
          0
         50
          0
          0
         32
         30
          0
        165
          0
         34
        255
         53
          0
          0
          0
          0
          0
        255
          0
          0
        233
         63
          0
        255
          0
          0
          0
          0
          0
        197
        110
          0
          0
         12
          0
        242
          0
          0
          0
          0
          0
        126
        255
          0
          0
        159
          0
          0
          0
          0
          0
          0
          0
          0
        214
          0
          0
         51
          0
          0
         17
        156
        183
         36
          0
          0
         52
          0
        185
         58
          0
          0
          0
          0
        253
          8
         37
          0
         86
          0
          0
        209
        181
        169
          0
          0
          5
          0
          0
         40
        255
          0
          0
         81
          0
          0
          0
         75
          0
          0
          0
         92
         24
          0
          0
        213
        255
          0
         24
         24
        141
          0
         64
         19
          0
         44
         29
         73
         82
        255
         11
          0
          0
          0
         33
        226
        179
          0
        228
          0
         68
          0
          0
         37
          0
         87
          0
          0
        255
          0
          6
          0
          0
          0
          0
          0
          5
          0
        148
          0
         53
          0
          0
          0
        247
          0
          0
          0
          0
         17
        250
         79
          0
          0
         67
          0
          0
        228
          0
          0
        255
         26
          0
        164
          0
          0
         29
        174
         72
          0
          0
          0
         59
        145
        135
        164
          0
          0
          0
         71
         81
          0
          0
          0
          0
          0
          0
         77
         56
          0
          0
          1
         42
          0
          0
          0
          0
          0
          0
         92
         61
          0
        225
         21
         21
          0
          0
          0
        255
          0
         42
          0
          0
         72
         22
         48
          0
          0
          0
         27
        128
          0
         66
          0
          0
          0
          0
         12
          0
        123
          0
         78
          0
          0
         74
          0
         26
        255
        202
          0
        255
        112
          0
          0
        183
        171
          0
          0
          0
          0
          0
        117
          0
          0
         61
          0
          0
          0
          0
          0
          0
          0
         92
          0
          0
          0
         86
          0
         96
        255
        255
          0
          0
         80
          0
        247
          0
        151
          0
          0
          0
          0
          0
        114
          0
        140
          0
         23
          0
          0
          0
          0
          0
          0
         53
          0
          6
          0
          0
         35
        172
          0
          0
          0
        255
          0
        155
         12
         36
          0
         80
          0
          0
          7
          0
         63
          0
          8
        255
        255
          0
        121
          0
          0
          0
         25
          0
        196
         82
         82
          0
         23
        121
        255
         93
        182
          8
         18
         16
         14
        110
        121
          0
          0
         55
          0
        138
          0
        129
          0
        211
          0
          0
          0
          0
        171
          0
        255
          0
        255
          0
         88
          0
         22
         39
          0
          0
          0
          0
          0
        108
          0
         57
        178
          0
          0
          0
          0
          0
          0
          0
          0
        255
          0
         60
          0
          0
        162
          0
        255
         20
          0
          0
          0
          0
          0
          0
          0
          0
        140
          0
         14
        161
        198
        164
         86
          0
         87
         72
          0
         99
          0
          0
        134
          0
          0
         90
          0
        102
          0
         65
        112
         21
          0
         92
          0
          0
         62
          0
        192
        255
        150
        143
          0
          3
         63
         76
        133
        172
         79
          0
          0
          0
         19
          0
          0
        255
          0
         83
          0
         93
          0
          0
          0
         50
          0
         86
          0
          0
          0
          0
          0
          0
        136
        240
         40
         15
         29
          0
          0
        117
         33
         12
          0
          0
          0
         12
          0
        255
          0
          0
          0
         85
          0
        160
          0
         41
          0
          0
          0
        159
         16
         63
        255
          0
        170
        255
          0
          0
          0
          0
        130
          0
         13
          0
          0
        212
          0
          0
          0
        187
         51
          0
          5
          0
         68
          0
         27
          0
          0
          0
          0
        125
         65
         12
          0
        255
          0
        230
          0
         96
        200
        230
         39
          0
          0
          0
         76
        235
         33
          0
        245
          0
        207
          0
          0
          4
         62
         96
         17
          0
        255
          0
          0
         59
         73
          0
          0
         85
          0
        137
          0
        132
          0
         35
          5
          0
         71
          0
          0
        118
        119
          0
         27
          0
        255
          0
          0
          0
          0
          0
        221
          0
          0
         37
        133
          0
         13
          0
        255
          0
          0
        255
         32
          0
          0
          0
          0
          0
          0
         57
          0
        250
          0
          0
         80
        184
         25
          0
          0
          0
          0
         95
        255
         80
        141
          0
         29
          0
         39
          0
          0
         92
        177
          0
          0
          1
          0
          0
          0
          0
          0
         38
          0
          0
          0
         36
          0
          0
         64
          0
         44
         21
        108
        194
        255
          0
          0
          0
         18
         39
         74
        112
          0
          0
          0
          0
        166
         81
         78
          0
        154
          0
         75
          0
          0
        111
         36
          0
          0
          0
          0
          0
          0
          0
         41
          0
        151
          0
          0
         95
          0
          0
          0
        220
          0
         84
        123
         46
          0
          0
          0
          0
        121
          0
          0
          0
          0
        122
         38
         76
          0
          0
          0
        233
          0
          0
          0
        164
        159
         44
          0
          0
          0
          0
          0
        121
         49
         33
          0
        174
          0
          7
          0
          0
         52
          0
         67
          0
          0
         44
         58
          0
          0
          0
        106
        255
          0
          0
          0
         17
        143
         66
         30
         86
          0
          0
          0
         29
          0
         84
          0
        255
          0
         58
          0
         54
          0
          0
          0
         36
          0
         66
         79
          0
          0
          0
          0
          0
          0
          0
          0
        113
          0
         25
          0
        153
          0
          0
          0
        122
          0
        255
          0
          0
        130
        212
         98
          0
          0
          0
          0
         71
          0
        216
         90
          0
         35
          0
        125
        255
        146
          0
          0
        106
          0
          0
          0
          0
          0
          0
          0
         85
          0
          0
         83
        255
        145
        106
          0
          0
        149
         43
          0
          0
          0
          0
        114
          0
          0
          0
        255
        116
          0
          0
         15
          0
        123
          0
        255
         11
        212
        131
         76
         15
         58
          0
          7
        255
         24
          4
          0
         28
        140
          0
          0
         66
          0
          3
         57
          0
        255
        178
          0
          0
          6
          5
          0
         32
          0
          0
         82
         27
         15
        250
          0
        149
          0
        153
          0
        255
          0
          0
          0
        219
          0
          0
         49
         23
          0
        150
          0
          0
          0
        169
          0
          0
          0
          0
          0
         14
          0
         22
          0
          0
          0
        166
          0
         82
          0
          0
          0
          0
          0
         79
          0
        117
         63
        140
          0
         28
         60
          0
         92
          0
          0
          1
          0
          0
        119
          0
          0
        113
          0
          0
        110
          4
          0
         55
         52
         50
         69
        255
        179
        144
         43
          0
          0
        210
          0
        251
          0
          0
          0
        169
        129
          0
        111
         31
         57
          0
          0
          0
        102
          0
         31
          0
         20
          0
          0
          0
         18
          0
          0
          0
        162
          0
         83
          0
        255
          0
        162
         11
         55
         77
          0
         18
         74
        131
          0
          0
          0
          1
        142
         12
          0
          0
        157
         31
          0
          0
         59
         41
          0
         95
          0
        255
          0
          0
        134
          0
          0
         68
         90
          0
          0
          0
          0
          0
          0
          2
        255
          0
         15
         88
          0
         57
          0
         33
        210
          0
          0
          0
          0
        183
          0
          9
          0
          0
          0
          0
          0
          0
          0
          0
        102
          0
          0
          4
          0
        153
         84
          0
        216
          0
          0
         20
          0
         33
        154
         76
        255
          0
         36
          8
          0
        109
          0
        234
          0
        255
          0
        255
         62
          0
          0
        102
          0
          0
          0
          0
          0
        241
          0
          0
        142
         46
        176
          0
          0
          0
         10
          0
        253
         40
         95
          0
         85
         55
         76
          0
        184
          0
        146
        255
        101
          0
         42
         76
          0
          0
          0
         55
          0
        124
          0
          0
          0
        255
          0
          0
          0
          0
          0
          0
          0
          0
        130
          0
          3
          0
          9
         98
        198
          0
        127
        255
        124
        116
          0
        191
        154
          0
          0
         12
          0
          0
          0
        135
        255
        255
          0
        171
          0
          0
          0
          0
          0
          0
          0
         64
          2
          0
         78
        166
          0
        121
        152
          0
        131
          0
          0
         62
          0
          0
         29
          0
          0
         33
         62
        110
          4
          0
          0
        157
          0
          0
        220
         49
          0
          0
          0
          0
          0
         23
         56
        230
        255
          0
        152
        149
          0
         80
         65
        223
        119
          0
         80
          0
         27
         51
        109
          0
        128
          0
         62
          0
          0
          0
        206
         53
         36
          0
          0
          0
          0
          0
          6
          0
          0
         44
          0
        255
          0
         86
          0
         40
         37
          0
          0
         32
         48
        147
          0
          0
          0
          0
          0
          0
          0
          0
          0
          0
          0
          0
          0
          0
          0
          0
          0
        125
          0
          0
        119
         54
         43
        201
        191
          0
          0
          0
         84
          0
          0
          0
          0
          0
        247
          0
         82
          0
         19
         47
         60
          0
          0
          0
        242
          0
          0
          0
          0
         20
          0
          0
          0
        255
        103
          0
        122
          0
        116
          0
          0
          0
          0
         51
          0
          0
          0
          0
          0
          0
          0
          0
          0
          0
          0
          0
          0
          0
        255
         46
          0
         67
          0
          0
          0
        255
          0
          0
        118
          0
          0
         63
          0
          6
         28
          0
          0
          0
          0
        255
        108
         15
          0
          0
         22
          0
          0
          0
          0
         87
        255
        113
          0
         31
          0
          0
         43
        255
         57
          0
        251
          0
          0
          0
          0
          0
         29
        106
          0
          0
          0
          0
          0
          0
          0
          0
          1
         80
          0
         62
          0
         13
         22
          0
         45
         69
        255
        178
         26
        255
         17
          0
          0
          0
        140
          0
         78
         68
          0
          0
        130
          0
          0
        187
          0
        144
          5
         72
          0
        122
        130
         74
        214
          0
          0
          0
         27
          0
          0
          0
          5
        255
          0
          0
          0
         14
        161
          6
         80
          3
        255
          0
          0
        132
        255
         58
          0
        255
          0
          0
        234
        108
        164
          0
          0
         97
          0
          0
          0
        186
        104
        255
          0
        124
        102
         76
          0
        110
          0
         88
          0
          0
          0
        221
         21
          0
         19
         46
        140
        255
         40
         81
        212
        102
         91
          0
        255
         16
          0
          0
         21
        230
          0
          0
          0
        255
        103
          0
          0
          0
         28
        103
         18
          1
         11
        190
        116
          0
          0
        227
        216
          0
          0
         52
          0
          0
          0
          0
          0
          0
        213
          0
          0
        164
          0
        161
          0
          0
          0
          0
          0
          0
         95
          0
          0
          0
         69
        166
          0
          0
          0
        255
        155
          0
          0
         87
        122
         28
          0
          0
          0
          0
          0
          0
          0
         94
        185
          0
          0
        255
          0
        128
          7
          0
          0
        255
         80
          0
         18
          0
        176
          0
          0
         65
         22
        119
          0
         69
        216
        192
          0
          0
        196
         89
          0
          0
          0
          0
          0
        255
          0
        160
          0
        121
         17
        118
         20
        226
         32
         45
          0
        103
          0
         10
          0
        255
          0
          0
          0
         48
          0
        102
          8
          0
        255
         22
          7
          0
         36
          0
        255
          0
         94
          0
         79
         22
        188
          0
        151
        241
         65
          2
          0
        162
         47
          0
          0
          0
          0
          2
          0
          0
          0
        108
        247
          0
        255
         28
          0
          5
         53
         11
          0
          0
          0
          0
         23
          0
          0
          0
        153
          0
         34
          0
          0
          0
        149
         69
        255
        255
          0
          0
        115
          0
          0
        124
        194
          0
         15
         62
         50
          0
         81
        186
          0
        255
          0
        255
         52
          0
         41
          0
         13
        248
          0
          0
          0
        158
          1
         48
          0
        255
        154
          0
          0
          0
          0
         52
          0
          0
          0
          0
          0
          0
          5
        230
        244
          0
          0
          0
         78
        171
          0
          0
         27
          0
          0
          1
          0
          0
         74
          0
          0
          0
          0
          0
          0
          0
         85
         65
          0
          0
          0
          0
          0
          0
         57
        110
          0
         74
          0
          3
          0
          0
          0
         19
          0
          0
          0
         39
        255
          0
          0
          0
          0
        130
         53
          0
        115
         80
        220
         79
        176
          0
        110
          0
          0
          0
         23
         84
          0
          0
        173
          0
          0
        112
        154
          0
          0
          0
          0
          0
          0
          0
          0
        202
          0
         69
          9
         29
          0
          0
          0
         21
        255
          0
         42
          0
          0
          3
          0
        186
          0
        102
         76
        230
         21
          0
        203
          0
         49
          0
          0
         49
          0
          0
        167
          0
          0
         56
         64
         90
          7
          0
         15
         79
        197
         87
          0
          0
        255
         33
          0
        160
        255
          0
          0
          0
        152
          8
          0
          0
          0
        159
         83
         24
          0
        231
         16
         13
          0
          0
          0
          0
          0
          0
          0
          0
         82
          0
        195
          0
        197
          0
          8
          6
          0
          0
          0
        255
          0
        104
        255
         17
         53
          4
          0
          0
          0
        255
          0
          0
          0
        159
         32
        186
          0
          0
          0
          0
         86
          0
        255
          0
        106
        166
         50
         91
         56
         78
          0
        148
          0
         67
          0
          0
          0
          0
          0
          0
          0
        167
        177
         81
         51
         11
         66
          0
         43
          0
          0
          7
         27
         10
          0
          0
          0
          0
          0
        173
         88
          0
          0
        255
          0
         86
        255
         23
          0
          0
          1
          0
          0
         73
          0
          0
         47
          0
          0
          0
          6
         32
          0
          0
          0
          0
        255
        128
          0
         59
         21
          0
          0
        229
          5
          0
         23
         37
          0
        122
         42
          0
         26
          2
          0
          0
          1
         20
        255
          0
         46
          0
          0
         39
          0
          3
          0
          0
         91
         45
          0
          0
         54
         77
          0
          0
          0
        255
         59
          0
          0
        111
        154
          0
         66
          0
          0
         50
         47
        138
          0
          0
         42
          7
          0
         65
          0
          0
        105
         83
          0
          3
        254
        235
          0
        188
        111
        200
         43
         49
          0
        169
          0
          0
         29
        108
          0
          0
          0
          0
          0
          0
        255
        255
        113
          0
        141
          0
        197
          0
        166
          0
        248
          0
          0
          0
         81
        216
        218
          0
          0
          0
          0
          0
        255
          0
          0
         24
         81
          0
          0
          0
         34
          0
          0
        255
        144
         95
          0
          0
        148
          0
         94
         91
          0
         32
          0
         87
         69
         31
          0
        255
          0
         79
          0
          0
          0
        186
          0
          0
          0
          0
          0
         70
          0
         88
          0
        255
         73
        255
          0
          0
        181
          0
          0
          0
        149
          0
          0
         43
          0
          0
        255
          0
        163
        255
         82
          0
          0
        102
        139
          0
         66
          0
          0
          0
          0
          0
          8
        255
        160
          0
          0
          0
          0
          0
          0
          0
          0
          0
         55
          0
          0
         86
        255
          0
          0
          0
         17
          0
        123
         30
          0
        255
          0
          0
          0
        171
         84
          0
          0
        255
          0
          0
          0
          0
          0
          0
        100
          0
         92
          0
          0
          0
         50
        181
          0
        255
         42
          0
          0
        102
          0
        162
          0
          0
         80
         29
          0
          0
         96
         20
        255
          0
          0
        148
          0
          0
        141
        160
        255
          0
        143
          0
          0
          0
          0
        157
          0
          0
          0
          0
         90
          0
        191
         50
         80
          0
          0
          0
          0
         25
         33
         43
          0
          0
          0
        129
         23
          0
         31
         95
         76
          0
        249
          0
          0
          0
          0
        109
        144
        158
          0
         50
         73
          0
         15
          0
          0
          0
          0
         16
          0
          0
         90
          0
        157
          0
        117
        227
         18
          0
          0
        114
          0
          0
        255
         81
          0
          0
         56
        231
          0
          0
         12
          0
          0
          0
          0
        157
        122
          0
          4
         16
        255
        112
          0
         54
        255
        107
        160
          0
         63
          0
        179
         33
          0
          0
        255
          0
          0
          0
          0
        205
          0
          0
        102
        255
         92
          0
          0
          0
        123
          0
          0
          0
         90
         88
         67
          0
          0
         22
          0
          0
          6
          0
          0
          0
          0
          0
          0
          0
          0
          0
         56
         74
          0
          0
        112
        202
          0
         28
          0
         11
        115
         54
          0
          0
          0
          0
        119
          0
          0
        255
        163
          0
        105
          0
        146
          0
        139
          0
        239
         31
         81
         23
          3
        155
          0
         73
        176
        255
          0
        116
          0
         71
          0
          0
          0
          0
        255
        141
          8
        196
          0
          0
         13
          0
          0
          0
          0
          0
          0
          0
          0
         48
         20
         62
          0
          2
          0
          6
        158
          0
          0
          0
          0
          0
          0
        251
         38
          0
          0
        108
          0
         99
         72
          0
          0
          0
          0
          0
          0
        125
         95
          0
          0
         51
          0
        148
          0
          7
        241
          0
          0
        255
          0
          0
          0
          0
          0
          0
         83
         37
          0
        155
        176
          0
          0
         24
         93
        199
          0
          0
          0
          0
        159
          0
        165
          0
          0
        231
          0
         61
         57
        255
        181
          0
          0
          0
          0
         52
        168
          0
         69
          0
          0
        104
         12
         60
          0
          0
         70
        206
          0
          0
         80
         52
        192
          0
          0
          0
          0
         84
          0
        159
          0
          0
        157
        255
          8
        201
        168
          0
          0
         71
          0
          3
          0
        178
         65
         29
          0
         43
          0
          2
         13
          0
          0
         86
          0
         92
          0
        166
        185
         21
          0
        141
          0
         94
          0
        255
         46
        184
          0
          0
          0
        114
         71
         51
        255
          0
          0
          0
        255
        233
         82
         98
          0
         97
          0
        104
         96
          0
         52
          0
        128
        190
         61
        118
         77
          0
          0
        101
          0
          0
        219
          0
          6
         27
         39
          0
          0
         36
          0
          0
          1
        255
          0
          0
          0
          0
          0
         42
        168
         19
          0
          0
          0
        183
          0
         48
         27
        158
          0
        255
          0
        115
          0
          0
         86
         28
          0
          0
        255
          0
          0
        129
          0
        255
        144
          0
          0
          0
        210
          0
        127
         16
          0
          0
          0
         17
          0
        120
         20
          0
          0
         90
          0
          0
          0
        146
         45
         87
          0
          0
         19
         36
          0
          0
          0
        148
         48
        134
          0
          0
          0
          0
          0
         35
          0
          0
         46
         22
         58
         92
          0
        251
          0
        255
         68
        194
          0
          0
        116
          0
          0
          0
          0
         95
          0
          0
          0
        148
          0
        255
          0
          0
          0
          0
          0
         20
          0
        144
          0
          8
         71
        146
        255
          0
          0
        255
          0
         12
         86
          2
          0
          0
         54
         71
        167
        174
         83
        211
          0
         59
          0
        236
          0
          0
          0
          0
          0
         70
          0
         29
          0
        121
         37
        156
         73
          0
        183
        255
         30
        117
          0
         19
          0
         93
         16
          0
          0
         56
        139
          0
          0
        172
         92
        208
          0
          0
          0
          0
          0
          0
          0
          0
         53
         86
         53
        101
          0
         43
          4
          0
         67
          0
          0
          0
        142
         80
         81
          8
         54
          0
        175
         33
          0
        236
        225
          0
          0
          0
          0
          0
        132
          0
        231
         43
          0
         66
         81
         48
          0
          0
          0
        255
          0
        107
          0
         60
          0
          0
         41
          6
          0
          0
          0
          0
          0
          0
        176
        171
          0
          0
        181
        160
        255
          0
        159
          0
          0
         32
         80
          0
        100
          0
          0
          0
          0
        183
        143
        184
          0
          0
          0
         77
          0
          0
         41
          0
        221
          0
        235
        255
          8
          0
          0
        109
        231
          0
          0
         11
          0
          0
          0
         36
          0
          0
         47
          0
          0
         91
          0
          0
          0
         97
          0
         53
          0
        154
          0
          0
         39
          0
          0
        255
        130
         25
         72
        117
        206
          0
        255
          0
          0
          0
         56
         26
        162
          0
        105
          0
         55
         87
          0
        120
          0
         51
         18
          0
          0
          0
         77
          0
          0
          0
        199
        166
          0
         83
          0
        135
        255
          0
          0
          0
          0
        148
         15
        119
          0
        168
         98
          0
          0
          0
         53
        148
        143
          0
         60
         17
          0
        223
          4
        149
        255
          0
          0
        206
          0
          7
          0
          6
        152
         47
         30
          0
         77
        133
          0
          0
        255
          0
          0
        255
          0
          0
        222
          0
         43
          0
         32
         60
          0
          0
          0
          0
          0
          0
        193
          0
          0
         19
          0
          0
        120
          0
          0
         89
         11
        184
          0
         89
         26
        255
        160
          0
          0
          0
          0
        105
          0
        150
         72
         68
          0
          0
         73
        121
          0
          0
        154
         81
          0
          0
          0
          0
        179
          0
          0
          0
          0
        185
         14
        165
          0
          0
          0
        126
         95
        118
        157
          0
          0
        109
          0
         36
          0
         67
         67
          0
         89
        129
          0
         89
          0
          0
          0
         71
         51
         61
         97
          0
          0
          0
          0
         63
          0
          0
          0
          0
         71
         61
        121
        117
         68
        255
         47
         41
        255
          0
          0
         85
          5
        228
          0
          0
          0
          0
         53
        190
          0
          0
         96
          0
         91
        249
         34
         73
        160
         76
         82
        255
         26
         54
          0
        230
          0
          0
         47
         17
          0
          0
          0
          0
          0
        240
          0
          0
          0
          0
         92
          0
          0
          0
         16
         99
          0
          1
          8
        163
          0
          0
        149
          0
        151
          0
         34
        171
         54
        253
          0
          0
         85
        241
         93
        128
          0
        181
         55
          0
          0
          0
          0
         65
          0
          0
          0
        152
         17
         38
         63
         67
          0
         34
          0
        255
         12
         20
          0
          0
          0
          0
         68
          0
          0
          0
         46
        116
          0
        255
          0
          0
          0
          0
          0
          1
          0
          0
        200
         43
         13
         14
         34
        152
          0
          0
          0
          0
         89
          0
          0
        189
         28
          0
         10
          2
        241
        255
         49
          0
        255
         30
        181
          0
          0
         14
          0
        107
        255
          0
        255
          0
          0
          0
         15
         61
        255
          0
          0
        255
          0
          0
         34
          0
          0
        255
          0
          0
        134
        121
          0
        144
        133
         13
          0
          0
          0
         49
          0
         70
        255
          0
        240
        159
          0
         30
          0
          0
        146
          0
         54
        255
          0
          0
        255
          0
        180
          0
          0
         36
          0
          0
         62
        255
          0
        174
        145
          0
          0
          0
          0
        133
         93
          0
          0
         60
          0
        195
          0
          0
          0
          0
         53
          0
          0
          0
         13
        128
        163
          0
          0
          0
          0
         84
          0
        158
          0
        255
         52
          0
        135
          0
          0
         42
          0
         87
        114
          0
         34
        138
          0
         60
         21
        171
          0
        255
         81
          0
          0
          0
          0
        220
          0
         33
          0
        119
        105
        255
          0
        179
        149
          0
          0
          0
          0
         50
          0
         82
          0
          0
          0
         89
          0
        226
          0
        255
         46
          0
        107
         48
        146
          0
        119
          0
         74
         23
          0
         69
          0
          0
          0
          0
          0
          0
          0
          0
          0
        119
          0
          0
          0
          0
          0
         18
          0
        129
          0
          0
          0
          0
        162
         25
        233
          0
         18
         44
          0
          0
          0
          0
          0
          0
          0
        184
          0
          0
          0
          0
         33
          0
          0
          6
          0
        108
         39
          0
          0
         92
         39
          0
          0
        255
          5
         18
        131
          0
        157
         74
         86
          0
          0
        227
         70
          0
          0
        255
         27
          0
         10
         19
          0
         75
          0
          0
        255
         65
          0
          4
         32
        137
          0
        255
          0
          0
          0
          0
          0
         47
        124
          0
          0
          0
          0
         39
          0
          0
        255
          0
        223
          0
          1
         39
          0
         95
          0
          0
        255
          0
         93
         53
          0
        172
        156
          0
         95
        255
         92
          0
          0
          0
          0
          0
          0
          3
          0
         36
          0
         83
          0
          0
        255
          0
          0
          0
          0
         46
          0
          0
        255
        140
         80
          0
          0
         76
          0
         66
          0
          0
         73
        156
          0
          0
        179
        154
         36
          0
          0
          7
          0
         18
         32
          0
        198
          0
          0
          0
          0
          0
          0
          0
          0
          0
          0
          0
         48
        135
        255
          0
        165
        255
          0
        108
          0
         53
        143
          7
          0
          0
        246
        196
          0
          0
          0
         51
          0
          0
          0
          3
          0
          0
        153
         74
        255
          0
          0
         46
          6
        198
          0
          0
        136
          0
          0
          0
        227
          0
          0
        191
         70
          5
          0
         88
        151
         33
        255
         47
          0
          0
          0
          0
          0
          0
        255
          0
          9
          9
          0
          0
          0
        193
         32
        101
          0
          0
          0
          0
          0
        210
          5
          0
         68
          0
          0
          0
          0
          0
        255
        255
          0
          0
          0
         39
          0
          0
        255
          9
        228
          0
          0
          0
          0
         54
          0
          0
         33
        154
          0
         31
          0
        128
          0
          0
         87
         30
          0
        162
          0
          0
        170
         77
        189
          0
          0
          0
          0
        116
        117
         11
         31
          0
         49
          0
          0
         73
        213
        187
          0
        209
         79
          0
          0
          0
        132
          0
          0
         71
          0
        165
         84
         42
        204
          0
        209
        176
          0
          0
        231
         71
          0
         23
          0
          0
          0
          0
         51
         56
          0
          0
          0
        255
          0
          0
          0
         78
         82
          0
         51
          0
        144
         64
          3
          0
        255
          0
         32
          0
         43
         12
         58
          0
          0
          0
          0
          0
          0
        218
          0
        153
        255
        139
         57
          0
         38
         27
          0
         35
        133
          0
         28
         62
         46
        138
        122
        190
          0
          0
          0
         51
          0
         26
        168
          0
         87
          0
        157
          0
          0
        151
          0
         69
          0
         34
         68
        255
          0
          0
          0
         75
        125
        216
          0
          0
          0
        118
          0
          0
          0
          0
         83
        255
          0
         84
          1
          0
        243
          0
        149
         10
          0
          0
         75
          0
          0
          0
          3
        255
         31
         65
          0
        128
          0
          0
         16
         72
        255
         69
         23
         53
         83
         70
          0
        148
          0
         82
          0
          0
        231
          0
          0
          0
         42
        142
         31
          0
          0
        211
         17
        255
          6
        125
          0
         59
        176
        185
         60
          0
        255
          0
         91
          0
          0
         41
          0
        100
         25
          0
         40
         71
          0
          0
         48
        105
          0
        127
          0
        123
          0
          0
        154
        255
        159
          0
          0
          0
         41
        105
          0
         63
          0
          0
        122
         30
          0
          0
          0
          0
          0
          0
         17
         11
          0
          0
          0
         22
          0
          0
          0
          0
          0
          0
         58
          0
        142
          0
          0
         15
          0
         63
          0
          0
          0
        183
          0
          0
        255
         82
         78
          0
         12
         88
        149
        101
         45
         74
          0
          0
        150
        229
          0
        214
          0
          0
         97
        255
        130
          0
          0
          0
        178
        113
          0
          0
          0
          0
        170
          0
        153
        255
          0
          0
         91
         64
         19
         79
         41
          0
        197
          0
         45
        120
         44
          0
         56
        177
        129
        255
        161
          0
          0
          0
          0
        175
         70
         36
          0
        135
          0
          0
         55
        255
          0
          0
         67
         74
         72
        176
         51
          0
         74
          0
          0
        116
          0
          0
         71
          0
        126
        255
          0
          0
         70
         25
          0
        206
          0
         51
          0
        154
         60
          0
          0
        255
          0
          0
         99
         38
        115
        178
          0
          0
         94
         65
          0
        185
         22
          0
         64
         23
          0
        255
         92
          0
          0
          0
          0
          0
         54
          0
          0
          0
        105
          0
          0
        255
          6
          0
         11
          0
        149
        163
          0
          0
        255
          0
          0
        171
          0
          0
          0
         80
          0
          0
          0
          0
          0
          0
          0
        242
         64
         12
          0
        205
          0
          0
         87
          0
          0
          0
        127
          0
        109
         37
        255
          0
        236
        181
          0
        132
         37
          0
          0
          0
         52
          0
          0
        168
          0
        191
         15
        177
          7
          0
          0
          0
         88
          0
          0
          0
          0
         26
         37
          0
        144
         27
        255
         47
        114
        159
          0
         73
          0
          0
          0
        116
        174
        196
         49
          0
        170
          0
          0
        231
          0
         23
          0
        110
        135
          0
          0
        255
          0
         64
        125
          0
         56
         54
        255
          0
          0
          0
          0
        188
          0
          0
          0
          0
        101
        255
         25
          0
          0
          0
          0
        230
         27
         33
          0
          0
         13
          0
          0
        255
          0
          0
         55
         22
         97
          0
          0
         55
          0
          0
          0
          0
          0
        187
        255
         12
          0
        255
        119
          0
         38
          0
          0
        225
          0
          0
          0
        210
          2
          0
        135
        255
         86
          0
         98
          0
         99
        139
          0
          0
        255
          0
          0
          0
          0
        210
          0
          0
         84
        255
          0
          0
          0
        244
        116
        242
         48
         30
          0
          0
        118
          0
          0
        255
          0
          0
         76
         96
        123
          0
          0
          0
        255
          0
          0
          0
         19
          0
         13
        157
        131
         97
         55
          0
          0
          0
         94
        190
          0
         35
        255
          0
          0
          0
          0
        255
          0
          0
         89
         66
          0
         95
        255
         65
        255
          0
          0
        198
          0
        221
          0
          0
         27
        248
          0
          0
        124
          0
          0
        169
          0
          9
        214
         56
        146
          0
         77
        255
          0
        255
         66
          0
         80
        113
        255
         55
          0
          0
          0
        234
          0
        161
          0
         27
         18
          0
         73
          0
         69
          0
          0
          0
          0
         30
        255
        175
          0
          0
          0
          0
          0
          0
         91
         70
         60
        176
          0
         42
          0
         16
          0
        148
          0
        133
         80
          0
         17
        255
          2
          0
          0
          0
          0
          0
          3
          0
         10
        255
         29
          0
          0
          0
          0
          0
         84
          0
        161
        106
          0
          7
        255
          0
         19
        241
          0
        219
          0
          0
         37
        255
          0
        163
         31
          0
          0
         91
          3
          0
        109
          0
         65
          0
          0
        255
          0
          0
         47
          1
         73
          0
         34
          0
         48
          0
          0
          0
