  0   0   0   0   0   0   7   7   6   3   4   2   1   1   0   0   0   0   0   0   0   7   6   6   5   3   2   1   1  -1  -8  -8 
  0   0   0   0   0   0   0   6   5   4   4   3   1   0  -1   0   0   0   0   0   7   7   6   5   5   3   3   1   0  -1  -8  -8 
  0   0   0   0   0   0   0   6   4   6   3   1   0   1   0   0   0   0   0   0   0   7   7   5   5   4   3   2   1   0  -8  -8 
  0   0   0   0   0   0   0   7   6   5   3   3   3  -1   0   0   0   0   0   0   0   0   6   4   4   3   3   1   0   0  -8  -8 
  0   0   0   0   0   0   0   7   6   4   5   3   1   0   0   0   0   0   0   0   0   0   6   6   5   4   2   3   0  -1  -8  -8 
  0   0   0   0   0   0   7   7   5   5   3   2   1   1  -1   0   0   0   0   0   0   0   6   6   5   3   2   1   0  -1  -8  -8 
  0   0   0   0   0   0   0   7   5   5   3   2   1   1  -1   0   0   0   0   0   0   0   6   6   6   4   2   1   1  -1  -8  -8 
  0   0   0   0   0   0   7   7   5   4   3   3   0   0   0   0   0   0   0   0   7   0   7   6   4   4   3   2   0  -1  -8  -8 
  0   0   0   0   0   0   7   0   7   4   4   2   2   1   0   0   0   0   0   0   0   7   0   6   5   4   3   2   0  -2  -8  -8 
  0   0   0   0   0   0   0   7   6   5   4   2   1   1   0   0   0   0   0   0   0   7   7   5   5   4   2   2   1   0  -8  -8 
  0   0   0   0   0   0   7   6   5   4   3   3   2   1  -1   0   0   0   0   0   0   7   0   6   4   2   2   2   0  -1  -8  -8 
  0   0   0   0   0   0   0   6   4   5   3   3   2   1  -1   0   0   0   0   0   0   7   7   5   4   4   3   2   0   0  -8  -8 
  0   0   0   0   0   0   0   7   5   3   5   2   1   0   1   0   0   0   0   0   0   7   6   6   6   4   2   1   0   0  -8  -8 
  0   0   0   0   0   0   7   6   5   5   3   3   1   1  -1   0   0   0   0   0   0   0   0   4   5   4   2   2   0   0  -8  -8 
  0   0   0   0   0   7   7   7   6   4   4   3   2   1  -1   0   0   0   0   0   7   0   7   5   4   3   3   2   1  -1  -8  -8 
  0   0   0   0   0   0   0   7   4   4   2   3   0   1  -1   0   0   0   0   0   0   0   7   6   5   2   3   1   1  -2  -8  -8 
  0   0   0   0   0   0   0   7   7   3   2   3   2   1   1   0   0   0   0   0   0   7   6   5   5   3   2   1   1   0  -8  -8 
  0   0   0   0   0   0   0   7   6   5   4   2   1   0  -1   0   0   0   0   0   0   0   6   5   4   3   3   1   1  -1  -8  -8 
  0   0   0   0   0   0   0   7   7   4   3   2   1   1  -1   0   0   0   0   0   0   0   6   5   3   3   2   1   1  -1  -8  -8 
  0   0   0   0   0   0   0   6   5   5   3   4   2   0   1   0   0   0   0   0   0   7   5   6   5   3   2   2   1   0  -8  -8 
  0   0   0   0   0   0   7   7   5   5   4   3   2   0   0   0   0   0   0   0   0   0   7   6   5   3   3   2   1  -1  -8  -8 
  0   0   0   0   0   0   6   7   5   4   3   3   1   1   0   0   0   0   0   0   0   7   6   6   5   4   3   2   1  -1  -8  -8 
  0   0   0   0   0   0   7   7   7   4   3   3   2   0  -1   0   0   0   0   0   0   7   6   6   4   3   3   2   0  -1  -8  -8 
  0   0   0   0   0   0   7   6   5   4   4   3   2   1   0   0   0   0   0   0   7   0   7   5   5   3   2   2   0   0  -8  -8 
  0   0   0   0   0   0   0   7   6   4   5   2   1   0   0   0   0   0   0   0   0   0   7   6   5   5   2   1   0   0  -8  -8 
  0   0   0   0   0   0   0   0   7   5   3   2   1   1   0   0   0   0   0   0   0   0   7   5   4   3   3   1   2   0  -8  -8 
  0   0   0   0   0   0   7   5   6   5   3   3   2   1   0   0   0   0   0   0   0   6   6   6   5   4   2   3   0  -1  -8  -8 
  0   0   0   0   0   0   7   7   5   5   3   2   1   1   0   0   0   0   0   0   0   0   7   5   4   4   2   0   2  -1  -8  -8 
  0   0   0   0   0   0   0   6   6   5   3   3   3   0  -1   0   0   0   0   0   0   0   6   5   5   3   2   2   1   0  -8  -8 
  0   0   0   0   0   0   0   6   6   4   3   3   1   1   0   0   0   0   0   0   0   0   0   5   4   2   3   1   0   0  -8  -8 
  0   0   0   0   0   7   0   6   5   5   5   4   0  -1   0   0   0   0   0   0   0   0   6   5   4   3   3   2   0   0  -8  -8 
  0   0   0   0   0   0   0   7   5   4   4   3   1   1   0   0   0   0   0   0   0   0   0   6   5   4   2   1   1  -1  -8  -8 
  0   0   0   0   0   0   7   7   7   4   3   2   1   1  -1   0   0   0   0   0   0   0   6   5   4   4   2   0   2  -1  -8  -8 
  0   0   0   0   0   0   7   7   6   4   4   3   1   0  -1   0   0   0   0   0   0   0   0   5   4   4   3   2   2  -1  -8  -8 
  0   0   0   0   0   0   0   7   5   4   3   2   2   1  -2   0   0   0   0   0   0   0   7   5   4   1   3   1   1  -1  -8  -8 
  0   0   0   0   0   0   7   6   6   5   4   3   2   0   0   0   0   0   0   0   7   0   6   6   5   3   3   1   0   0  -8  -8 
  0   0   0   0   0   0   7   6   5   4   4   3   3   0  -1   0   0   0   0   0   0   7   7   5   6   5   3   2   1   0  -8  -8 
  0   0   0   0   0   0   0   7   7   4   3   2   1   0  -1   0   0   0   0   0   0   7   6   5   5   3   2   1   1   0  -8  -8 
  0   0   0   0   0   0   6   6   5   5   4   3   2   0   0   0   0   0   0   0   0   0   7   6   3   5   3   1   0   0  -8  -8 
  0   0   0   0   0   0   0   6   6   5   3   2   1  -1  -1   0   0   0   0   0   0   6   6   5   5   5   3   1   1   0  -8  -8 
  0   0   0   0   0   0   7   6   5   4   3   3   2   1   1   0   0   0   0   0   0   0   7   5   5   4   3   1   1  -1  -8  -8 
  0   0   0   0   0   0   0   7   5   4   3   3   2   2  -1   0   0   0   0   0   0   7   6   5   5   3   3   2   0  -2  -8  -8 
  0   0   0   0   0   0   7   6   5   4   4   3   2   2   0   0   0   0   0   0   0   7   7   5   4   4   3   1   1  -2  -8  -8 
  0   0   0   0   0   0   6   5   5   5   4   2   2   1   0   0   0   0   0   0   0   0   7   7   4   5   2   1   1  -1  -8  -8 
  0   0   0   0   0   0   7   7   7   5   4   3   2   0   0   0   0   0   0   0   0   0   6   6   4   3   1   1   0   0  -8  -8 
  0   0   0   0   0   0   0   6   5   5   4   3   2   1   0   0   0   0   0   0   0   0   7   6   4   4   3   2   1  -1  -8  -8 
  0   0   0   0   0   0   0   7   7   4   4   2   1   0   0   0   0   0   0   0   0   6   7   4   7   4   3   0   1  -1  -8  -8 
  0   0   0   0   0   0   0   6   5   5   4   4   1  -1  -1   0   0   0   0   0   0   7   7   6   4   3   3   3   0   0  -8  -8 
  0   0   0   0   0   0   6   6   5   5   3   3   2   1   0   0   0   0   0   0   0   0   7   7   5   5   3   1  -1   0  -8  -8 
  0   0   0   0   0   0   0   7   6   3   2   2   2   2   0   0   0   0   0   0   0   0   6   6   3   4   2   1   1  -1  -8  -8 
