        -28
        -18
        -36
        -29
         33
         -8
         -1
          0
        -25
         -5
         -3
         34
         -4
        -31
        -12
          4
        -15
        -15
         22
        -62
          4
         -1
        -21
         -4
         30
         -1
        -11
          8
         -5
         -7
         -4
         34
         -3
        -24
        -23
          7
          9
         -4
         12
         -2
        -17
         -6
         41
          6
         -1
         -8
        -12
          7
        -17
         -8
        -19
        -19
          4
        -15
        -14
          0
          7
         -1
        -13
          0
         -2
        -75
        -20
         17
        -18
        -30
        -10
          6
         14
        -14
         18
         -2
          1
         -4
         16
         10
         -5
        -19
         -5
         15
          8
        -15
        -20
        -37
         -7
         25
         -4
         -5
         14
         -1
         -9
          0
         -1
        -22
        -10
         14
          1
         13
          0
         39
          7
         10
        -33
         -1
         11
          3
         27
         -7
         22
          9
         -4
        -12
        -37
         -2
         -9
          9
         -7
         -7
         -6
          2
          6
          0
         -4
        -45
          3
        -91
         -7
          0
         -3
        -11
          8
         31
        -50
        -17
         18
          0
         31
         -8
         -5
        -24
        -27
         11
         -2
         -5
         -9
        -17
        -45
         17
         -6
        -18
         21
         -5
         -2
          0
         -1
          3
         -1
         48
         -1
        -37
          6
         36
         -8
        -38
          9
          0
        -46
          0
        -39
          6
        -50
         38
          7
        -10
        -19
        -23
        -44
          2
          7
        -55
         -2
          4
        -32
          3
         -8
          0
          5
        -19
         -5
        -33
          7
          5
         -3
        -46
         24
         -5
        -26
         -3
          6
         -1
         50
        -19
         11
        -13
        -31
         -1
          7
        -16
        -13
          3
        -16
         16
          2
        -36
         24
         -2
        -10
         -1
          1
         15
          3
         12
         -1
         -3
         -3
         16
        -26
        -40
        -12
        -13
        -16
         -1
         -4
          0
        -10
         16
         16
         -8
        -17
         13
         23
          3
         34
        -25
         -4
        -14
        -26
          3
          8
         -1
          1
         -5
         -3
        -31
          9
         33
         -3
        -36
        -21
         10
         14
          8
        -16
          0
         14
          3
         -2
        -16
          1
        -24
         28
        -21
         15
          8
         26
         39
         -2
         -7
         34
          1
         15
          0
         -4
         -6
          1
          7
        -10
         13
         45
         23
        -27
         29
        -52
         -4
        -14
         -1
        -33
         14
        -33
         -3
          0
         10
          1
        -23
          4
          8
        -46
         37
         -5
        -22
         23
          6
        -31
         -1
          1
         -9
         -5
        -19
        -20
        -20
        -14
         15
        -12
        -24
        -11
        -22
        -40
         -1
        -26
         -7
        -38
         34
         -7
        -12
         -8
         18
        -12
         -7
         -4
        -18
         -6
          6
        -25
         -5
        -24
          0
         -1
         30
         -4
        -19
         -3
         14
        -30
        -17
        -36
         -6
        -33
          5
          5
          0
        -36
         -9
         48
         19
        -13
        -10
        -20
        -24
         -9
         -2
        -10
          4
         -4
        -35
          1
         -1
         -3
          0
        -13
        -12
         -5
         -8
        -21
         24
          8
          4
          3
         27
         18
         17
         21
         -1
        -29
         14
         31
        -18
         21
          5
         -3
         17
         40
          0
        -20
         21
        -10
          5
          0
         -4
         -2
         -1
         -7
        -45
          3
        -50
        -19
          5
         23
        -16
          3
          1
        -55
        -14
        -56
         -2
        -52
         -5
        -61
        -38
        -14
         11
         -6
         55
        -52
        -34
         -1
         16
         -2
         13
        -44
         -7
          2
          0
          5
          2
          1
        -64
          5
        -16
         -5
        -10
        -28
          0
        -26
         -2
        -24
          0
        -33
         -4
         45
        -26
          6
          9
          3
         21
         20
          2
         61
          0
          2
        -19
          0
          2
         22
          0
          3
         -7
         -1
          1
        -13
         22
         12
          5
        -36
         18
        -21
         -2
        -10
          0
        -27
         11
        -36
         -2
         13
         -1
         -4
         -4
          8
         -6
          2
          7
          0
         -6
         16
          1
         17
          0
         -4
        -20
         -4
          1
         -5
         21
         -4
        -42
         -7
         39
        -22
         32
         10
         -2
         52
          2
        -37
        -18
        -23
        -13
         22
        -11
         -7
         -6
          1
         23
         -5
          3
         14
         -1
        -25
          0
         -3
        -13
          3
         -8
        -13
        -87
         37
         14
        -12
        -25
          4
         -5
         27
         -1
         -9
         -2
         39
          2
        -12
         18
         -5
        -15
        -12
        -14
         24
         -4
          5
         12
        -17
          5
        -18
         -1
         -1
          5
         -5
        -48
        -29
        -28
         -7
        -50
          6
          5
         21
         22
         40
          0
         20
        -13
        -19
        -12
        -24
        -16
         17
        -28
          9
         -8
        -21
         34
          4
         34
        -12
         -7
        -40
          0
        -10
          4
          1
         12
        -19
        -53
         26
          2
        -36
         21
        -50
         -7
        -19
          1
        -41
          4
         -7
        -41
         -5
         26
         -5
        -23
        -46
          0
        -36
        -21
          2
         17
        -54
          2
        -28
          0
          5
        -13
         -9
        -19
        -33
        -39
        -32
          9
        -34
          4
         43
        -40
        -10
          0
        -11
        -15
         45
         -8
         -5
        -16
         11
        -13
          4
        -14
        -10
        -34
          1
         18
         19
         -8
        -35
          0
        -10
         12
         -5
         -5
        -15
        -12
        -13
         13
         -2
         24
        -24
         18
        -51
          1
        -23
         14
        -83
         18
         20
        -19
        -18
        -72
        -30
         12
        -60
         25
        -12
        -35
        -47
          5
        -18
          0
         -6
        -37
         -3
        -74
         -3
        -50
          1
        -23
         -3
        -21
         18
        -17
          6
         -1
          3
        -12
         22
        -16
        -23
         -8
          3
          4
        -25
         -4
         11
         49
          6
        -14
         37
         -2
        -10
         -1
         -5
         25
         -3
          8
         -9
         13
          2
        -55
         19
        -49
         26
         13
         16
         -1
        -35
          4
        -41
         61
         -8
        -36
        -13
        -17
         56
          7
         -7
        -22
         -1
         37
        -28
         -1
          5
         -1
          0
         -2
         -1
          5
          7
        -11
         -7
        -18
         -5
         25
         -6
        -20
        -31
         -3
        -11
         -3
          0
         13
         -6
         18
         -3
         27
        -40
         -5
         12
        -52
         -8
        -34
        -29
         -3
         -2
         -1
          3
        -19
          3
        -55
         -7
         12
         -1
        -14
        -30
        -81
        -18
        -30
        -41
         -1
         13
        -13
         -5
          7
        -10
        -23
          5
          1
        -28
        -32
         45
        -41
          0
        -19
         -2
         -3
         36
          0
         -3
         19
         -6
         11
         -2
         48
         41
        -13
        -35
         42
        -41
         36
          8
          0
         -8
          7
         25
         30
         -2
        -17
         -9
         10
         48
         18
          4
         47
          3
        -44
         59
          6
         36
         -1
         -7
        -20
          0
        -38
         -6
         26
         12
        -16
        -11
         44
          7
          3
         35
         -2
         43
          4
        -18
         19
        -20
          3
         10
        -28
          2
         -6
        -31
         75
         -3
         44
         27
          6
        -52
          0
         -8
         19
         -1
        -41
        -21
        -25
        -10
         -9
          1
        -32
          8
        -12
         12
          1
         34
         -8
        -47
        -12
         -7
         -9
          0
        -63
        -79
         -4
        -53
        -69
          3
         55
        -10
         -1
        -31
          0
         -5
          1
         -4
        -29
        -12
         27
         14
         -5
         14
         13
         -5
        -21
        -43
         -2
          6
        -23
          8
        -10
         15
         12
        -13
        -39
          9
        -10
         -6
        -21
          3
        -57
        -50
          1
          4
         -1
         -3
        -31
          1
       -101
          8
        -38
        -11
        -39
        -33
         34
         -9
        -24
        -33
         -3
        -18
          3
        -21
         -4
        -11
         -8
          2
         17
         28
         -7
         45
         23
        -15
         25
          0
          4
         16
         -1
          5
        -17
          0
         16
          7
        -15
          3
         18
        -20
         13
          1
        -24
        -41
         -1
         19
          1
         -5
         17
         18
         13
         -3
        -17
        -16
        -11
         -5
        -42
         -4
          5
         -8
          2
         -2
          0
          1
        -16
         -4
        -37
        -10
          1
         -8
          9
         -9
         16
        -38
        -28
         -5
         -2
        -23
         -8
        -45
        -34
         -3
         16
         -4
         66
         18
        -20
         -7
        -44
          0
         -4
        -25
        -11
          3
         -1
          4
         16
          2
         28
         23
        -11
        -11
         23
        -44
         -3
        -14
          2
        -31
         -1
        -54
          1
         21
        -13
          4
         -1
          3
        -24
        -11
        -11
         37
        -20
          2
         14
        -30
          8
         -4
         -1
         -1
          5
         -6
          3
        -11
        -38
          1
         31
        -23
         41
        -25
         -9
          5
         -2
        -17
          3
         18
        -29
         15
         12
        -18
         55
         12
          0
        -16
        -57
         -8
        -13
         -9
         -3
          0
         -1
         -2
        -28
          2
        -68
        -11
         15
         -8
          1
        -22
        -15
        -30
        -29
        -84
         -2
        -20
        -14
        -55
         24
         -9
        -10
        -12
        -12
        -42
        -39
         11
        -43
        -10
        -33
        -54
         -3
          9
          0
         -4
         -4
         -5
        -61
         -1
        -23
          3
         25
        -36
         42
        -18
         15
          6
          0
         19
          4
         87
         15
         -1
         14
        -11
         26
         -4
         11
         17
          0
         -8
        -47
         65
          2
         21
         -1
         -5
        -33
         -1
         -9
        -21
         62
          9
          3
         -5
        -30
        -67
         -8
        -42
          0
         -7
          5
        -45
          2
         -1
          4
        -16
         11
        -36
        -14
        -34
        -32
        -12
        -43
        -33
         -9
         -1
          0
          0
        -19
         -2
        -67
         -4
         21
         -3
        -24
        -16
        -41
        -18
        -10
         -4
         -1
        -54
         -7
         22
         -1
        -27
        -20
          5
          6
         -2
        -12
         33
          8
         -3
        -47
         51
         -5
          8
         -1
         -8
          5
          0
          7
        -16
         52
          2
        -19
         26
         -9
        -20
         47
         12
          0
         27
          8
        -54
        -16
         20
        -14
         -4
        -30
         -6
         17
        -45
         86
          2
         -1
         22
          2
         -6
          0
         -9
        -13
          2
        -17
        -13
         21
         49
         -7
        -12
         -4
         -2
          7
         -6
          0
         -3
         -3
        -18
          1
         -9
          0
        -18
         28
        -18
         -8
         30
         10
         15
          9
          0
          3
         26
         -1
          5
        -15
         -3
        -29
         11
          2
         12
        -57
         -3
          5
         12
        -17
        -33
         -2
         -8
         -4
        -28
         37
        -26
         -7
         13
        -28
         45
          2
         18
        -41
         -8
        -17
        -39
          1
        -21
         -1
          8
          0
          0
        -17
        -14
        -71
         18
          4
         -7
        -49
         29
        -20
        -29
         -2
         46
          2
        -11
         31
          8
         13
          4
        -14
        -21
         -9
         43
         -3
         -3
        -12
         36
          0
         13
          0
          0
         -1
         -3
        -22
         -6
         83
          4
         -8
         11
        -27
        -10
          5
         58
         -1
         34
        -11
          2
          4
         -9
         10
        -14
          7
         20
        -20
        -18
         15
          8
        -19
         13
         -5
          7
         -1
        -10
          7
          1
         27
          3
         30
         -4
          9
         -1
          6
         -2
         22
          4
          1
          8
          6
        -35
        -12
          9
          8
        -11
        -12
         -4
         -2
        -30
        -53
          1
        -22
        -42
         -5
         15
         -1
         -2
        -17
         -5
         46
        -16
        -43
         26
          2
         -8
        -37
         22
          7
        -23
          0
         16
         -6
         50
        -16
         -1
         13
        -20
          2
        -68
        -10
         19
         -4
         14
          0
         -6
          3
          3
         -1
          2
        -21
         -9
        -25
        -27
          5
        -23
        -50
         27
        -24
         39
         -7
         38
          0
         74
        -17
         12
         16
        -17
        -24
        -23
        -13
         20
         -4
        -31
        -10
          2
         21
        -17
         -1
        -12
         -1
         -3
        -13
         -1
         24
        -15
        -22
          4
         -8
         -5
         30
        -20
         -9
        -17
          0
          9
         -8
         19
         29
        -15
         18
        -17
        -37
        -15
          2
        -45
         -2
         -5
        -13
        -34
          1
         -5
         -1
          4
        -10
         -4
          9
          6
        -49
          8
         -2
        -11
         24
          2
          1
        -42
         -3
        -12
         -9
          9
        -13
         13
         -6
          1
         24
         24
         -3
         19
        -44
          2
        -33
          9
         -5
         14
         -1
          1
        -42
          4
        -32
         23
        -41
        -25
         -7
          5
         23
        -25
        -27
         11
         -1
         46
         -1
        -36
         -7
        -17
         16
        -16
        -24
          0
        -24
        -16
         38
         -8
         25
        -37
          8
        -10
         -1
          3
         22
         -4
         32
         -3
        -67
         11
         26
        -22
        -32
         39
         15
        -12
         -1
         -4
         -6
         15
          5
         20
          1
        -13
        -14
        -25
          2
         33
        -59
         11
          0
        -24
          2
          6
         -1
         -3
        -28
         -4
        -40
          3
          1
          8
        -59
         11
         15
         32
         -2
         24
         -1
         73
        -14
          7
        -21
        -18
         -4
          4
          7
         42
        -22
         18
         33
          8
         13
        -28
         -2
          7
         -1
         -2
          6
          1
        -33
         -1
        -72
          6
          2
        -37
          5
         49
        -12
         20
         -2
        -12
          5
         12
        -17
          2
         13
         12
         -2
          7
         -3
         38
          6
          3
         38
        -24
          4
        -26
         -1
         -1
          8
         -2
        -38
        -11
        -15
         33
        -54
        -10
        -37
          7
        -11
        -27
         -1
         -3
         -4
        -81
         -2
        -14
        -30
         27
        -13
         13
        -18
          7
        -85
          6
         18
        -17
         -8
         15
          0
          1
         17
         -3
        -25
          3
        -31
         14
         29
        -18
         10
         45
        -15
        -31
         -2
         34
          3
        -18
         21
         10
          6
          3
        -41
        -43
          1
         29
         -2
         -1
        -35
         37
         11
        -22
         -1
         -5
        -19
          0
        -97
        -19
         40
         10
        -17
         22
        -26
        -73
        -14
         12
         -2
          5
         -6
        -20
        -16
        -15
         23
          6
          2
          2
          6
        -45
         -8
         -8
        -26
         -1
         -7
          0
          0
          5
         28
          3
         39
         14
         38
        -29
        -20
        -11
        -70
          2
         -6
        -35
          0
         -7
         -5
        -23
        -31
         28
        -21
        -13
        -20
         12
        -12
         36
        -31
          2
        -22
         -2
         -6
         31
          0
         -7
        -30
         -5
          6
         -7
         32
         -9
         -7
        -28
         41
         31
         17
          2
         -1
          3
          2
          4
          6
         16
        -20
        -25
         19
        -44
         -1
         24
         41
         13
          3
         12
          8
         30
         -1
        -10
        -33
         -1
        -54
          5
          4
         14
        -55
          9
         27
         20
         -7
         30
          0
        -17
          4
         12
          8
        -28
         -7
         24
        -41
         26
         10
        -27
          9
         -1
         47
        -28
          5
        -11
         -1
          8
         25
          0
         41
         -5
        -86
         12
          4
          4
         -8
         18
        -22
        -14
         -3
         -5
         -1
        -24
        -13
         -3
          3
         20
        -32
         15
         -2
        -25
        -14
         -6
         21
          2
         -2
        -54
         -1
          2
          3
          1
        -30
         -3
        -48
        -15
         34
         -4
         20
        -36
         -3
        -18
          0
         29
         -1
        -40
        -11
         -9
          1
         11
          0
        -12
         -2
        -18
        -21
        -11
        -16
          0
         -5
        -34
          0
          3
          4
          3
         -8
         17
        -45
         10
         34
          2
        -51
        -32
         -7
        -18
          0
        -23
         -2
        -44
         -6
         -4
         11
         -8
        -41
          2
         -9
          9
          0
         -5
        -61
        -35
          3
        -19
          0
          0
          8
         -5
          2
        -17
        -13
         10
          3
         -9
        -45
         12
         30
        -21
          0
          8
          1
        -24
        -14
          7
        -14
         -2
         30
        -15
         15
         23
          9
          4
        -31
         42
         -8
         10
         -1
         -3
        -15
         -1
         19
        -11
         72
         15
        -16
          0
        -25
        -30
          4
         13
          1
         10
         -1
         15
         -9
        -17
          9
        -18
         -2
          1
         -4
        -30
         30
          3
        -19
          5
         -2
        -17
          0
          0
         -7
         -4
          6
        -17
          2
         17
        -10
          2
        -19
        -12
         -4
        -35
         -1
        -45
          3
        -22
        -49
         18
         24
        -10
         52
         -2
         -4
         30
         14
          3
         -3
        -23
         -6
         32
         -1
          9
        -25
          0
         23
          9
         36
          2
         18
        -27
         25
         -7
         -4
         -9
          0
         11
          0
         10
        -14
         -9
          3
         11
         17
         32
        -14
          4
        -13
          3
         -5
         20
         -2
         -8
         -1
          5
          1
         -4
         90
         -3
        -64
          6
         19
          5
          2
        -55
         12
         -6
          1
        -35
         12
         11
        -21
          8
         28
        -23
        -26
        -19
         18
        -39
         27
         -2
         12
        -34
          9
        -15
          0
          7
          3
         -6
         -8
        -14
        -29
        -46
        -33
          2
        -11
         25
         -6
         37
         -1
          4
        -14
         36
        -24
         -6
        -16
         -4
          3
          9
         -4
          0
        -42
          3
         16
         14
        -10
        -14
         -1
         -8
        -18
          1
         31
          1
        -19
        -37
        -27
         12
         14
         18
        -22
         13
         -2
        -68
          0
         -6
         25
        -10
        -14
        -20
        -20
        -21
        -18
        -26
        -59
         -7
         53
        -64
          0
          4
         -1
         -2
        -10
          0
        -25
         13
        -63
        -52
        -45
         31
         15
         46
        -10
         -3
         -2
         39
        -21
         12
         -8
          5
        -10
          0
        -26
        -36
        -15
         -4
        -33
          5
         -4
        -35
         -7
         23
         -1
        -10
          1
          3
        -28
         11
        -61
        -17
         -1
        -21
        -13
         46
         -6
         24
          0
         -3
          7
          3
          7
          3
         -9
        -19
        -17
        -41
         -9
         27
        -41
          5
         10
        -35
          4
         32
         -1
         -1
        -26
         -5
         19
         10
        -20
         16
        -67
         16
         -5
         30
         -2
         36
         -2
         -3
        -14
         25
         -6
        -39
        -26
         35
        -18
         13
         -2
        -21
         -1
         13
         51
        -10
          0
        -24
         -1
          2
         53
          0
         38
         -4
        -92
        -31
         -6
          5
         19
          3
        -19
         22
         -1
          0
          3
          6
          2
          1
          2
         -6
        -43
         34
         16
        -57
        -33
        -15
         23
        -22
          1
        -42
         -1
         -1
         -4
         -2
          4
        -18
        -51
        -11
         34
         -8
         11
        -29
        -14
        -64
         -2
        -37
          0
        -25
         25
          4
          9
        -13
        -17
        -46
        -13
        -25
        -78
        -18
        -44
        -44
         -8
        -17
          0
          2
        -48
         -3
        -24
          3
        -45
        -32
        -17
         14
        -44
        -12
        -22
        -12
          0
          8
        -13
         44
         -8
        -17
         -3
        -17
         24
        -50
        -20
         22
         20
         -2
          1
          2
         -4
         26
          0
          0
         16
         -2
         20
         -6
         50
         -4
          3
        -15
          2
        -51
         25
         11
          1
        -36
          4
        -13
          6
          1
        -12
        -19
        -24
         -7
         18
        -44
         -6
         -2
        -40
          0
          2
         -1
         -1
         -3
        -38
         -2
         46
         -6
         13
         -5
        -22
        -15
          1
        -38
        -28
        -38
          0
        -25
         -6
          2
        -16
        -23
        -14
          0
         12
        -21
         -2
        -37
        -19
         -3
          3
         14
         -7
          4
          0
          3
         27
         -4
         -7
          8
        -14
        -18
         24
         -8
        -12
         29
          0
         -8
          0
         20
          4
        -44
         56
          5
        -29
         -9
        -45
          3
          5
          6
         -5
         -4
        -15
         12
          8
        -31
          0
         -7
        -11
          0
        -60
         11
          7
         -2
        -41
         23
        -17
        -15
         -6
          3
         -2
         15
         -5
        -38
          2
        -23
        -18
         16
        -18
        -21
         14
        -17
        -12
         -6
        -26
         25
         -3
          9
         -1
         -1
         29
          5
        -25
         16
         28
         -4
          1
          5
        -49
          7
         -6
          7
         -2
         36
         -3
        -32
          3
          5
        -10
          9
        -32
         10
          0
          7
        -12
         -2
        -30
         27
         -1
        -12
         -1
         -6
          2
          0
          2
          5
         32
         -2
        -46
        -19
         -4
        -33
        -22
        -37
         -1
        -32
          0
        -75
        -23
         -3
        -31
          1
        -39
         -8
          0
        -25
        -66
         -4
         16
          1
          0
         13
         -1
          3
        -29
         -4
         23
         -4
        -16
        -32
         62
        -30
         74
          1
        -42
        -59
          0
         35
         -7
          0
         46
          6
          5
        -10
        -51
        -78
          7
        -52
        -39
         -7
        -33
         31
          6
        -29
          0
         -3
         -5
         -4
        -33
         10
        -18
        -33
         20
         17
        -21
        -41
        -17
         18
          0
          6
         -6
         -9
         42
        -24
         -6
        -20
        -95
          1
          1
        -81
         -2
        -17
        -31
        -28
          4
        -39
         -1
         -4
         12
         -5
         47
          9
        -58
        -46
          7
         19
         -2
         -4
         12
         42
         -1
          9
        -12
         41
        -37
         -4
         -3
        -12
          9
          9
          8
        -52
         13
         -8
          6
         -5
         -8
        -48
         -1
         -9
         -3
          3
         11
         -6
        -28
        -37
         12
         28
        -16
         22
          2
          6
          1
          6
         -3
        -12
        -40
         14
          4
        -28
        -12
          5
        -22
        -32
         -2
         -9
         18
        -72
         -7
        -13
          0
         -4
        -41
         -1
         -9
         -5
        -60
        -14
         -8
         -5
         68
        -55
          4
         26
          0
        -65
         -8
         80
        -68
        -32
         40
         -7
         45
        -16
         -7
        -41
          3
          0
          0
        -17
        -10
        -22
         -1
          4
         -8
          1
         51
         -1
        -91
        -55
          6
          7
        -42
         20
        -20
        -11
          0
        -44
          5
         -8
        -24
         11
        -11
        -10
         13
          5
        -19
          6
       -108
         -9
         48
        -82
        -10
        -17
          0
          4
        -13
         -3
          1
         -4
        -69
        -30
         21
          2
          8
          7
         -8
        -12
         -2
        -62
        -13
         27
          1
          2
          3
        -19
         20
        -45
        -20
         23
        -21
          1
        -58
        -44
         -2
         11
         -1
         -9
        -12
          1
        -31
         -5
        -20
         -5
         -5
        -17
          8
         -8
         31
         35
          1
        -18
          3
         55
        -22
        -17
        -13
         13
         45
          9
          3
          5
         46
          0
         41
          5
         -1
         11
         -1
          0
         22
          0
         83
         -4
        -16
         21
          1
        -25
         -6
        -34
          4
         -7
          3
         28
         -3
        -39
        -22
        -12
        -16
        -14
        -12
        -27
         -7
        -55
        -14
         10
         23
        -15
          0
        -22
          0
         -1
          8
         -9
        -37
        -20
        -28
        -18
        -17
        -15
         40
          8
        -10
         12
         -1
        -23
        -10
         61
          0
        -11
          5
         -3
        -64
         16
         19
        -30
         35
         -2
        -19
          3
          5
        -53
         -1
        -10
          0
         -2
        -61
        -23
        -39
        -41
        -17
          0
        -43
         61
        -30
        -13
         -1
         18
          0
        -98
         27
         17
        -38
        -11
         -4
        -12
        -18
         -4
        -61
         -7
         45
        -44
         -9
         -1
          0
         -8
         -6
         -1
        -50
         16
         28
        -16
        -17
         -4
         31
         24
         -9
        -10
         -3
        -46
         -9
         81
          4
         -3
         10
          8
        -14
         -5
         -6
         11
         -6
         -2
        -61
         -7
         -4
         18
         -1
         -9
         -8
          2
        -33
         -6
        -28
         11
         -2
          5
        -42
         15
         14
        -16
         -1
         -3
         20
        -67
         -9
         19
        -17
          0
         42
         16
        -10
         28
          8
         -7
         -1
        -21
         -6
         28
          0
          2
        -20
          0
         -9
          4
          9
         28
        -45
          9
        -37
        -11
         11
          3
          0
        -43
         -2
         23
        -30
        -23
          5
         12
         24
        -22
          0
         31
         52
         13
        -14
         33
         -4
         19
         -1
          2
         25
          0
         22
        -13
         28
          3
        -24
          1
        -32
         -5
         18
         43
          0
        -20
          8
        -31
         -1
         -2
        -14
          3
          6
         36
         12
         -9
         -3
          7
         18
          8
         -2
        -15
         -1
         -1
          6
          0
         51
         -5
          2
        -37
         28
        -15
        -15
         43
        -18
        -60
          0
         22
         -6
        -17
         22
         37
         -8
        -35
        -15
        -29
         -7
         -3
        -73
         -8
        -47
        -48
         -4
         17
         -1
         -7
        -54
         -6
        -34
        -21
         12
         15
         19
        -35
         41
        -34
          8
        -20
          2
          0
          1
         81
         35
        -28
         17
        -15
         23
        -39
         -4
        -17
         33
         -3
        -59
         26
         -4
         24
          0
          2
        -14
         -6
         51
          3
        -10
         -2
          5
         27
        -77
         43
          2
         53
          1
          0
          7
         26
         -3
         -5
         -4
         -3
         27
         69
         -7
         -2
         64
         -1
         23
        -26
         -4
        -43
          0
         -3
         36
          0
        -10
        -19
         10
         11
        -28
          9
        -14
        -33
         39
         59
          0
        -32
         -3
        -51
        -33
        -34
        -17
         18
         20
          6
          5
        -47
         37
          8
         22
         36
         -9
        -29
         -1
         -7
         38
          3
         73
         -1
         15
         -1
         44
         -7
         17
        -31
         16
         -6
          2
         24
          5
         13
        -65
         18
         18
          5
        -13
        -33
         22
        -54
        -44
          2
         14
         -2
          1
        -44
          0
          4
         -8
         -2
        -23
        -23
        -16
        -31
         55
         -3
         20
        -14
        -31
         20
         -1
          0
        -16
         47
        -40
         -4
         13
        -11
        -11
          4
        -13
        -34
          9
         -7
         -6
          1
          0
        -55
         -1
         -7
         -2
          0
        -21
          3
        -30
        -58
         -3
          6
         30
        -37
          7
        -16
          0
        -33
         -4
        -39
        -40
          3
        -19
         -7
        -18
         12
          3
        -53
         -1
        -17
         16
        -52
         -7
        -26
          0
         -5
         -9
          3
        -14
         14
        -85
         -9
         17
        -39
         25
         -5
        -11
        -18
         -1
         -8
         -6
         -6
        -18
        -15
        -11
        -13
         -7
        -60
        -20
         10
        -31
          3
         19
          0
          3
        -18
         -1
         -4
        -21
         -4
        -60
          4
        -44
        -17
         10
          7
         32
         -2
        -27
          0
         -3
        -32
         -6
         19
         10
         -6
          9
          5
          6
         26
          5
         -7
        -55
        -15
         -8
        -66
          2
        -37
         -1
          3
         11
          6
        -72
         -2
        -48
        -26
        -16
        -19
        -50
         -8
        -27
        -74
         -3
        -27
         -9
        -33
         -4
         10
        -15
          7
          4
         15
        -27
         50
        -33
        -17
        -69
        -17
        -15
         40
          0
         -9
         -6
         -1
        -37
          4
         22
         17
         18
        -48
         24
        -30
         39
         47
          0
        -12
         16
         12
          5
        -13
         -2
        -11
         14
        -37
         -8
          0
         64
          6
         -3
         73
          6
         -3
         -1
        -12
        -23
         -6
         46
        -31
         45
         30
        -13
         33
        -14
         -4
         21
        -17
          0
        -22
          1
          9
          1
          4
         -4
        -10
         10
          1
          7
        -51
        -50
         -2
         -8
        -37
         -9
          2
         -1
          2
        -17
          1
        -86
        -22
        -41
         -8
        -42
          9
         11
        -30
         -5
         41
          0
         15
        -11
         28
        -21
        -49
         20
         -1
          0
        -55
        -16
          1
         86
          3
         32
         43
         -1
        -28
          0
         -1
         11
          2
         19
          6
         25
        -14
        -26
         -5
        -24
        -33
         -3
         -9
         -1
        -40
          0
        -28
        -28
         12
        -24
         17
         -3
         29
         14
         -3
       -122
         -4
          9
        -53
         -5
         -7
          0
          5
        -11
          4
        -31
          7
        -43
          5
         13
        -33
         39
        -32
        -40
        -62
         -3
        -66
          6
        -29
         -1
         -8
         -4
         23
        -32
        -22
         -7
         28
        -11
        -17
        -39
         31
          6
          6
          0
          2
         -9
          0
        -14
         -3
         -1
          3
         22
          1
        -13
        -47
         -7
        -51
         -2
        -16
          1
        -59
         20
         11
         -8
         -4
        -11
        -27
          6
        -23
         21
         -8
        -17
         30
          1
         -2
          0
         -2
         10
          0
        -27
         10
         47
         21
          2
        -30
         20
         -6
         10
        -17
          1
        -24
         10
         26
         13
         -7
         -1
         -8
         32
         -1
         15
         10
        -33
         -5
         10
         -7
         -3
         20
          0
          7
        -18
         -2
        -37
          2
          9
         -2
        -30
        -13
         -1
        -11
        -24
          0
         -1
         36
         -9
         -4
          4
        -35
         -8
         29
        -24
        -15
        -14
         -8
         -1
         -1
         -8
         33
         -5
        -46
          0
         -4
         29
          0
        -34
         -7
         -8
          4
        -15
          9
        -52
          7
         -6
          9
         -2
        -43
         10
        -43
         24
          1
        -34
         13
        -36
          6
         15
         10
        -41
         -8
          7
         47
          2
         11
         -1
         -5
          9
          4
        -57
         11
         79
        -24
         -9
         29
          7
        -10
         -5
          1
         -3
         67
        -15
       -112
         -3
         -7
        -20
         11
        -52
        -53
         -9
        -57
          0
         -2
        -51
         42
         -5
        -29
         -1
        -16
          7
          7
        -39
         18
          8
        -15
         42
         -5
        -42
        -29
        -19
         -1
         -1
        -31
         -4
         -1
         -2
          5
         21
        -30
         -1
        -14
         -3
         -5
        -59
         -5
        -54
        -50
         -3
         20
         -1
          0
         12
         -4
         11
         13
          8
        -27
        -15
        -19
        -39
         22
         21
         25
         -1
         -1
         -8
         25
        -49
         -5
        -20
          8
         16
          9
        -11
         20
          7
          5
         10
        -11
         -5
        -27
         -1
         -9
         -7
         -1
         33
        -15
        -19
         -5
          6
        -14
         51
        -38
          6
         39
          0
        -35
          5
         87
        -72
          7
         16
         -1
         61
         40
         10
        -36
         14
         -3
         35
        -21
         -3
         -9
         -1
          1
          7
          0
        -11
        -22
        -40
        -51
         11
        -23
         11
         11
        -16
        -30
          0
        -50
         -3
        -28
        -32
         19
        -10
        -14
        -31
         -2
        -26
        -22
          9
         -8
          2
        -65
         -7
        -31
          0
        -14
        -23
         -6
        -39
        -22
        -75
         19
        -15
        -39
         20
         22
         24
        -23
          0
        -59
          2
         -4
          7
         -9
        -32
        -13
         18
        -62
        -10
         28
         30
         14
         48
        -12
          5
         17
         -1
         -5
        -15
         -6
        -60
         -4
        -27
          9
        -78
          6
         77
          7
         -4
         57
          0
         22
         -5
         66
         10
        -50
        -10
         29
        -25
         27
         18
        -47
          7
          1
         70
         34
          4
        -38
         -1
          4
         27
          4
        -12
        -12
        -71
        -31
         65
          0
          0
         41
        -53
        -19
         -4
         39
        -10
        -69
         35
         22
          9
          0
        -63
         -2
        -25
        -30
        -48
        -15
         -8
        -76
          1
        -80
          0
        -11
          7
          1
       -119
          4
        -52
         -1
        -35
         -8
        -41
        -28
         -4
        -35
          0
        -48
         -5
        -39
        -41
        -17
        -10
         14
        -15
        -39
         -8
         25
        -12
         -5
        -13
          6
        -10
         55
          0
         -1
         10
          0
         18
         20
         54
          3
         11
          9
        -17
         12
        -12
         26
         -2
          2
         -4
        -31
        -54
         26
         28
        -20
         -9
         34
        -18
        -24
         17
         10
        -34
         -5
         -2
        -35
         -1
        -11
        -24
         -1
        -32
        -22
          7
          0
         -1
        -10
        -10
         -7
          6
        -71
         -3
        -70
          4
        -43
         -6
         23
         -4
        -18
         68
        -12
         -7
         44
        -82
         -4
          2
        -78
         -5
         53
         -1
          9
        -26
         -1
        -15
         17
        -25
         -6
         -6
        -21
        -28
         47
        -25
        -30
          0
         66
        -11
         45
         -1
          4
          8
        -18
         34
        -46
        -30
         83
         -4
         12
         -2
         -1
          4
         48
         -1
          2
         -8
         -5
        -12
        -11
         61
         28
        -24
        -14
         16
        -31
         13
         30
          0
          3
          2
         29
         18
         -6
          6
         -5
        -18
         39
         16
        -27
          1
          6
        -31
         16
          4
         31
         -1
          1
         -4
         -2
         53
         -1
          6
        -18
        -24
         -5
         15
         20
         21
          7
          0
         -2
          5
          7
          3
         10
        -15
          4
        -26
         -7
         11
          1
        -33
          0
          6
        -20
          1
         10
          0
         -5
        -21
          1
        -28
         -2
        -23
        -10
        -19
         -4
         -6
         41
        -33
         14
         -3
         19
        -10
          7
         12
        -14
        -15
         -3
          2
        -15
        -26
          2
        -45
          2
        -10
          6
         -6
          8
         -1
        -10
          8
         -2
        -38
         -3
        -21
        -25
        -31
         38
        -30
         49
         17
         13
          0
          9
          5
        -28
         13
          7
        -11
         -1
        -68
        -34
          9
        -22
         23
         -3
         15
        -26
          2
         -2
         -1
         -5
         -9
          1
          5
         -7
         -4
         -2
        -18
          5
        -10
         -3
         -4
         40
          0
         39
        -12
         16
        -29
        -24
         -3
          0
         18
        -36
         -4
        -44
        -43
         12
        -12
         33
        -13
          3
         -1
         -2
          7
         -1
         64
         13
        -18
        -17
        -13
         16
        -12
         31
          5
         38
         -1
        -58
          4
         64
          1
        -15
        -11
         11
        -18
         60
          7
          5
         14
         -4
         42
        -45
          3
        -45
         -1
          3
         17
          3
        -21
          8
       -107
        -34
        -51
         26
        -25
         -3
        -19
         37
         -4
        -22
        -10
        -86
        -45
        -18
        -19
          9
         26
         17
        -19
         -8
        -15
         -4
         45
        -53
         -8
        -29
         -1
         -5
         36
          6
        -19
          7
        -37
         -7
         18
        -40
         16
          7
         -9
         -5
         -2
        -68
         -7
         31
          5
         -1
          3
          7
          7
        -18
        -13
         31
        -89
          4
         20
        -16
          0
         14
         -1
         -4
          5
         -3
         13
          0
         -5
        -14
         29
        -26
         65
        -30
        -12
         -7
         -1
         10
         -1
         27
         -4
         -5
          8
         -8
         19
        -22
        -17
        -43
        -90
        -12
          3
         -9
         -4
         -9
          0
         -3
        -23
          0
        -55
         -6
        -36
        -39
          6
         10
        -12
        -35
        -26
        -47
         -1
         36
        -16
        -20
         -5
          1
          5
        -31
        -63
        -77
        -27
        -40
        -45
        -11
        -55
        -41
         -3
          4
          0
        -11
        -20
         -6
        -75
        -16
        -20
        -37
         38
        -16
          2
         24
          9
         23
          0
         11
         -7
         52
          7
         10
          4
        -38
         -5
        -34
         -4
         -7
         -8
         -5
        -64
         -3
         -3
          0
         -1
        -15
        -57
         -3
         11
        -16
         18
         19
        -71
         15
        -34
         -2
          9
         12
          1
        -35
         -7
         35
         -1
        -39
        -22
         -9
         59
          1
        -21
         -5
         18
          7
         76
        -32
        -10
         36
         -1
          6
         26
         -1
         -2
         21
        -26
        -23
        -50
         13
         52
         -5
          7
         35
          0
         14
          4
         24
        -44
         -3
         15
         14
        -37
         36
         17
        -24
         10
         -5
         -5
        -11
          3
        -47
          0
          0
        -27
          5
        -15
        -32
        -62
         -5
         23
        -18
        -22
         11
        -25
        -18
         -3
        -21
         -4
        -20
        -44
         10
         -9
         17
        -27
        -43
        -19
          2
          6
         -1
         41
         -1
          1
        -25
         -1
         -5
          6
         -3
        -11
          1
        -33
          4
        -30
         19
          9
        -19
         -4
        -17
          0
        -46
         -3
        -65
         -9
         -1
        -10
        -22
        -14
         25
         -5
        -24
         -5
          0
         19
        -56
         -1
         21
         -1
          4
        -12
          0
        -22
         16
        -55
        -10
        -31
         -9
         27
         27
        -16
        -38
         -2
         -8
         -5
        -27
          5
         -5
         16
         -3
        -38
        -26
         -5
         23
        -11
          4
        -18
        -11
          1
         -3
         -1
          1
        -19
         -3
        -13
          4
        -43
        -20
         -1
         -7
        -35
         51
        -18
         18
         -2
         29
          0
         15
          9
          5
         -4
          1
         -6
         -8
        -10
         25
        -72
          1
         19
        -24
          0
         -8
         -1
          0
         -6
         -2
         15
         -2
        -29
          1
         14
          9
         -8
        -23
        -13
         -2
          0
        -36
         10
        -47
         -9
         -2
         12
        -15
         25
          4
        -12
        -18
        -17
        -12
         23
        -44
         -6
        -10
          0
          5
         -5
         -2
         -5
         -7
        -16
         -8
          3
        -12
         -1
          1
         16
        -22
         -1
        -27
        -11
         31
        -11
        -17
         -1
         13
        -12
        -42
        -11
         12
          2
          4
        -27
         18
         -7
        -26
          0
         -6
        -10
          0
         -5
        -10
        -30
          6
          8
          3
         11
        -77
         14
         34
          2
        -15
         14
         -7
        -43
        -12
         15
         -3
          9
         -6
         16
        -49
          2
         -8
          4
        -11
          0
        -23
          0
          8
         -3
         -1
         41
        -17
        -16
        -20
         27
        -19
        -21
        -28
        -22
        -43
         -1
        -86
         -7
         22
        -22
         -6
         -7
         11
          1
         -4
          0
        -13
        -56
        -11
        -50
          4
        -13
        -37
          0
         -3
         -1
         -1
         -9
         -9
        -24
        -22
         -2
         11
        -19
        -66
         14
         -4
          0
        -79
         11
        -40
        -32
         -3
         -7
        -11
         -7
        -13
          2
        -27
         83
        -13
         12
        -13
          2
        -30
          0
         -2
         -4
          1
          6
         -8
         13
          5
        -17
          4
          4
        -24
         16
         -5
         -2
        -48
        -11
          2
        -36
          4
        -15
         -6
         37
         20
         -3
          2
         18
          7
          6
         16
         -5
         12
         -1
         -5
        -10
          3
        -17
          3
         -9
        -15
         12
          2
         54
         18
         -1
         10
          0
         10
          2
        -36
          5
          3
         19
        -27
        -20
          6
        -18
        -15
         42
         -2
         29
        -43
          6
        -14
         -1
         -3
        -22
         -1
        -17
          0
        -61
          9
         31
         -8
         21
         39
         11
          1
          1
         81
        -11
         -8
        -13
         -5
         18
          5
        -22
        -51
        -14
        -13
        -38
         14
          8
        -23
         -2
        -18
          0
          0
          2
         -5
         18
         -1
        -73
         -2
         19
          4
        -14
         38
        -12
         59
          1
         28
         -9
         90
        -23
        -15
         32
        -13
         -3
         45
        -10
         -9
        -23
          4
         -3
        -41
         -4
        -34
         -1
          0
         12
         -4
         -4
        -14
        -72
        -24
        -22
         -3
        -17
         35
         19
         51
         -1
         17
         -3
         -6
        -38
        -18
        -21
         26
         32
         -2
         -6
          9
        -11
          6
         82
        -23
         -7
        -48
          0
         -3
         28
          3
          0
          8
        -34
         -4
        -20
         17
          4
          3
         -7
          3
         -1
        -26
         -1
         25
        -62
         13
          2
         18
        -44
         44
          3
        -16
        -43
         -8
        -24
        -39
         -1
        -15
         -1
         -3
        -19
          1
        -42
        -39
        -74
         -7
         39
        -25
          7
         -7
        -24
        -42
         -2
        -29
         -1
        -68
          3
          3
          1
        -21
         31
        -83
        -21
         -4
          3
         -4
         17
          6
         -4
         -4
         -1
         -3
        -11
         -4
        -13
         11
         45
        -18
         -6
          2
          5
        -58
        -14
        -10
          0
        -74
        -12
         62
         -4
        -10
         24
        -17
          2
         13
         -1
        -31
        -34
         -5
        -12
        -74
         -1
         -7
         -1
          5
          8
         -3
         31
        -13
        -30
        -25
          0
        -22
          3
        -11
          2
        -55
          0
        -19
          6
         17
        -53
         38
         -4
        -11
         10
         11
          0
         19
          4
        -11
        -21
          5
         -5
         32
          0
         -3
        -63
         -1
        -17
        -10
         23
          9
         35
        -18
         66
        -48
         -2
        -20
          0
        -33
         11
         -4
        -28
          3
         21
        -17
         11
        -19
        -11
        -36
         58
         -7
        -27
          7
          3
        -17
          0
          1
        -41
         -2
          2
         -9
        -55
          0
          1
          6
        -20
        -42
         -5
        -27
          0
        -66
          0
        -21
         -8
        -20
         -1
         -5
          9
        -12
         -2
        -19
          6
         -4
         25
        -41
         -2
        -20
          0
         10
         26
         -3
         30
          1
        -55
          3
          6
         -8
          5
         -4
         16
        -41
         -1
         17
         -4
        -20
        -15
         11
        -18
         18
         -5
          4
          0
          8
        -33
         -1
        -10
          4
         -2
         11
          0
         -1
        -11
          2
        -25
         10
        -12
         13
         37
        -35
         61
        -90
        -11
        -10
          0
         34
          4
          3
        -39
        -13
         23
         -5
         -9
        -36
         10
        -39
         16
         -9
        -39
         40
          9
        -28
          0
          4
         -7
         -3
        -15
        -14
         -8
        -29
         26
        -12
        -65
          4
        -37
        -39
         -1
        -25
        -11
        -19
         19
         14
        -20
        -13
        -14
          6
         -6
         11
        -43
         -8
         -8
        -31
         -4
        -17
          0
         -6
         18
         -3
        -64
          7
         36
         -6
         -7
        -44
         46
        -41
         18
        -19
         -1
        -43
          5
        -18
          9
        -13
        -27
          9
          5
          0
          9
          8
         12
        -13
        -37
         27
          1
         -5
          0
         -6
        -31
          4
        -29
          4
         14
         10
        -23
          9
        -36
        -24
        -37
        -17
         -1
         26
         -8
        -49
        -24
         -2
         -4
          0
        -23
        -24
        -17
        -29
         39
          2
         33
         10
          3
          3
         -1
         -5
         50
         -4
        -48
        -14
         59
        -13
         38
        -43
         75
        -42
         29
         -9
          0
         -8
          2
         15
         -6
         29
          7
        -10
        -50
         -7
         33
        -42
          3
         -4
        -50
         26
          8
        -29
         -1
        -10
        -65
         -1
         -2
        -14
         -3
        -21
         21
         10
         11
         31
        -49
        -23
          0
          4
          0
         19
        -35
         12
         12
        -13
          5
          0
        -24
        -28
         19
        -13
         55
        -23
         -6
          3
          0
          2
         -4
         -2
        -36
          7
        -15
        -42
         16
          3
         54
        -35
         -2
          3
          0
        -46
         -4
        -15
        -13
         -4
         20
        -12
          4
         -6
         -5
        -44
         -2
         -2
        -31
        -33
        -10
        -25
          0
         -4
         -5
          3
          9
         29
        -63
        -26
         24
        -16
          4
         31
         17
         40
         -1
        -44
         11
         57
        -47
         -7
        -17
         37
         10
         14
          1
         37
        -13
         -2
         55
          4
          3
        -33
         -1
          0
         18
          2
         45
         -3
        -80
         -4
          1
         15
         29
        -68
         14
         19
         -2
        -36
         -4
         -4
        -53
         -4
         -7
          6
         23
         14
          7
        -49
          4
         -5
          7
        -47
         -1
        -42
         -1
         -2
         21
          3
        -45
        -18
        -99
        -38
         20
        -47
          7
          6
        -17
        -17
          1
        -57
         -2
          8
          1
         -9
        -19
         -5
         -5
        -52
         -5
         25
         -7
         -8
         49
         -8
          1
        -16
          0
         -5
         -3
         -5
          7
        -13
         25
         -7
        -27
          1
         16
         -3
         -8
        -16
          1
        -11
        -15
        -11
         11
         -2
        -16
        -13
        -54
         -8
        -11
        -65
          2
          5
        -11
        -19
         -5
         -8
          0
        -13
         -7
         -3
        -66
         -7
        -29
         -1
         -7
         -7
         27
         45
         -8
          3
         -2
         -6
         -3
        -26
         18
          3
          0
        -24
        -12
          2
        -17
         11
         52
          3
         22
        -32
          7
         -9
         -1
         -9
        -13
         -1
        -82
          6
        -21
         -3
        -28
          7
         14
         15
        -19
         -3
         -2
          1
          0
        -20
        -21
         -3
         20
         12
         13
         -2
         -2
         -9
        -75
         -6
         32
        -47
         -5
          1
         -1
          9
          0
          2
         18
         -2
         -8
         -6
         43
        -31
        -48
         -5
        -55
        -74
         -2
         13
        -14
         -6
        -22
         17
         15
        -11
         12
        -58
        -35
         24
       -104
          1
        -31
        -20
         -6
         19
          0
          1
         -8
         -6
        -43
          9
         49
        -14
         -3
        -19
         11
        -59
          2
        -20
         -1
        -15
         -2
          5
        -17
          2
         -9
        -14
         -9
         21
          4
         -5
          3
         -7
        -66
         10
          3
         26
         -1
         -4
        -19
          0
         -5
          6
          2
         -7
        -25
          4
          4
        -27
         -8
         -9
          0
         22
         -3
        -43
        -19
         -6
         13
        -13
        -13
        -31
          5
        -28
        -21
         -1
        -25
        -23
         -3
         -2
          0
          3
        -11
         -2
          1
         -3
        -13
        -26
          7
        -32
        -64
         51
        -34
         -2
         -1
          3
        -17
         20
         28
         -6
        -16
        -10
        -11
         -8
        -26
         34
        -61
          9
        -13
        -24
         -4
          0
         -1
         -9
         21
         -8
         17
          0
         -7
         17
        -43
          7
          6
         29
         34
         27
         -1
        -51
         12
         29
         32
         -4
        -19
         -2
          9
         68
         12
         10
          5
         -4
          5
        -21
          1
         23
         -1
         -2
        -18
          3
        -26
         -6
        -28
         17
        -43
         20
        -46
         42
        -19
        -26
         -3
         66
         -8
        -71
        -11
          2
          0
         -3
         48
        -49
        -33
         41
          9
         10
         28
        -19
         -6
         22
          0
         -1
         16
          1
        -90
          1
         58
         23
        -18
        -11
          0
         16
         12
         25
         -1
         10
         -4
         54
         25
         -3
         14
          6
        -31
         52
          1
         32
        -20
          5
        -65
         19
          2
         31
         -1
         -3
        -21
         -2
         64
        -20
         -6
         16
         15
        -21
        -31
         -6
        -14
          3
         -1
         20
          1
        -41
          5
         -1
         14
        -27
         54
        -46
        -27
        -15
        -10
          7
         44
        -35
         -3
          4
         -1
          0
         21
         -8
         -3
         -7
         39
          3
          4
          2
          4
         12
          9
         -2
          1
        -46
          3
        103
        -32
         15
         33
          5
         -1
         36
         14
          5
        -48
         -5
        -27
        -22
         -5
          8
          0
          5
        -40
          2
         12
        -25
         14
         25
         19
         -9
         26
        -77
         -7
        -40
         -2
        -11
          5
        -32
        -62
         -7
         12
          8
         60
          1
        -24
        -25
         18
        -12
        -22
         35
        -11
        -15
          0
          5
        -23
          3
        -18
         12
        -29
        -44
         37
          3
        -12
        -68
        -20
          2
          1
        -15
         -3
        -34
        -24
        -10
         10
        -19
         -3
        -46
         -6
        -26
         -7
         -5
         15
        -13
          3
        -24
          0
          2
         38
         -4
         38
         -5
         14
         -3
         66
        -38
          0
        -26
         12
        -14
         -1
        -60
        -12
         13
         52
          5
        -12
        -31
         10
         -4
         -2
          3
       -104
          2
        -63
        -22
          0
          5
         -1
         -9
        -24
         -3
        -22
         14
          4
        -16
        -19
          7
         19
          9
         -2
        -21
         -1
         47
         -6
         24
          5
         -8
         -2
        -12
         28
          8
        -15
         12
         18
        -13
         -4
        -26
         -1
         18
          0
         -3
         -1
          1
        -66
        -13
          4
         -4
         -6
         -6
        -10
         -8
          0
         16
          0
         52
         -3
         28
         -7
          0
         21
        -23
        -14
        -28
        -11
        -22
        -14
         -2
        -43
         47
         -8
         17
          0
        -10
        -40
         -3
        -12
        -15
         64
         -3
         -8
         29
        -19
         17
         18
         22
         -2
         12
         -3
         17
        -37
         15
         13
        -14
         -4
         -6
        -17
         -9
         34
          4
          3
        -42
         -2
        -14
         -1
         -6
        -34
          2
        -45
         -8
        -38
         -8
        -63
         12
        -14
         14
         -1
         24
          0
          8
        -12
        -16
        -57
        -17
        -15
         -2
         33
         -9
        -18
         18
         11
         13
         57
        -25
         -5
         36
         -1
          2
         14
          0
         41
          8
        -38
         30
          9
        -17
         43
         32
          6
        -26
          0
        -34
         10
          5
         23
         16
         20
          0
        -29
         34
         12
         20
        -43
          4
        -19
        -50
          7
         -4
         -1
          9
        -37
         -3
        -12
         -8
        -88
          5
        -24
          3
        -34
         41
        -31
        -23
         -2
         27
         -3
        -14
         -6
        -16
          2
         19
          4
        -21
        -17
         33
         11
         -1
         32
          1
         -2
        -12
          0
          6
         27
         -2
         10
         -6
         -9
        -10
         -1
        -26
          5
        -10
        -10
         -6
         -1
        -59
          0
         11
        -10
          1
        -15
         -7
         14
         15
         -3
         -7
        -36
         -2
         -4
        -12
         -6
          0
         -1
         -2
        -16
         -3
          0
          4
        -39
        -24
        -29
         -2
         29
         14
         -5
          0
         -2
        -75
          3
         26
          7
        -15
        -13
          6
          5
         32
        -10
          6
         28
        -10
         23
        -29
         -2
        -24
         -1
         -5
          6
          3
        -52
         -2
        -84
         -5
        -23
         30
        -33
         36
          6
         20
         -1
          0
          6
        -71
        -29
          9
         -4
          7
         -2
        -31
        -14
         19
         29
          4
         59
        -23
         -1
          4
          0
         -3
          5
          4
        -30
          3
         29
         35
        -57
          1
         12
        -35
         16
        -11
         -1
        -11
        -12
        -20
        -30
        -18
         -4
         15
        -31
        -15
          1
         -9
        -49
         16
        -34
         17
         -4
         31
         -1
          2
        -12
         -2
         35
          1
        -63
        -14
         43
        -15
         17
         67
        -27
         17
         -1
         24
          7
         32
         12
         13
         17
         -6
          7
        -13
          1
         35
          0
          0
         59
        -10
         11
        -35
         -1
          5
          0
         -1
        -36
          1
         -3
         12
        -47
         17
         -6
        -22
          6
         -9
         -3
         -7
        -16
        -24
          1
        -24
        -21
         29
        -37
         58
        -11
        -12
        -18
         -4
        -21
        -48
         -5
        -13
         -1
          0
         15
          4
         -2
         12
       -127
          7
        -11
        -30
        -14
        -18
        -14
        -13
          0
          7
         12
        -59
        -51
         -4
          8
         -3
        -15
        -62
          2
         23
         31
         -1
         55
         15
          9
         -8
          0
          6
         -4
         -5
        -18
        -18
         58
         12
         21
        -12
        -20
         -3
        -32
        -48
         -1
          3
        -16
        -53
         -4
         16
          0
          6
        -53
        -13
         -1
        -34
        -94
          5
        -52
        -17
         -3
        -29
         -1
         -2
        -17
         -2
        -29
         -2
         -4
         -2
         35
        -16
         28
         -7
        -19
        -41
         -1
          2
          0
         -2
         24
         -4
          2
         -3
        -13
         39
         -4
          1
         36
        -15
        -46
         22
          2
          5
         -1
          0
          5
         -2
          9
         15
        -27
          2
         -6
          7
        -42
         14
         35
          6
          0
         96
         -1
        -67
          2
         -1
        -18
        -17
        -30
        -26
         -5
         -6
         69
          9
         13
         17
          4
        -23
          0
         -8
         -1
         -3
        -46
          2
         -5
         16
        -25
          9
          9
         43
         27
         85
          1
         91
         -7
         34
         -5
        -25
         -2
          5
        -31
         10
         17
         -9
        -14
         14
          5
         24
          4
        -23
         -1
         -2
         -3
          0
         14
        -14
        -39
         -9
         -5
         26
          6
         53
         -9
         64
          0
         77
         -6
         16
        -10
        -26
          5
         36
        -72
          1
          8
        -65
         -7
         -1
         55
          8
         -2
        -78
          0
          0
         36
          0
         47
         -9
        -77
        -19
          3
         29
        -47
        -24
        -26
         12
         -1
        -15
        -12
        -39
        -32
         -9
          5
        -13
        -46
        -27
         -5
        -70
        -59
         -4
         32
        -60
         -5
        -53
         -1
          2
         11
         -3
         -7
          2
        -38
        -66
         -5
         17
         15
         13
        -26
        -21
         -2
        -27
        -15
         19
        -14
          5
         -5
        -13
        -17
         11
         -2
        -21
        -88
        -15
        -34
        -21
        -11
         -3
         -1
         -4
        -37
          3
         18
          8
        -37
        -38
         25
          1
         -4
          0
        -11
        -41
         -1
         -4
         -2
          6
        -11
         22
          8
        -31
         29
        -68
        -21
         28
         14
         -2
         10
        -51
          1
         26
          0
          0
        -22
          0
        -54
         29
          3
        -14
        -45
         -3
          8
         -8
         -3
         38
          0
        -30
         -5
         40
        -23
        -19
        -18
          9
         25
         45
         -1
         26
        -32
          2
         -3
         -9
         -1
         38
         -1
          3
          5
          2
         77
          5
        -38
        -23
         10
        -12
         -6
        -11
         -1
        -34
         -2
        -41
         -5
         29
        -15
         14
          0
         -7
         14
         -7
         -8
          9
        -33
         -8
        -20
        -38
         -4
         -8
         -1
         -4
        -25
          1
        -60
         -5
        -16
         -4
        -19
         -7
         27
        -41
          1
         28
          0
         -1
          0
         21
        -46
        -16
          0
          3
         23
         -4
        -13
         -5
         42
         -3
         38
         29
          0
         16
          0
         -1
         -1
          1
         32
         -2
          9
         -7
          6
         14
         19
        -31
        -15
        -25
         -1
        -57
          2
        -29
        -35
         27
         25
        -19
        -23
        -11
          2
        -41
        -30
         -2
          4
        -45
         -1
          2
         -1
          1
        -25
          0
        -45
          0
        -10
        -50
         37
        -14
         33
         21
        -27
        -27
         -2
        -17
         -8
         -2
        -19
         19
         15
        -10
          8
        -23
        -21
         14
        -32
         -3
        -29
        -29
         -5
          0
          0
         -5
        -23
         -1
         31
         11
        -35
          0
         13
        -16
          2
        -24
         14
        -20
          1
        -49
         10
         24
         -5
         -2
         -8
         -8
          7
        -27
          1
         -1
        -24
         -1
         21
        -31
          4
         25
         -1
          8
         -7
         -6
         57
         -1
        -51
        -11
        -13
          6
        -11
         -9
        -24
         -3
         -1
        -29
        -10
         36
        -15
         -7
          5
        -25
         33
         -2
         -5
        -10
        -12
         -1
          3
        -28
         -2
        -11
         -1
          2
         -1
          0
        -52
         -6
          1
        -37
        -37
         11
        -25
          0
        -14
        -26
         -1
        -17
         -7
        -62
         17
          2
        -15
        -12
        -43
         17
        -12
        -10
        -22
        -10
        -28
        -47
         -4
         12
         -1
         -5
        -16
         -2
         32
          1
        -19
         15
          3
        -45
          1
        -16
         13
        -56
         -1
         -4
          2
         27
         -4
         17
         -1
        -17
         32
        -64
          3
         41
         -9
          9
        -29
          6
          3
         45
          0
          1
        -30
         -7
        -29
         -4
         26
         -4
        -21
        -19
         15
         23
         -8
         40
          2
         27
          9
         55
         11
        -25
        -23
         17
        -18
         25
         11
        -11
          9
         -5
         21
         49
          3
        -14
          0
          2
         -1
         -1
         48
        -16
        -13
          0
          0
         39
         -2
        -50
        -15
          3
         -1
        -57
          3
        -43
          4
         -8
         15
          6
        -54
         23
         12
       -102
         35
        -13
        -34
        -21
         -7
        -52
          0
         -3
         34
          1
        -13
          1
        -47
        -30
         46
        -10
        -49
          8
         13
        -27
         -1
        -53
         10
        -61
         -4
         10
        -19
          0
         30
        -13
         -3
         31
        -34
        -11
        -31
         -5
        -11
        -22
          0
         -3
        -22
          0
         28
          6
         14
         -2
         22
         17
        -39
        -34
          3
         19
          1
        -45
         -2
         23
        -21
        -24
         11
         -7
         55
        -23
         -8
        -17
         -1
          0
        -28
          3
        -10
          1
          0
          1
         36
          0
         46
         -8
         38
         10
         15
         29
        -75
        -18
         38
          0
          0
        -43
         -1
        -16
        -35
         21
          9
        -22
         28
         50
         -2
         10
         48
          4
        -54
        -41
         -6
         -2
         -1
         -5
        -11
          1
        -13
        -10
         23
         17
          5
        -11
          5
          0
         39
         21
          2
         34
         10
        -20
        -72
         -6
          5
          2
         73
         -6
          1
         15
         39
          7
         15
         57
         -7
         13
         -1
          4
        -20
          1
         78
         -8
         40
         43
          5
          9
          5
        -98
         12
        -15
          0
        -34
         -1
         47
        -60
         -3
         52
        -10
         -6
         12
         11
        -47
         13
          7
        -20
        -50
          4
        -41
          0
         14
          2
         -5
        -11
        -26
        -86
        -55
          0
        -32
        -29
         32
        -22
        -19
         -1
        -11
         -2
         -3
        -19
         11
        -32
        -10
         29
         20
         -6
         58
        -57
        -12
         21
         -2
         -5
        -10
         -1
         -2
        -37
         -2
          6
        -10
          7
         22
        -26
         -6
         20
        -24
         12
         21
         -1
        -47
          4
        -12
        -38
         -2
         15
         -1
         30
         30
         -1
         11
         29
          4
         38
        -54
          3
         -3
         -1
          5
         -1
          1
        -15
          2
        -37
        -30
        -22
        -27
          2
         33
        -36
        -10
         -1
          2
        -11
         -6
        -55
          7
          1
         15
        -12
          2
        -22
          8
        -41
          4
         43
        -26
         -4
        -16
         -1
         -5
         11
         -5
         21
        -28
        -32
         13
         66
        -35
         64
        -13
          6
        -39
          1
        -35
         13
          6
          4
         32
         22
        -20
        -43
        -35
          5
        -44
        -34
         -4
        -13
        -23
          8
         -6
          0
          0
        -60
         -7
        -14
        -15
        -42
        -20
         -3
          4
         29
        -16
        -33
        -12
          0
          8
        -16
         49
        -29
        -27
          9
        -10
         26
        -37
        -19
        -36
         12
         -3
         37
         -6
         -6
        -23
          0
          3
         18
         -1
        -28
         10
        -46
        -58
         17
         12
        -16
          6
        -22
          5
          0
        -24
         -5
        -29
         10
         16
          4
        -29
        -23
         36
        -10
        -10
        -43
        -11
        -23
        -94
         -3
        -19
         -1
         -5
        -12
          1
        -27
          9
        -36
         11
        -27
        -23
         -1
         13
         25
        -25
         -1
         -9
         -1
        -17
        -19
        -10
        -29
         22
        -13
        -40
         -7
         34
         -3
          7
          1
         32
          0
         32
         -1
         -4
        -10
         -3
         44
         -1
        -16
         17
         23
          8
         27
         16
         -3
         20
          1
         71
          4
         37
          2
          5
         12
        -16
         10
         -8
         12
        -36
         -2
          3
         18
         22
          6
        -17
         -1
          4
         -9
         -1
        -46
        -15
         -6
        -11
        -30
         21
        -15
        -33
        -22
         -7
         -2
        -27
        -14
         -7
         41
        -26
          9
        -12
        -29
         19
         -8
        -16
        -16
         -9
        -27
        -57
         -4
        -12
          0
          2
         13
          0
          2
         16
        -45
        -54
        -16
        -20
        -73
         56
        -34
        -24
         -1
        -12
          0
        -40
         19
          6
        -28
        -13
         20
        -32
        -18
         48
       -118
         -9
        -10
         -6
        -13
         35
         -1
         -6
        -19
         -2
          3
          2
         90
         23
          0
         13
         -8
        -11
          5
         22
         -1
         -8
         -4
         24
         24
        -20
          4
          3
         -3
        -47
        -13
        -28
        -19
         10
        -30
         53
         -2
         28
         -1
         -5
         14
          3
          6
         21
         53
         -9
        -15
         28
        -26
        -34
         10
         14
         -1
         59
         -4
        -39
        -37
         -1
        -19
          5
         32
         -4
         10
        -11
        -35
          1
          1
          8
         -2
         13
         -1
          3
         27
          7
        -44
         31
         18
        -17
         -5
        -24
         -8
         -9
         -8
          4
         -2
         16
         -6
          6
        -35
         -6
        -19
         21
        -36
          6
          9
         40
        -18
         -4
        -41
         39
          4
         -8
         -1
         -5
         -2
          4
        -41
         15
         -7
         -2
        -51
          8
        -30
        -16
        -14
         19
         -3
        -24
          3
        -78
        -50
         -3
        -27
         24
        -32
         13
          6
         -2
         26
         -3
         54
          7
          4
        -16
         -1
         -2
         27
          5
        -46
         16
          5
        -46
          8
        -19
         22
         11
        -35
        -30
         -2
        -16
         -3
        -78
        -43
         27
        -13
         20
        -35
        -25
          8
        -13
        -80
         -5
        -14
         -4
         -5
        -15
         -1
         -6
         -7
          3
        -30
         13
         -5
        -15
         25
        -21
        -28
         -1
        -48
        -26
         -3
        -81
        -11
        -47
         14
          1
         -4
        -18
        -45
        -18
        -35
         -3
        -16
          2
         -9
        -53
          5
          4
         -1
         -9
         29
         -8
         -5
         15
        -35
        -35
        -10
        -21
         27
         22
         23
        -16
         -2
        -24
          2
          5
        -19
         21
        -21
        -10
         36
          7
         15
          6
        -44
         -4
         13
        -37
         -2
          8
         -1
         -4
        -29
          2
        -37
         -2
        -25
         -2
        -11
         12
        -27
        -20
        -12
        -33
         -2
        -11
        -10
        -46
        -10
          6
         -8
        -16
        -13
        -15
        -18
         -9
        -16
         -1
         11
        -38
          1
         -6
         -1
         -1
        -14
         -2
        -38
         -2
        -24
        -26
         11
        -31
         72
        -32
         -8
         -4
         -1
         -6
        -10
         52
          3
        -12
         13
        -19
          9
         -4
         -2
        -13
        -22
        -11
        -25
         -3
          1
         -3
         -1
         -2
        -32
         -1
         14
         -7
        -45
        -17
         39
        -11
        -20
         -1
        -28
        -31
          2
         22
         -2
        -26
          7
         11
         19
        -26
        -14
        -45
        -27
        -20
        -31
         -5
         17
        -72
         -2
          0
          0
          1
         -2
         -8
        -20
          0
          0
          0
          0
        -12
         11
        -11
          7
          9
          0
        -31
         -8
         56
        -31
         -9
         11
         -3
        -15
         16
         -2
        -17
         -5
          2
        -58
         11
         -5
         -4
         -1
         -6
        -23
         -2
         30
        -19
        -23
         16
         -1
          2
          9
         -3
         23
        -11
         -1
         -2
         12
          0
        -24
          5
         -8
          0
         43
         12
          3
          0
         38
         -4
         51
          7
         -1
        -13
          0
          5
        -14
          2
        -49
          6
        -29
        -42
         -4
         16
          0
        -14
        -30
         13
          0
         32
        -13
        -34
        -22
        -10
         12
        -13
        -16
        -19
        -16
        -27
        -19
         -5
        -22
        -45
         -4
        -32
          0
         -4
         10
         -1
         -3
        -15
        -32
        -11
         23
        -34
        -44
          5
          2
        -32
          0
        -71
          1
          2
         11
          4
        -11
         -6
        -28
        -34
          2
         11
        -62
         -1
        -43
        -11
         -6
         21
         -1
         -4
        -16
         -7
         40
          3
         14
         22
        -32
         16
        -15
         13
         21
         26
         -1
         13
         -3
         11
        -22
        -14
        -15
         -2
         21
         31
        -11
         -9
         70
          8
         18
          5
          0
        -23
         -1
         -4
          4
          1
        -36
        -12
        -41
          2
        -40
         11
         22
         -2
         26
          2
          0
         23
          8
        -13
        -31
         -6
        -10
         14
         -5
         13
         24
         -6
         17
         -6
         16
         11
         -1
        -12
          0
          5
        -18
          5
        -31
         -4
        -44
          7
          5
         28
        -32
         25
        -20
         16
          0
         55
          0
        -52
        -23
         -2
         23
         13
        -70
        -24
        -10
        -10
         31
          4
         -5
          8
          0
        -35
          0
          1
          4
         -2
         27
         -5
        -13
          2
        -22
         11
        -40
        -18
         12
         -4
         -1
        -66
         -1
        -30
        -13
         -7
        -10
          6
        -20
         14
         18
        -12
        -43
          3
        -35
        -16
         -8
         -5
         -1
          4
          0
         -2
         68
          5
        -58
        -29
        -20
          0
        -38
         11
        -13
          6
         -1
        -52
          4
          4
         -2
        -13
         -8
         -8
         11
         -9
         -2
          8
        -19
         -4
         25
        -25
         -3
        -24
         -1
          4
          2
         -3
         44
        -13
        -24
        -25
        -40
         31
        -47
        -13
         -4
          3
         -1
        -49
         -9
         -8
          2
         -4
        -10
        -18
        -31
         -8
         -6
        -41
        -35
         -2
         -6
        -48
         -4
         -1
         -1
         -3
        -10
         -3
         47
        -19
        -28
        -17
         -3
        -26
         35
        -50
          0
        -30
          0
        -54
         -1
         52
          3
         -8
          4
        -30
         48
        -41
          2
        -18
        -59
         -8
        -19
         -6
         -8
         31
         -1
          5
        -44
         -2
         21
          8
        -13
        -16
         -1
         26
          6
         29
         -4
         20
          0
         31
         -5
         48
         18
        -10
          1
         -4
        -29
         28
        -25
         -3
         50
         -4
         18
        -21
          4
        -22
          0
         -3
         -4
          0
          6
        -11
        -76
          0
          0
          0
          0
          0
          0
          0
          0
          0
          0
          0
          0
          0
          0
          0
          0
          0
          0
          0
          0
          0
          0
          0
          0
          0
          0
          0
          0
          0
          0
          0
          0
